70.765067,0.322810,-19.326069,140.617557
68.278579,0.323635,-19.403284,146.733816
66.967115,0.327718,-19.443795,148.181603
70.742200,0.320102,-19.321656,140.743272
71.542213,0.321411,-19.296594,139.827526
68.858368,0.327559,-19.379338,144.117556
68.744217,0.321337,-19.389171,146.075298
68.571196,0.325382,-19.385998,145.506580
66.921969,0.331952,-19.439482,147.758731
71.955861,0.331397,-19.285065,138.292394
66.554766,0.331927,-19.454447,149.683008
69.962050,0.322698,-19.346408,143.082770
68.949814,0.318663,-19.379290,145.455879
69.358662,0.335995,-19.359106,143.002583
66.252279,0.334444,-19.469139,149.769421
70.230406,0.334253,-19.337383,141.828937
68.350956,0.333745,-19.394544,146.116963
66.152596,0.323850,-19.468550,150.602050
68.737723,0.321583,-19.385914,146.453417
70.270325,0.326035,-19.335699,142.112459
69.930023,0.307151,-19.352218,143.898234
68.498475,0.320508,-19.388123,146.695556
69.324931,0.315116,-19.368659,145.855374
69.980100,0.320613,-19.342458,143.367028
67.282213,0.334600,-19.427886,147.841821
67.944361,0.330295,-19.411823,146.993717
70.048214,0.324515,-19.345621,142.374609
66.914758,0.326272,-19.445012,148.689576
70.321752,0.323948,-19.338312,142.402414
67.684899,0.328029,-19.420309,147.211428
70.550170,0.334093,-19.333647,140.462905
67.393572,0.325476,-19.424894,148.289864
70.048540,0.341728,-19.339440,141.281727
69.682000,0.329153,-19.353650,143.627217
69.675866,0.318343,-19.351246,144.833658
66.306518,0.320861,-19.461186,151.673454
69.295020,0.325403,-19.363955,144.494338
68.166989,0.326474,-19.402821,146.651145
68.541230,0.323454,-19.394642,146.620546
70.791991,0.338329,-19.316174,140.290651
69.770618,0.334975,-19.349521,142.469692
68.733031,0.314198,-19.389339,145.894222
69.311368,0.329098,-19.368391,144.045052
70.666307,0.311108,-19.331339,142.412192
70.109624,0.325977,-19.342253,142.724489
69.643360,0.325147,-19.359199,144.245599
65.634637,0.329634,-19.477910,152.894314
69.380864,0.323404,-19.362436,144.054868
68.459628,0.311833,-19.400050,147.954065
68.822785,0.320306,-19.387390,145.081686
67.851329,0.337287,-19.409185,145.707995
66.585091,0.327278,-19.453160,150.374313
68.480447,0.316312,-19.397937,146.677603
68.526502,0.324426,-19.386155,146.448923
68.958001,0.324151,-19.381558,145.315616
70.610151,0.330243,-19.322683,140.715556
69.060824,0.314255,-19.375374,146.540711
68.454407,0.319259,-19.391845,146.902026
68.121418,0.325881,-19.404459,147.209537
70.619720,0.320192,-19.321738,141.650499
68.685768,0.315816,-19.387636,146.376931
68.160124,0.323203,-19.404616,146.646889
67.718923,0.324399,-19.419250,147.954647
68.592082,0.314453,-19.385612,146.774081
67.626352,0.328529,-19.423869,147.061093
68.496174,0.338218,-19.393716,145.364140
70.347924,0.327925,-19.337202,141.427423
69.672675,0.330847,-19.358715,142.904631
68.155308,0.327848,-19.404847,146.486186
68.035452,0.324472,-19.403170,147.060763
68.458886,0.328894,-19.392229,145.284957
67.698204,0.328941,-19.415000,147.331138
69.820373,0.319253,-19.342509,143.155825
70.350990,0.318055,-19.334263,142.681312
69.732266,0.326592,-19.349172,142.975639
67.292127,0.334615,-19.427331,148.152554
69.806281,0.329217,-19.348144,142.825004
70.580897,0.316526,-19.327388,142.919392
68.484685,0.328782,-19.394901,145.100542
68.799695,0.335862,-19.379591,144.548517
68.878473,0.337154,-19.376452,143.878735
69.569131,0.304977,-19.365830,145.988977
68.929181,0.316735,-19.381054,146.415274
69.213744,0.322171,-19.372582,144.498875
68.846661,0.325919,-19.380848,145.197040
67.312765,0.318107,-19.431972,149.679190
67.210868,0.329172,-19.432517,148.621598
67.755175,0.331301,-19.409660,147.291714
69.377490,0.328424,-19.368066,144.761312
67.500580,0.314185,-19.427958,148.676914
70.046536,0.330577,-19.343864,142.486239
67.444109,0.330636,-19.425660,147.716796
69.026683,0.330111,-19.371638,144.796412
68.811518,0.319993,-19.383946,145.372436
69.337616,0.327418,-19.362728,144.175217
69.820719,0.330183,-19.353238,141.926131
68.995504,0.324652,-19.377649,144.910813
69.578565,0.325738,-19.358679,144.043712
69.347716,0.319161,-19.366599,145.551210
69.402349,0.319713,-19.364056,145.047530
68.179326,0.313079,-19.398795,147.478345
67.804765,0.315644,-19.415063,148.493180
68.769392,0.317919,-19.387367,146.646428
70.064766,0.329211,-19.338272,142.003202
67.780395,0.330470,-19.413682,146.468940
68.700498,0.334333,-19.384449,144.880512
70.105798,0.323037,-19.340235,142.286003
66.082984,0.329687,-19.470807,150.866060
68.575697,0.337460,-19.389940,144.040471
68.357088,0.334385,-19.397451,145.140496
68.197186,0.321953,-19.408426,147.288949
68.259761,0.324878,-19.404165,146.652628
69.167210,0.323335,-19.365885,144.498090
69.249358,0.317728,-19.365200,144.534696
67.770060,0.331478,-19.415228,146.591627
67.155494,0.332555,-19.430493,149.018991
69.521577,0.324679,-19.356266,143.475201
70.622740,0.332800,-19.327991,141.036616
68.415110,0.323001,-19.389898,145.313980
66.569035,0.330669,-19.445195,149.243728
68.812268,0.327798,-19.384452,143.854165
68.434564,0.321827,-19.398070,146.473252
69.601075,0.330100,-19.355147,142.971922
68.182461,0.326377,-19.407458,146.358356
69.490095,0.336229,-19.356364,142.987117
68.792874,0.322164,-19.380903,145.347734
68.100272,0.327024,-19.403454,146.909634
68.465872,0.322908,-19.393552,145.889504
68.458454,0.321039,-19.398364,146.191527
70.805956,0.323058,-19.320893,140.448480
69.054962,0.318235,-19.376846,145.358567
66.019041,0.333042,-19.467417,150.813810
70.591291,0.332562,-19.325678,140.542160
69.766391,0.323475,-19.353875,142.760201
69.133779,0.332731,-19.367376,144.133952
69.998840,0.314527,-19.352636,144.033887
70.410530,0.330851,-19.336298,141.662276
71.801541,0.319300,-19.293736,140.528837
66.942772,0.323686,-19.442249,149.165742
70.613719,0.329464,-19.328119,141.613430
70.727578,0.327926,-19.315655,141.471273
68.256674,0.326876,-19.398786,146.126220
70.899831,0.320545,-19.317729,142.047690
70.162613,0.319576,-19.336895,142.471514
70.385808,0.334057,-19.335933,140.940618
70.000822,0.327966,-19.338719,142.269678
70.515919,0.327162,-19.326260,141.874230
67.727720,0.335193,-19.416852,145.938239
65.013927,0.336643,-19.496258,151.878850
68.402064,0.337259,-19.387200,144.768013
68.474163,0.327031,-19.394217,145.857834
67.670134,0.319846,-19.421397,148.416491
69.311553,0.322411,-19.370089,144.389025
69.044823,0.319369,-19.378000,144.487161
65.231048,0.331585,-19.493604,153.458419
66.767223,0.334122,-19.441245,149.155414
68.143698,0.330777,-19.402314,146.101542
70.036306,0.329361,-19.341456,142.947986
67.709436,0.332557,-19.414111,146.429078
69.081274,0.325196,-19.373061,144.119420
67.081466,0.319635,-19.437135,149.183160
66.683812,0.331897,-19.443209,148.541584
68.466675,0.324545,-19.402527,145.595239
68.429219,0.321861,-19.397229,146.253067
69.896856,0.313530,-19.349702,144.030060
70.280791,0.327725,-19.336057,141.663620
67.777953,0.329158,-19.412720,146.799330
67.986334,0.336891,-19.400982,146.179874
70.534069,0.332548,-19.329399,140.674636
66.929439,0.317974,-19.443729,149.997284
69.363857,0.319850,-19.366044,144.561542
66.044459,0.326807,-19.469430,151.332566
69.734472,0.325071,-19.350817,143.653357
70.776173,0.324736,-19.322312,140.829231
68.874397,0.328483,-19.378873,145.420423
69.496848,0.325552,-19.361770,144.538342
70.131910,0.335449,-19.342014,141.925086
70.148303,0.316754,-19.340337,142.810239
67.635201,0.326615,-19.415792,147.600011
71.826798,0.323207,-19.289858,140.057091
69.237991,0.331178,-19.363832,143.806979
69.919114,0.319431,-19.350955,143.027659
66.371230,0.316592,-19.466346,151.792196
68.582505,0.323798,-19.387246,146.372668
68.153428,0.338524,-19.396943,145.366573
67.311802,0.321500,-19.435805,149.046627
67.759929,0.324488,-19.411999,147.155775
65.985183,0.334838,-19.467986,149.980873
71.187753,0.328391,-19.309257,139.480437
68.699805,0.329461,-19.384224,145.229536
69.692638,0.320840,-19.360720,144.316827
67.634875,0.323712,-19.416318,147.503906
68.757949,0.330093,-19.388222,144.533871
68.853081,0.315287,-19.382798,146.042662
67.844608,0.322544,-19.411799,147.454273
69.819262,0.338702,-19.358933,142.152323
66.903226,0.330974,-19.442083,150.143800
69.516180,0.320599,-19.362785,144.799077
68.149758,0.337625,-19.393476,145.329593
69.270492,0.309878,-19.371982,145.482265
69.772574,0.333711,-19.344073,143.000623
69.883741,0.323473,-19.351338,142.785927
68.580865,0.324244,-19.394244,146.125735
65.710361,0.338062,-19.475533,151.381424
69.808073,0.312068,-19.356360,144.628613
69.302439,0.325872,-19.368973,143.933412
67.485677,0.320155,-19.425321,148.856267
71.321460,0.323449,-19.306804,140.485076
69.853201,0.328893,-19.351599,142.566011
66.598447,0.322599,-19.443610,149.986861
69.368644,0.318509,-19.369426,144.259935
69.756956,0.331155,-19.345625,142.835676
68.174161,0.331323,-19.398188,146.251625
68.534489,0.317096,-19.396699,147.110171
68.615561,0.329749,-19.380101,144.596883
69.378288,0.336509,-19.359914,142.936775
70.143091,0.316858,-19.341020,143.300323
69.340935,0.321333,-19.363662,144.200532
66.677555,0.336443,-19.443698,148.476764
71.516058,0.317697,-19.301374,141.514025
69.309601,0.333110,-19.358846,143.751190
67.258837,0.336757,-19.428719,146.782219
67.628316,0.312446,-19.424645,148.549368
66.598059,0.326835,-19.451355,149.722326
68.235243,0.324816,-19.403574,146.292614
68.912865,0.313653,-19.389018,145.680898
68.461854,0.324341,-19.393235,145.792119
69.122380,0.330561,-19.365828,143.729004
69.336240,0.331074,-19.364444,143.076105
67.463038,0.323314,-19.429598,148.080642
71.794351,0.305876,-19.298635,140.489674
67.278703,0.339679,-19.421675,147.137704
67.766190,0.330096,-19.422211,146.814210
69.528731,0.326898,-19.352447,143.084721
68.211435,0.323644,-19.406745,147.316138
67.700024,0.335432,-19.413957,146.602670
68.044814,0.317544,-19.410986,147.237590
71.489510,0.317099,-19.303142,140.044583
67.247124,0.333812,-19.433745,147.360458
67.819153,0.334373,-19.407938,147.216143
69.236272,0.335947,-19.367317,143.612857
70.965250,0.325014,-19.311345,141.314104
68.946083,0.321805,-19.384910,145.378384
69.164150,0.313191,-19.375763,145.964099
69.790472,0.319710,-19.356272,144.113343
69.362375,0.329585,-19.367815,143.616145
68.290840,0.324771,-19.404098,146.600756
68.769078,0.329903,-19.384389,144.995973
67.020399,0.338183,-19.432571,147.764823
67.835113,0.344135,-19.410722,145.501259
68.484536,0.329346,-19.390559,145.281326
69.347997,0.324386,-19.362734,143.273554
68.993944,0.315993,-19.381143,145.821415
67.948028,0.322214,-19.406449,147.823520
69.459919,0.329862,-19.360827,143.217517
66.839422,0.338891,-19.441938,147.933225
69.556243,0.323908,-19.360552,143.522005
70.355891,0.316037,-19.330129,142.274994
68.982543,0.322455,-19.374259,145.382266
67.973302,0.318652,-19.409361,148.415604
66.689546,0.335402,-19.455152,149.150673
66.749820,0.331361,-19.446312,148.049091
68.530369,0.322705,-19.397203,145.737361
68.337167,0.326553,-19.399713,145.951194
67.121408,0.330423,-19.430473,148.489569
70.766164,0.324832,-19.320792,141.459606
67.528265,0.341213,-19.417400,146.286635
71.236829,0.328491,-19.307336,139.503578
67.765088,0.332323,-19.417067,146.177571
68.159582,0.325562,-19.398061,146.163901
70.459092,0.327007,-19.332366,141.734701
67.247966,0.331919,-19.427124,147.718407
67.469565,0.320374,-19.429410,147.866593
67.417869,0.334166,-19.422419,147.215760
68.325637,0.325081,-19.403987,146.676605
70.160696,0.327676,-19.338012,142.399736
68.853436,0.315279,-19.389615,144.819890
67.307792,0.323822,-19.427142,148.176073
69.868234,0.323790,-19.346559,143.012917
69.452226,0.326984,-19.359310,143.606097
67.564648,0.333777,-19.424572,147.491329
69.892743,0.328289,-19.347145,143.280873
69.659098,0.316693,-19.358598,144.831205
70.031563,0.320977,-19.345467,142.628658
68.689834,0.327027,-19.381917,144.888729
67.072954,0.328865,-19.438438,148.742134
67.600668,0.322383,-19.426185,146.458624
66.237059,0.334559,-19.454711,149.993248
69.043505,0.329558,-19.373474,144.605519
68.124765,0.329716,-19.399223,145.932998
68.608968,0.320314,-19.388330,146.536206
68.595283,0.334564,-19.384559,144.577736
70.007465,0.323399,-19.348380,143.228936
67.475081,0.315090,-19.430468,149.561880
69.915876,0.330209,-19.342626,142.370833
67.088016,0.329248,-19.436139,148.641494
68.996255,0.325387,-19.378210,145.475544
67.794165,0.315455,-19.424484,148.375592
72.888921,0.322973,-19.249087,137.724114
67.827353,0.324866,-19.410357,147.574167
69.434642,0.325935,-19.363276,143.766277
69.768039,0.325627,-19.355770,143.177527
67.867214,0.329471,-19.413811,147.250493
65.723094,0.330924,-19.485566,152.447379
69.463736,0.313756,-19.363349,144.507498
70.732809,0.328787,-19.320688,141.176242
71.387801,0.325163,-19.305257,139.141082
69.130939,0.317929,-19.377734,145.501676
69.022249,0.324845,-19.374868,145.802357
67.868640,0.327843,-19.406302,146.937488
66.852328,0.318378,-19.449826,150.115908
67.985206,0.329640,-19.406206,145.845996
70.445201,0.327925,-19.330924,141.303950
66.958693,0.323199,-19.437345,149.393937
70.315144,0.327138,-19.333372,141.868243
68.730983,0.329709,-19.387259,145.387945
70.421749,0.322710,-19.334479,141.334204
69.416211,0.326062,-19.360745,143.819381
70.600000,0.319611,-19.324422,141.486537
67.725884,0.324240,-19.412636,148.230904
68.239706,0.332750,-19.403631,146.171535
69.255690,0.320351,-19.370026,145.462452
71.148299,0.310011,-19.314425,141.742605
69.915878,0.302755,-19.354446,144.493822
68.696162,0.328294,-19.384946,144.947123
68.469593,0.331916,-19.382372,145.572571
69.653015,0.328852,-19.360563,143.252136
68.006359,0.328807,-19.402813,146.793115
68.375878,0.332661,-19.396948,145.808056
68.672330,0.324268,-19.389330,145.985978
69.409991,0.318337,-19.363345,144.580587
66.174495,0.336543,-19.458696,149.774286
70.303555,0.325144,-19.341002,142.174101
68.250939,0.317596,-19.407321,147.320965
69.533912,0.325512,-19.360944,143.700033
70.980147,0.328802,-19.315775,140.351853
67.822042,0.322281,-19.417745,147.705867
68.013191,0.325359,-19.408366,147.323052
68.725671,0.326790,-19.380367,145.145734
69.580049,0.330275,-19.359590,143.561730
69.068004,0.321968,-19.377994,143.713179
69.205605,0.327217,-19.371205,144.407252
66.971617,0.329625,-19.438665,149.753587
67.575709,0.324264,-19.421573,148.152105
68.892607,0.315016,-19.378492,145.250761
71.678351,0.323208,-19.296036,139.984358
71.462846,0.318221,-19.306879,139.697834
70.851672,0.315435,-19.323201,142.130539
69.777487,0.326914,-19.353266,144.063871
67.635806,0.324750,-19.416924,148.112931
67.537995,0.328364,-19.426498,146.883815
67.567324,0.323325,-19.422914,147.790970
69.695883,0.315340,-19.354815,144.797910
66.703062,0.323784,-19.447557,150.188307
69.217361,0.330182,-19.365804,144.587856
67.976686,0.325000,-19.407143,147.025601
70.767378,0.330808,-19.312084,140.277934
70.682016,0.322393,-19.325550,141.576356
70.292142,0.327724,-19.333031,141.510841
68.861249,0.327295,-19.374420,144.264025
67.532243,0.331119,-19.420482,147.114199
69.996602,0.329425,-19.348481,142.942189
69.980135,0.314012,-19.353462,143.645428
69.778803,0.323118,-19.346861,143.638648
67.621685,0.324847,-19.418003,147.652434
69.997226,0.317284,-19.348193,143.289421
67.248939,0.327862,-19.435202,149.310595
68.889279,0.319490,-19.381343,145.486805
67.215414,0.337086,-19.427852,147.775834
69.675914,0.313046,-19.361221,144.979228
71.222194,0.326045,-19.307021,139.835076
68.340337,0.320509,-19.396813,146.584604
69.319047,0.327802,-19.368343,143.402074
68.705178,0.320627,-19.385187,146.182124
70.682524,0.328572,-19.326302,139.911317
66.652907,0.332612,-19.451851,148.832330
69.055943,0.335770,-19.372471,144.330857
71.122836,0.328147,-19.314412,140.551869
69.529167,0.318573,-19.369669,143.945514
68.952466,0.330112,-19.381431,144.924807
66.244814,0.328772,-19.458812,150.628401
67.538016,0.320113,-19.425267,148.512786
70.369375,0.321382,-19.335539,141.773631
69.035456,0.329473,-19.379665,144.725178
67.762517,0.321218,-19.416237,147.529813
69.989764,0.317011,-19.351820,143.367849
68.714944,0.315725,-19.395088,146.240702
69.326732,0.321139,-19.366781,145.150627
69.958677,0.318595,-19.344478,143.929560
68.634092,0.314891,-19.385559,146.859759
70.994614,0.326525,-19.309057,140.404732
68.600830,0.310319,-19.397127,146.938523
69.646179,0.319531,-19.352420,144.459404
69.029926,0.320315,-19.375239,145.809640
71.705023,0.324474,-19.288824,139.467752
65.767633,0.327560,-19.475769,151.221014
68.052479,0.341688,-19.394930,145.820106
69.641377,0.316432,-19.356515,144.348857
69.643321,0.323886,-19.358286,144.352294
69.099882,0.334168,-19.360624,143.441290
69.483376,0.322703,-19.361485,143.660034
71.139604,0.320489,-19.308401,140.541903
68.070997,0.331465,-19.408977,145.793468
68.361625,0.325203,-19.394921,146.903625
68.524082,0.328631,-19.394515,145.317326
68.408923,0.328781,-19.393316,146.159289
69.762872,0.316532,-19.355086,144.017316
70.032957,0.331787,-19.338162,142.239177
67.708283,0.332363,-19.417330,146.930738
69.650032,0.314511,-19.362298,144.478126
70.104013,0.319743,-19.346168,142.890619
68.014991,0.324584,-19.414423,147.440041
69.798650,0.341200,-19.345417,141.893272
69.359621,0.310317,-19.360234,145.323430
69.774498,0.317826,-19.355080,143.604284
67.514624,0.323577,-19.429697,147.490940
66.607610,0.341445,-19.448397,148.304087
67.778036,0.322733,-19.416890,147.395401
68.652714,0.326233,-19.386537,145.125190
68.098149,0.338601,-19.406072,145.781792
66.748762,0.338955,-19.443546,147.442527
67.620717,0.321655,-19.421827,148.062257
68.374759,0.316985,-19.397750,145.950614
69.657226,0.321341,-19.356978,144.007030
69.330442,0.328034,-19.367840,143.291079
69.195826,0.315454,-19.368948,144.806282
69.254026,0.319965,-19.375574,144.364792
67.703769,0.322081,-19.420764,148.011216
68.299657,0.331452,-19.398656,145.667089
68.885683,0.333946,-19.373836,145.017520
69.180653,0.315581,-19.368031,145.419690
65.673726,0.327098,-19.485057,152.109179
69.990054,0.324846,-19.345194,142.944311
66.531703,0.326655,-19.452500,149.710460
70.540077,0.319007,-19.331924,141.602328
66.933107,0.322970,-19.442496,149.279337
67.328081,0.330003,-19.421578,147.798303
67.144462,0.318438,-19.434461,149.902517
68.113814,0.322003,-19.406006,147.326406
67.558741,0.321103,-19.428815,148.592920
69.944941,0.319401,-19.348422,144.151503
69.779598,0.328401,-19.346897,142.661007
70.326325,0.331065,-19.340364,141.347227
67.715081,0.321497,-19.419468,148.198409
69.840442,0.332278,-19.348482,142.290524
68.598157,0.321500,-19.390793,146.019010
70.418694,0.316920,-19.335146,142.644030
69.423183,0.327141,-19.362937,143.815114
67.368393,0.338937,-19.422431,148.282046
69.015150,0.317347,-19.375987,145.692576
69.934386,0.323761,-19.343730,143.262619
69.828591,0.329223,-19.344520,141.985233
68.823905,0.337584,-19.371131,144.044450
67.685511,0.311042,-19.422409,148.793549
70.132410,0.315966,-19.344491,143.088956
68.191252,0.330588,-19.405502,145.569908
69.049306,0.329005,-19.377611,144.701494
67.178037,0.328313,-19.433128,148.449729
67.460775,0.322027,-19.428917,148.290221
66.916088,0.338777,-19.439771,147.432812
68.296403,0.330526,-19.398873,145.701072
66.258807,0.324737,-19.467359,150.756896
67.026149,0.323450,-19.445803,148.603564
68.853789,0.327204,-19.382855,145.143817
69.793145,0.325513,-19.345619,142.414694
69.208856,0.314029,-19.378658,145.035271
67.953601,0.318824,-19.414839,147.790315
68.200549,0.316987,-19.406101,147.300507
70.248323,0.330176,-19.336671,142.143348
69.146100,0.323175,-19.373568,144.723670
68.195639,0.312402,-19.410781,147.487023
66.312680,0.324828,-19.468989,151.005886
68.730922,0.327801,-19.383374,145.468656
67.847730,0.329913,-19.411898,146.209424
69.953566,0.318512,-19.352990,143.086672
70.393342,0.319645,-19.336823,142.163443
68.644379,0.328129,-19.385335,145.396245
68.763554,0.328465,-19.385080,145.275159
69.326545,0.325776,-19.370531,144.654615
69.902525,0.317549,-19.350751,144.093835
68.938514,0.325575,-19.378979,145.645693
71.562323,0.330524,-19.296705,139.442796
71.110005,0.325369,-19.314610,140.145911
69.637206,0.325250,-19.356466,144.095693
67.343333,0.339581,-19.424149,147.133977
64.882599,0.324253,-19.511109,153.401710
69.888868,0.334753,-19.347301,142.546264
70.928205,0.310094,-19.321373,142.408519
66.190223,0.332362,-19.459822,150.812042
70.095410,0.321303,-19.340047,142.858989
70.308811,0.319290,-19.338536,143.001020
68.844071,0.324508,-19.382716,145.365902
68.616470,0.328989,-19.380997,145.472603
67.999892,0.316210,-19.411412,147.638414
69.172483,0.326706,-19.361002,143.927549
66.787036,0.325063,-19.447262,149.713512
64.934822,0.324394,-19.516876,153.876329
66.654800,0.325310,-19.449637,150.663416
69.172885,0.322155,-19.374560,144.487774
68.900275,0.332524,-19.375569,143.954635
67.517653,0.326092,-19.424030,147.651269
68.651603,0.322383,-19.380850,145.605291
67.267667,0.326405,-19.438318,148.237061
69.608222,0.333686,-19.359117,143.012112
67.926336,0.333122,-19.405754,146.600195
67.916337,0.330866,-19.412355,146.301180
70.285529,0.320664,-19.337927,142.682720
67.293987,0.322589,-19.428987,148.980904
69.075785,0.329469,-19.379722,145.161424
68.651275,0.311981,-19.389053,146.547760
69.096289,0.320689,-19.376689,145.371526
67.883941,0.315599,-19.416647,148.239336
68.540241,0.322903,-19.384699,145.834979
69.173599,0.313993,-19.376948,145.431719
70.886471,0.321952,-19.323592,141.472519
70.651818,0.323692,-19.326030,141.345187
69.851504,0.319740,-19.343186,143.609396
69.798703,0.327832,-19.346485,142.900664
69.635761,0.326106,-19.362935,142.909850
68.262746,0.312148,-19.404797,147.608958
68.005337,0.324321,-19.405932,147.053941
69.052516,0.328184,-19.380392,144.530177
70.250307,0.324514,-19.336729,141.883353
68.534972,0.324735,-19.392651,145.979496
69.800044,0.333136,-19.345787,142.308943
68.106006,0.328579,-19.402934,146.973250
70.612873,0.320519,-19.332409,142.323421
68.188127,0.314862,-19.401912,147.603226
68.244421,0.335062,-19.398806,145.518714
69.217850,0.325187,-19.369233,144.702281
68.927779,0.323093,-19.375699,145.712726
68.251823,0.317100,-19.401195,147.590219
68.022726,0.335578,-19.403106,146.296921
71.031266,0.320152,-19.318556,140.318378
66.837331,0.316929,-19.450909,150.018505
67.471175,0.321236,-19.423936,148.710503
66.689388,0.321690,-19.448322,149.970355
66.185915,0.322800,-19.464646,151.364702
69.258527,0.318550,-19.369360,144.893736
70.379068,0.316174,-19.344733,142.337893
65.866777,0.330512,-19.478189,151.036976
69.175040,0.322740,-19.375562,145.038811
67.673793,0.323252,-19.414437,147.247065
67.357132,0.331359,-19.432524,148.026368
67.922603,0.332048,-19.405363,146.057202
68.594432,0.333895,-19.387281,145.225586
71.269713,0.328783,-19.301582,140.326803
66.993203,0.330572,-19.449257,148.706390
69.653815,0.322051,-19.359193,144.517986
65.968387,0.320300,-19.476338,151.935646
69.064782,0.324830,-19.380836,145.148438
69.431622,0.326974,-19.360202,143.735541
67.960201,0.325826,-19.409319,147.211022
65.521319,0.319900,-19.489362,152.721833
69.892906,0.327903,-19.347940,142.875775
69.067969,0.318486,-19.373914,144.834973
69.576977,0.333602,-19.348743,142.311185
68.455163,0.337429,-19.388380,145.008897
68.285814,0.323023,-19.403348,146.194829
70.381749,0.320593,-19.339973,142.179414
68.350980,0.315018,-19.393805,146.577153
68.349231,0.332363,-19.399852,145.461400
69.323396,0.327192,-19.362893,143.857153
70.257254,0.324455,-19.335644,142.262901
67.760722,0.331221,-19.404833,146.740262
68.609439,0.332293,-19.386118,145.149983
70.925412,0.317774,-19.316826,141.755885
69.108553,0.320205,-19.374635,144.648930
65.099568,0.332328,-19.498398,153.449017
69.026519,0.326090,-19.366451,144.194115
68.705114,0.320566,-19.383806,145.969347
70.582798,0.323448,-19.331781,142.647043
68.753869,0.324837,-19.381976,145.497481
67.922284,0.316266,-19.411855,148.563392
69.393084,0.323620,-19.360762,144.113518
66.959629,0.326465,-19.434446,149.508752
68.240160,0.316816,-19.405040,147.164239
68.864860,0.323908,-19.381616,145.959312
70.848230,0.315858,-19.316645,141.717125
68.300570,0.323882,-19.400549,146.892851
69.840598,0.319694,-19.351304,143.519397
67.731464,0.334210,-19.419604,146.894977
69.422298,0.339420,-19.357269,142.477759
67.171712,0.329263,-19.436826,149.011849
66.825132,0.328483,-19.448324,149.028986
69.530085,0.323628,-19.360918,143.399472
70.200911,0.338065,-19.339853,141.520341
68.944382,0.327211,-19.382334,144.872843
66.142004,0.336284,-19.464043,150.139528
69.151662,0.328966,-19.372199,143.509623
68.063366,0.326011,-19.403191,146.288609
66.719181,0.337743,-19.445521,148.562691
66.353765,0.331153,-19.453005,150.500205
67.636405,0.319232,-19.424325,147.950240
69.674450,0.325514,-19.351402,142.806079
69.403673,0.320464,-19.368684,144.084599
68.577875,0.321408,-19.390946,146.029764
69.786966,0.340191,-19.347752,142.211502
67.477302,0.324808,-19.431638,148.482842
69.490768,0.329146,-19.359617,143.356447
69.920505,0.312805,-19.355930,144.061987
69.631336,0.336355,-19.355639,142.341221
68.192639,0.332879,-19.402262,145.432367
71.785411,0.321900,-19.294039,139.629284
68.820318,0.334000,-19.377181,144.270618
67.696708,0.324286,-19.417418,148.253143
70.284987,0.320153,-19.336294,143.434740
70.934934,0.319254,-19.317873,141.873828
67.505650,0.325313,-19.426975,147.965895
69.609068,0.321351,-19.358856,143.623324
70.558593,0.313898,-19.330431,142.026742
68.860569,0.334731,-19.376489,144.821682
69.190856,0.317489,-19.368864,145.599512
71.037324,0.312464,-19.312605,141.949485
69.469994,0.329375,-19.356464,143.408324
69.030395,0.306550,-19.382113,146.248401
67.317939,0.315994,-19.437110,149.039936
71.309445,0.328100,-19.298803,139.773066
69.752376,0.328879,-19.348287,142.506170
68.876143,0.327065,-19.381366,144.977302
69.651639,0.316330,-19.361645,143.614771
66.865828,0.327724,-19.449444,149.011281
69.668533,0.337245,-19.350236,142.330426
68.810000,0.331767,-19.383120,144.154359
67.690138,0.320536,-19.421924,148.133399
69.389117,0.325606,-19.371894,143.402240
70.086294,0.333645,-19.343753,141.568576
68.905752,0.329746,-19.376701,145.274320
70.185316,0.315945,-19.344589,142.723461
69.474654,0.330742,-19.358992,142.960157
68.214137,0.322950,-19.406359,146.514046
67.314068,0.330833,-19.432980,148.646523
68.103231,0.315843,-19.406684,148.567230
69.997505,0.314672,-19.352992,143.115770
68.034092,0.331633,-19.403705,146.325843
68.480845,0.328990,-19.393832,145.030263
64.748150,0.343685,-19.512730,152.596156
70.061176,0.326544,-19.342476,142.913847
67.123973,0.324248,-19.443394,149.249294
68.758423,0.333925,-19.376353,145.024863
67.230202,0.334109,-19.434283,147.175318
69.074647,0.319679,-19.375668,143.359108
70.292330,0.322664,-19.330966,142.392374
68.598751,0.318835,-19.385810,145.769023
68.257150,0.339700,-19.402015,145.012434
69.088112,0.312578,-19.375294,145.961282
70.320424,0.310383,-19.342876,143.536073
69.775109,0.316515,-19.349978,143.579436
66.897558,0.338864,-19.438366,148.274905
69.676743,0.318078,-19.349476,144.257952
68.301695,0.313722,-19.404835,146.701796
68.857452,0.328706,-19.381249,144.869609
68.851372,0.320701,-19.386122,146.056761
69.091419,0.323594,-19.375642,144.585349
68.446144,0.316600,-19.393472,146.513589
68.777806,0.315359,-19.385956,145.983529
71.090986,0.309249,-19.314606,142.191102
70.199599,0.326688,-19.342090,141.908746
68.556962,0.316097,-19.388571,146.778790
68.789555,0.337990,-19.378844,144.594313
67.956539,0.316565,-19.414580,148.070774
67.734213,0.336551,-19.411874,146.840249
69.380155,0.325444,-19.362416,143.739769
68.410689,0.327937,-19.393334,145.611516
69.870639,0.326820,-19.351250,142.708316
69.040431,0.325161,-19.377849,144.671077
66.344104,0.328924,-19.463662,149.385452
70.619423,0.332452,-19.322793,140.907559
69.111348,0.336023,-19.370095,143.430895
70.442256,0.332675,-19.323846,140.729951
72.116149,0.327996,-19.274903,137.406345
68.841646,0.331155,-19.383614,144.689413
70.913196,0.324057,-19.317260,141.357460
68.494339,0.317478,-19.395390,145.872488
68.486539,0.330713,-19.393433,145.097456
68.918173,0.326024,-19.385303,144.450323
66.868428,0.322462,-19.453127,150.107107
68.556667,0.341835,-19.383338,144.322514
66.687657,0.325446,-19.452744,150.080449
69.341878,0.322860,-19.369023,143.344530
67.147771,0.319657,-19.438040,149.030550
70.216773,0.316873,-19.340173,142.476792
67.315032,0.333810,-19.425346,147.490389
69.577977,0.323525,-19.355047,143.648853
70.086263,0.328198,-19.343453,141.530622
69.429882,0.318733,-19.364357,144.812143
67.578991,0.324833,-19.418571,148.013120
69.284116,0.320336,-19.374766,144.731392
68.595891,0.335180,-19.382764,145.288568
68.160243,0.326035,-19.400122,146.835224
67.570600,0.322973,-19.421947,148.052731
67.907642,0.321465,-19.407188,147.492502
69.826064,0.320620,-19.350695,143.411551
67.742651,0.329411,-19.416867,146.923842
67.207314,0.319333,-19.432391,149.874096
68.388839,0.324283,-19.396096,146.360351
68.646999,0.326882,-19.384880,145.407667
67.839361,0.327446,-19.413412,146.823756
66.121532,0.343878,-19.463325,149.311065
67.780305,0.335436,-19.409414,146.439271
68.631559,0.317660,-19.388698,147.706788
66.740609,0.334579,-19.444194,149.191190
69.570856,0.322573,-19.356776,144.402607
67.674339,0.328072,-19.418217,147.189986
70.479925,0.330151,-19.334172,141.352326
70.281184,0.323869,-19.334613,143.020321
68.393091,0.311920,-19.393990,147.089876
69.379531,0.324506,-19.361826,144.091077
69.425110,0.333069,-19.361970,142.948755
66.995406,0.328648,-19.439079,148.819270
67.096079,0.327563,-19.442419,148.844645
67.915221,0.338561,-19.410165,146.442753
68.451111,0.330487,-19.398080,145.940530
68.845016,0.331271,-19.379941,144.192252
67.461533,0.328964,-19.418720,147.382253
67.312289,0.315856,-19.428485,149.312229
65.279528,0.340257,-19.496700,151.924420
69.009420,0.338411,-19.369116,143.188057
67.050866,0.335458,-19.441680,148.472921
70.072738,0.326543,-19.340564,142.361436
69.914551,0.320203,-19.348501,142.699264
69.474939,0.335907,-19.361311,141.745393
67.623442,0.333533,-19.421407,146.871277
71.609809,0.307330,-19.299954,140.959258
69.404751,0.329222,-19.364823,143.364447
68.120327,0.324190,-19.411785,147.206898
68.686706,0.317723,-19.383316,145.573505
69.781264,0.337690,-19.354594,142.303860
67.628619,0.326551,-19.417099,148.427585
67.123395,0.328002,-19.437039,149.204268
69.123688,0.317385,-19.374022,145.105366
68.206078,0.323840,-19.400860,146.704198
70.735991,0.320322,-19.314893,141.322975
70.134250,0.326001,-19.344096,142.278674
67.881461,0.323107,-19.415327,147.493688
68.142469,0.324883,-19.402310,146.982810
67.965125,0.326774,-19.406194,146.972461
67.121480,0.318127,-19.440977,149.502869
67.575629,0.332478,-19.418525,148.046269
69.278737,0.325630,-19.364784,143.937568
69.640664,0.327186,-19.354167,143.412938
66.837179,0.352748,-19.437264,147.586920
69.032254,0.315137,-19.376580,146.259424
67.444768,0.326251,-19.425280,148.502453
71.519740,0.319834,-19.302617,140.115604
69.658030,0.328665,-19.359757,142.996005
68.840011,0.318467,-19.384423,145.884145
66.811215,0.336955,-19.446014,148.713502
68.730298,0.328401,-19.384432,144.460576
68.087936,0.324422,-19.414216,147.423543
68.938999,0.324129,-19.382308,145.069155
70.198146,0.331379,-19.338925,142.059854
68.523110,0.323705,-19.395349,145.920151
69.447546,0.322647,-19.366815,144.143595
67.915298,0.324630,-19.411409,147.067911
68.860237,0.320624,-19.381982,144.986395
67.099684,0.322208,-19.438212,149.650513
68.767235,0.323313,-19.381186,145.391289
69.536819,0.337333,-19.352528,142.998788
69.010383,0.323853,-19.377353,145.333419
71.040023,0.333516,-19.308195,139.509949
69.127603,0.335042,-19.367759,143.538829
66.411579,0.335136,-19.460924,149.479023
68.351606,0.325118,-19.394621,146.562655
66.158044,0.315950,-19.470716,152.046829
69.497732,0.310682,-19.367532,145.392993
67.694280,0.322338,-19.419036,146.857322
67.842551,0.329321,-19.415754,147.267613
66.818926,0.322987,-19.444171,150.169467
69.312554,0.324651,-19.367983,144.257811
69.669193,0.323141,-19.356613,143.767607
71.385476,0.317482,-19.300995,140.354652
68.807808,0.315297,-19.385691,146.579938
68.523708,0.333967,-19.389973,145.636447
67.092983,0.320788,-19.441016,149.539005
68.589305,0.335473,-19.388975,144.024704
69.220909,0.320870,-19.363933,145.030777
67.505586,0.316490,-19.429117,149.399642
68.212797,0.330068,-19.399319,147.213522
70.393524,0.329341,-19.336044,141.484038
69.314837,0.326703,-19.373993,144.055177
70.320694,0.333584,-19.335331,141.732700
69.324374,0.318295,-19.370134,145.295125
67.474082,0.327801,-19.429103,147.723986
69.273931,0.313074,-19.370963,145.542362
69.757239,0.329170,-19.346438,142.483382
68.279507,0.317037,-19.396998,146.818752
69.390944,0.329282,-19.364451,143.486718
71.781532,0.331445,-19.294835,138.687727
69.475312,0.322654,-19.367376,145.123716
69.280670,0.323982,-19.368907,143.754313
68.936332,0.321999,-19.377708,145.829201
69.015086,0.328111,-19.379446,144.668676
69.240671,0.316878,-19.373416,143.898928
70.224334,0.318676,-19.336992,142.574683
69.777172,0.320318,-19.357670,143.490729
67.656214,0.326502,-19.416460,148.492533
68.690176,0.319580,-19.379828,145.695742
68.667476,0.318730,-19.385877,145.919162
69.923653,0.316630,-19.346928,144.074297
70.874161,0.331573,-19.318560,140.745439
71.462815,0.322805,-19.300128,140.466623
66.056998,0.323853,-19.477841,152.366081
69.098236,0.326620,-19.373143,144.862727
68.972698,0.311402,-19.384583,146.809371
69.647170,0.309825,-19.367372,145.234228
66.095458,0.327168,-19.471855,151.078255
67.521120,0.327962,-19.423055,147.907262
67.155075,0.324964,-19.434965,148.615062
68.974714,0.321875,-19.377439,146.155364
70.787630,0.332042,-19.314334,140.660663
71.558889,0.332989,-19.292904,138.772372
67.785758,0.320460,-19.409789,147.909540
71.828742,0.322328,-19.292470,138.295121
68.447633,0.322117,-19.396917,146.394849
67.998236,0.342392,-19.400083,145.428032
65.835526,0.328059,-19.475115,151.777941
69.294130,0.326703,-19.366375,144.367441
68.189006,0.339748,-19.399391,145.570369
67.357293,0.324335,-19.437300,148.565568
66.079430,0.332163,-19.470792,151.128200
71.899931,0.333184,-19.281957,138.138971
70.602112,0.328167,-19.327997,141.348672
69.065007,0.325471,-19.378364,144.743874
68.233409,0.323531,-19.398028,146.546183
70.447531,0.331458,-19.320776,141.218926
66.219974,0.329353,-19.464207,150.123791
69.130341,0.325233,-19.372557,145.075838
70.874564,0.333775,-19.317506,140.123504
70.460326,0.322397,-19.330250,141.773812
69.844056,0.324253,-19.347428,142.881600
67.015249,0.334508,-19.441042,148.091499
67.522031,0.331868,-19.418825,147.255025
69.946363,0.327215,-19.348340,142.013388
69.095805,0.328805,-19.374934,144.418418
69.665406,0.325791,-19.358949,143.732349
69.575325,0.324688,-19.361714,143.428897
68.312352,0.336987,-19.389306,145.074775
69.531666,0.321226,-19.360542,143.650236
71.339684,0.321500,-19.304389,140.187744
69.053651,0.323857,-19.378461,145.162135
69.677338,0.331314,-19.355164,142.427123
66.318500,0.323212,-19.467430,150.669731
71.633444,0.315397,-19.296969,140.069111
70.242511,0.319732,-19.338263,143.620812
68.677271,0.328350,-19.387543,145.687715
67.152799,0.328787,-19.429788,148.804955
69.278556,0.311028,-19.375327,145.671269
66.894738,0.317876,-19.447855,149.510053
68.235068,0.322086,-19.402976,147.060141
69.644042,0.309986,-19.360944,144.996833
69.074405,0.332516,-19.372863,143.725535
69.044968,0.317964,-19.377272,145.131921
69.538335,0.317631,-19.363213,144.156863
67.863660,0.329393,-19.414744,146.420113
69.422107,0.335068,-19.361907,142.939273
65.267411,0.323119,-19.496739,154.348517
66.442589,0.330378,-19.455149,151.017709
67.392963,0.330957,-19.426718,147.752092
71.052700,0.315068,-19.315689,140.895332
65.413616,0.334460,-19.491766,151.413776
68.165833,0.320318,-19.404042,147.897440
69.010516,0.327548,-19.377883,145.378139
68.050228,0.334637,-19.405953,145.693463
70.964486,0.310841,-19.319454,142.576676
71.829618,0.330073,-19.287732,138.031384
68.971181,0.330253,-19.380905,144.374418
70.232057,0.328467,-19.333348,142.074446
68.114727,0.331709,-19.401510,146.399333
69.803131,0.316840,-19.346775,143.482940
68.251590,0.321072,-19.399983,147.760129
69.024470,0.336614,-19.372631,144.002184
68.912538,0.320703,-19.383327,144.984667
68.549689,0.325863,-19.394650,145.186941
70.406900,0.323584,-19.335490,141.681551
69.304453,0.311014,-19.375391,145.743006
68.426314,0.315569,-19.399498,147.314442
68.200273,0.330923,-19.400287,145.422176
69.253859,0.321175,-19.368960,143.865964
68.043784,0.334158,-19.406087,145.604999
69.315076,0.316846,-19.372870,144.037776
70.172603,0.331030,-19.338822,141.770036
67.132330,0.327221,-19.439119,148.965479
66.916388,0.319035,-19.448437,149.517408
70.677319,0.316874,-19.324936,142.466167
70.043575,0.326556,-19.341891,142.948712
67.845127,0.332653,-19.405479,146.428242
70.194016,0.322789,-19.344114,141.447646
64.883300,0.322317,-19.509174,154.242014
66.531608,0.322000,-19.456478,151.392325
68.867139,0.329968,-19.375772,145.508315
67.900902,0.336943,-19.404532,146.502086
69.325659,0.324090,-19.361717,144.048432
68.465535,0.320061,-19.397714,146.330835
68.731738,0.334516,-19.385571,144.318164
68.847407,0.331529,-19.379643,145.230763
68.376206,0.326971,-19.398391,146.278240
69.159045,0.320755,-19.377895,144.587465
66.978698,0.332520,-19.437162,149.033861
70.531594,0.320478,-19.334604,141.120237
70.540319,0.330510,-19.330091,140.988904
67.910842,0.330913,-19.409059,147.332548
69.605893,0.329041,-19.355743,143.159606
66.807034,0.331640,-19.439730,149.201382
69.973014,0.330494,-19.346872,143.100309
70.428649,0.321099,-19.339383,142.375556
67.512139,0.322491,-19.427937,148.698890
69.785284,0.328485,-19.356541,143.234302
69.351355,0.329680,-19.359222,144.747693
68.854788,0.325396,-19.380390,145.457866
68.560676,0.326110,-19.388539,145.876169
69.542941,0.334563,-19.350889,143.140349
67.787783,0.321764,-19.417919,147.413383
68.374830,0.323479,-19.399707,146.286644
69.275118,0.315166,-19.370788,144.779811
68.708347,0.319974,-19.387428,146.267683
67.848644,0.321004,-19.412988,148.011493
66.392134,0.331320,-19.454547,149.020812
69.765191,0.325070,-19.351044,143.251634
67.425615,0.328892,-19.424194,147.785766
68.105545,0.317958,-19.409874,147.283168
69.298535,0.329447,-19.360386,144.046009
68.263572,0.320993,-19.401790,146.965786
65.840321,0.323810,-19.476794,151.905668
69.892294,0.329316,-19.349452,142.862680
67.535422,0.321589,-19.426315,148.815006
71.016029,0.326962,-19.316572,140.403460
70.819527,0.326692,-19.326669,140.641998
70.283895,0.323113,-19.336940,143.545399
67.468128,0.330043,-19.418996,147.585108
67.896220,0.328035,-19.409034,146.838215
68.648027,0.328767,-19.386616,145.225071
69.127781,0.312498,-19.374866,145.227888
66.682886,0.322309,-19.449332,149.809899
66.898351,0.340370,-19.434008,147.602442
67.951526,0.324987,-19.409997,147.037326
69.841916,0.334588,-19.352543,142.665580
68.389818,0.324954,-19.393793,145.961475
65.943892,0.331352,-19.473993,151.586262
69.067986,0.336126,-19.378287,143.766654
65.323798,0.326963,-19.493993,152.982823
66.863461,0.329224,-19.441468,149.453465
70.145132,0.330853,-19.336391,142.039983
67.750053,0.322401,-19.410522,147.757618
70.622271,0.312959,-19.332688,142.749582
65.262824,0.336007,-19.494229,152.087054
68.380580,0.317558,-19.402738,147.269545
69.006148,0.318684,-19.382289,145.774858
68.685530,0.330864,-19.387237,145.615845
67.376112,0.328842,-19.437108,147.790726
69.816223,0.335056,-19.351004,143.335827
68.409006,0.331501,-19.389245,145.876592
69.324977,0.316597,-19.369398,145.100760
66.411134,0.321567,-19.462912,150.426568
69.198814,0.319506,-19.366996,144.770942
68.081598,0.317053,-19.408924,147.021744
69.453914,0.321413,-19.362955,144.913125
69.087681,0.332658,-19.371749,144.189439
69.377185,0.324652,-19.360324,144.108430
68.061728,0.333494,-19.402435,146.549780
66.754238,0.319244,-19.460955,149.962634
66.577328,0.332560,-19.447776,149.561836
68.850556,0.331036,-19.380582,144.945149
70.277535,0.309748,-19.345826,143.666027
69.859585,0.323503,-19.349119,143.342391
69.769082,0.319055,-19.352849,144.034003
68.798911,0.315735,-19.381741,146.753986
70.297151,0.324141,-19.334058,142.035501
69.593619,0.318448,-19.360635,144.554151
69.452542,0.332656,-19.353235,143.922467
68.357820,0.327570,-19.389827,145.343338
68.164159,0.336568,-19.398066,144.145014
68.125010,0.320475,-19.410379,146.206211
68.273010,0.321327,-19.397215,146.609936
68.371357,0.322022,-19.396425,146.192699
68.649367,0.325830,-19.385638,146.016571
69.113180,0.327984,-19.373812,144.126271
69.171201,0.323941,-19.366925,144.293978
67.747522,0.324359,-19.419201,148.188944
69.657742,0.334608,-19.348382,142.052389
67.087069,0.319886,-19.443040,149.763353
66.833837,0.332711,-19.440366,149.116412
70.244787,0.332771,-19.334575,142.508084
68.121066,0.314652,-19.408191,147.752420
67.791200,0.323655,-19.421816,148.094152
66.963457,0.326142,-19.441359,149.327310
69.312473,0.303653,-19.375210,145.922368
69.034436,0.310992,-19.377235,146.806882
69.990568,0.326705,-19.349278,142.540523
67.827480,0.325517,-19.416449,147.283381
69.422443,0.320444,-19.372243,144.340539
67.679507,0.329978,-19.414180,147.218291
67.302680,0.320744,-19.430834,149.062505
69.223915,0.331796,-19.367289,143.458166
68.072495,0.337699,-19.395817,145.891418
67.333402,0.319297,-19.427978,149.079837
68.690563,0.329177,-19.382745,145.469643
69.626386,0.323837,-19.357894,143.279562
66.832233,0.324003,-19.448085,149.506225
68.515727,0.339114,-19.384772,144.574339
66.979323,0.325681,-19.452884,149.398634
69.388678,0.330822,-19.362111,143.253400
67.314037,0.328041,-19.431251,148.498808
68.818222,0.322534,-19.384268,144.864936
68.345397,0.313876,-19.398440,146.996149
69.556784,0.323658,-19.357863,143.358395
68.680917,0.323291,-19.388862,146.012435
71.531059,0.333634,-19.296378,138.554044
68.493709,0.321809,-19.394891,146.655127
67.897975,0.336999,-19.401029,145.721442
69.112129,0.322755,-19.375685,145.249441
67.978105,0.325517,-19.414915,146.686929
69.713438,0.328422,-19.357641,142.481149
68.616606,0.320695,-19.389516,146.352883
68.656241,0.328619,-19.382943,144.802187
69.766779,0.319725,-19.350916,144.086584
70.610064,0.310510,-19.329083,142.439565
70.012504,0.329980,-19.339896,142.552493
67.639590,0.330031,-19.418850,146.676301
68.754982,0.325213,-19.384773,144.601736
71.186853,0.331991,-19.310338,139.549184
67.346142,0.325041,-19.429274,148.012826
70.292451,0.327301,-19.339496,143.142717
70.044791,0.315084,-19.344529,143.089624
68.116011,0.320890,-19.414196,146.809434
69.480007,0.310863,-19.363484,145.345962
65.832826,0.334038,-19.475654,151.359118
69.121506,0.324069,-19.375191,144.767311
69.018823,0.333569,-19.371774,144.789954
67.656525,0.337186,-19.411743,147.314170
67.856535,0.332322,-19.413803,146.511045
70.056094,0.325795,-19.339514,143.283674
65.231723,0.340324,-19.498921,151.724318
68.842533,0.328800,-19.380165,144.524907
67.540711,0.327194,-19.418562,148.077504
70.375389,0.322871,-19.326523,142.366626
69.022424,0.325731,-19.366842,145.071397
70.549438,0.312206,-19.332293,141.816959
65.521476,0.322426,-19.487443,152.306068
67.071237,0.327213,-19.436156,149.162487
67.763627,0.322831,-19.427372,147.895556
67.467763,0.316552,-19.431521,147.979682
66.374726,0.336699,-19.457608,149.432664
67.284566,0.323528,-19.429616,148.181424
69.455942,0.312591,-19.368584,145.425714
69.520691,0.324088,-19.362129,144.154347
69.032172,0.316289,-19.377273,145.616803
69.692490,0.317590,-19.349423,143.510483
71.501426,0.317461,-19.303077,140.707251
68.817723,0.328563,-19.380603,145.286474
66.991809,0.332425,-19.437912,148.230186
66.496937,0.326177,-19.459847,149.620149
67.096245,0.344190,-19.428387,146.895528
69.430640,0.323110,-19.361235,144.492170
68.484879,0.320110,-19.388123,146.339368
66.942260,0.335859,-19.439223,149.056840
69.655996,0.330082,-19.354179,142.990873
70.520785,0.317312,-19.322752,142.550138
68.536986,0.327283,-19.386131,146.002574
70.682056,0.320403,-19.321640,141.791773
69.184966,0.330693,-19.369849,144.087287
68.074026,0.326155,-19.407380,146.906087
69.510701,0.322734,-19.363144,144.116300
69.985734,0.322902,-19.343652,142.720690
69.156525,0.320249,-19.378160,144.885215
69.755081,0.317885,-19.358596,143.536645
66.514159,0.332968,-19.446861,149.914449
69.463116,0.325779,-19.359760,143.495430
69.681876,0.326477,-19.352570,143.325678
67.346932,0.336833,-19.427329,147.470599
68.439323,0.326789,-19.395187,145.981150
68.046616,0.323951,-19.409894,147.146956
68.932522,0.314413,-19.383825,146.079878
67.818732,0.321411,-19.414113,147.447591
68.434412,0.322995,-19.394450,146.438117
67.601024,0.329182,-19.412185,147.004783
67.223472,0.331176,-19.427839,147.804696
70.949610,0.312439,-19.321628,141.359941
67.430380,0.332457,-19.415750,147.720214
68.656129,0.311799,-19.391317,147.428511
67.497753,0.319775,-19.429754,148.210048
69.768813,0.333325,-19.349106,141.716995
67.698844,0.320619,-19.419825,148.084931
68.800776,0.331951,-19.385249,144.560395
68.059844,0.315641,-19.410502,148.256720
69.786683,0.322341,-19.357139,143.569756
70.292898,0.316058,-19.340782,142.755710
68.855962,0.325337,-19.379355,145.348469
69.767687,0.326001,-19.354960,142.921938
69.692893,0.326812,-19.359671,143.505171
68.842593,0.329153,-19.385579,144.396652
66.907842,0.324092,-19.442649,148.999018
67.701269,0.327945,-19.415456,147.602418
69.640945,0.318055,-19.352894,144.865610
67.799235,0.326484,-19.417519,147.204650
67.104582,0.318417,-19.435434,149.670930
68.132467,0.329680,-19.404337,146.071153
67.342338,0.323620,-19.427553,148.859421
69.398081,0.327130,-19.361924,143.789343
70.465122,0.313143,-19.327429,142.952894
71.214414,0.330794,-19.309448,139.921551
68.355911,0.330000,-19.400639,146.290110
70.376490,0.324493,-19.328997,141.894837
68.277765,0.327515,-19.401749,146.510184
69.590957,0.318535,-19.362688,143.582254
69.719278,0.327114,-19.351163,142.760750
68.341419,0.324204,-19.393566,146.092675
71.428131,0.320764,-19.302065,140.277449
67.382017,0.326223,-19.416224,148.608171
70.368819,0.326090,-19.332318,142.605665
67.764590,0.320476,-19.423165,147.014666
67.035035,0.333452,-19.441482,148.807794
68.472362,0.314540,-19.394047,147.346775
69.777783,0.317296,-19.353535,143.668819
67.979283,0.331515,-19.408778,146.016434
69.813411,0.323586,-19.347667,143.113543
68.744395,0.327546,-19.383989,144.945907
71.532856,0.319103,-19.292369,140.541879
66.262685,0.328226,-19.461038,149.630732
65.892453,0.316017,-19.476829,152.159117
68.870202,0.327376,-19.381701,145.494583
69.238159,0.335152,-19.363176,143.143162
68.670920,0.323913,-19.382697,145.935145
69.977860,0.337769,-19.344041,141.723952
69.790703,0.344495,-19.347450,141.807308
70.444166,0.316738,-19.338738,143.034184
69.807934,0.337076,-19.351499,141.724758
67.988296,0.320044,-19.412061,146.556173
67.994680,0.324551,-19.409173,146.839349
67.325099,0.329577,-19.426304,147.926339
67.490806,0.336881,-19.422161,146.425689
67.150059,0.324113,-19.440155,148.433097
68.359649,0.327086,-19.385452,145.728835
71.463768,0.323219,-19.295020,140.251325
67.416738,0.327827,-19.432140,147.792391
68.275997,0.323116,-19.401223,146.939802
66.808379,0.333200,-19.446909,149.317445
66.413460,0.329308,-19.457521,150.570532
70.807952,0.320218,-19.323300,141.738395
67.015784,0.324408,-19.436916,149.132532
70.356484,0.337562,-19.329926,141.569592
67.244943,0.334125,-19.429416,147.649004
67.849847,0.325156,-19.413589,147.086107
67.206512,0.325511,-19.430460,148.894534
71.348617,0.316278,-19.305946,140.745379
69.698796,0.316418,-19.357911,144.387410
69.302802,0.324862,-19.366807,144.153271
69.256426,0.321314,-19.370192,144.992430
67.961562,0.323900,-19.410203,147.238400
67.364563,0.327738,-19.426622,148.022493
68.694685,0.313468,-19.388086,146.565002
68.171571,0.326042,-19.402391,147.291441
68.592780,0.311427,-19.387747,146.827301
68.540756,0.334002,-19.387043,144.000242
68.306204,0.338613,-19.393485,145.552934
68.296898,0.324430,-19.401493,146.566795
68.946815,0.323742,-19.383313,144.585158
68.351984,0.343198,-19.392249,145.038641
68.226100,0.331166,-19.401294,146.297215
66.554649,0.321280,-19.450298,150.847427
68.321039,0.320668,-19.401375,146.811444
69.087061,0.331166,-19.367696,144.296214
66.810764,0.328323,-19.452928,149.613186
67.867318,0.329655,-19.411959,146.896169
67.326725,0.340219,-19.430412,146.577109
69.412884,0.328543,-19.362258,143.709935
67.769717,0.328173,-19.414386,147.110240
68.945313,0.324755,-19.376050,144.530362
66.785774,0.317439,-19.444394,149.988587
68.474409,0.344466,-19.386803,144.836331
69.382327,0.327694,-19.364341,143.307773
68.441647,0.331358,-19.390867,145.446028
69.074680,0.307316,-19.376753,147.010543
69.155382,0.325812,-19.372857,144.409315
66.814856,0.326360,-19.448814,149.371696
67.068782,0.316829,-19.446599,150.011881
66.075720,0.331921,-19.467007,150.702514
66.334200,0.322945,-19.467395,150.758014
70.620892,0.318475,-19.326921,142.401930
69.542518,0.314742,-19.356815,145.291981
70.094057,0.311165,-19.349259,144.299418
67.722272,0.329976,-19.414075,147.228354
68.589058,0.318439,-19.392527,146.079457
68.054655,0.320243,-19.411142,147.190195
69.714587,0.320586,-19.361068,144.088179
70.316670,0.318578,-19.340207,142.960430
68.359397,0.323103,-19.393515,146.231118
68.929019,0.315272,-19.382265,146.225917
69.725010,0.337732,-19.346917,142.168129
67.129542,0.340050,-19.430199,147.299347
68.272302,0.324276,-19.405049,146.586413
68.326405,0.327754,-19.399281,146.852483
68.691108,0.322090,-19.382135,145.423275
69.935278,0.322832,-19.346527,143.050119
69.956326,0.333858,-19.345497,141.837254
68.347364,0.311679,-19.402069,147.656459
68.263593,0.316769,-19.411423,146.670770
66.200338,0.326099,-19.467318,150.934209
65.030437,0.339620,-19.502574,151.624425
69.122250,0.326852,-19.368023,144.862928
68.238393,0.318608,-19.396194,146.644649
67.930556,0.327449,-19.404395,147.300859
67.485290,0.321364,-19.418864,148.112223
68.573400,0.335878,-19.387029,145.463571
66.245049,0.344021,-19.461736,149.284178
71.230342,0.319220,-19.307171,140.719036
68.386871,0.324746,-19.395773,145.479447
68.895789,0.342672,-19.370628,143.336212
69.294406,0.327657,-19.367632,143.613144
69.552282,0.335321,-19.353856,143.179355
69.225151,0.334849,-19.369154,142.604331
68.788898,0.325679,-19.381926,145.544356
69.869446,0.318181,-19.351326,143.766682
69.343857,0.319320,-19.368532,144.247710
68.891497,0.328767,-19.386385,144.962174
70.529148,0.340211,-19.323930,139.923566
66.911319,0.326493,-19.440643,149.650895
67.565969,0.328829,-19.418266,147.465903
69.184676,0.318320,-19.369655,145.142381
66.687802,0.328546,-19.447844,150.230740
69.125527,0.326296,-19.373749,144.613901
68.509658,0.319842,-19.390358,145.801466
69.571793,0.318248,-19.362250,143.830190
68.250846,0.331015,-19.400801,145.313016
70.137723,0.311176,-19.348678,143.971344
68.157556,0.324010,-19.401812,147.263116
68.226491,0.331127,-19.393649,146.100553
69.111193,0.317197,-19.378605,145.548567
70.155043,0.323148,-19.345666,142.411079
70.047801,0.332606,-19.340667,141.678035
70.066427,0.325178,-19.345396,143.299835
68.175575,0.327021,-19.399447,146.642567
68.482656,0.316419,-19.393662,146.240250
70.291171,0.335387,-19.328387,140.791331
69.025563,0.341223,-19.362460,143.659568
67.325656,0.323016,-19.431927,149.061574
68.671832,0.339810,-19.381685,144.202977
69.404043,0.320276,-19.364005,144.513848
69.030286,0.327166,-19.376322,145.088943
68.491580,0.323273,-19.396250,146.145268
68.353258,0.327923,-19.398001,145.146794
67.491589,0.323459,-19.421069,148.563764
68.093203,0.320821,-19.403854,146.307916
68.164566,0.333935,-19.396892,146.258120
66.664945,0.325378,-19.455733,149.651451
68.805842,0.318168,-19.386808,145.853456
66.916869,0.327170,-19.444579,148.834224
68.705217,0.335405,-19.384098,143.934583
68.317224,0.321926,-19.402226,146.747360
67.900441,0.320895,-19.409247,147.594495
69.639676,0.331677,-19.359902,142.740652
68.510405,0.328161,-19.388600,145.995037
70.698391,0.320301,-19.321834,142.054948
66.692072,0.326091,-19.449443,149.875671
66.879523,0.333986,-19.443830,149.730136
68.130059,0.329211,-19.400757,146.524478
69.456698,0.317966,-19.363363,144.261887
69.677588,0.324460,-19.350369,142.561444
67.579348,0.320619,-19.421183,148.791852
66.504647,0.322144,-19.453570,150.469091
69.776082,0.327957,-19.352505,142.779179
68.465937,0.328895,-19.393862,146.000239
68.878501,0.315213,-19.384160,146.258470
70.765104,0.316808,-19.325298,141.954081
68.759068,0.319908,-19.386431,146.363886
67.819183,0.329076,-19.412947,147.349848
66.978624,0.330191,-19.440043,148.586017
69.373377,0.329522,-19.366605,143.738362
68.186236,0.326528,-19.400543,147.101806
70.096285,0.329198,-19.341830,141.995597
68.864846,0.327714,-19.380386,145.276793
69.832288,0.328570,-19.349569,142.873535
70.182894,0.321990,-19.341551,142.628558
68.575082,0.321912,-19.386295,145.830414
68.560764,0.320951,-19.387119,146.427173
67.919343,0.314780,-19.419350,148.369204
67.754868,0.333594,-19.414260,147.181521
70.053486,0.316149,-19.348477,142.635468
69.077590,0.329255,-19.377038,145.022061
67.566845,0.332761,-19.425229,146.994670
67.904190,0.325670,-19.412766,146.907674
68.375080,0.326862,-19.391770,145.409181
70.630300,0.330026,-19.325886,140.928898
68.810194,0.337812,-19.377170,144.997033
67.515685,0.326995,-19.424473,147.848178
69.874419,0.329895,-19.351003,142.612345
67.391106,0.321273,-19.433426,148.585798
67.777518,0.334045,-19.419406,146.417928
67.984146,0.324222,-19.410916,146.728308
67.354214,0.330656,-19.427148,147.756979
72.004886,0.320277,-19.289701,139.304742
68.406736,0.310929,-19.398088,147.355214
69.721120,0.318437,-19.350836,144.541859
67.867252,0.331039,-19.414432,146.641222
68.979663,0.323892,-19.381420,144.712397
66.020509,0.323978,-19.470810,150.698594
68.820246,0.317524,-19.389156,145.514830
70.317405,0.318713,-19.336349,142.558330
68.337858,0.322646,-19.399811,146.618664
68.347040,0.322650,-19.399878,146.382170
70.423036,0.333772,-19.333051,141.393628
68.163104,0.328317,-19.398884,146.163911
68.162836,0.328456,-19.406979,146.730636
67.578548,0.329615,-19.419281,147.411396
69.302237,0.323072,-19.366765,145.030069
68.723465,0.322418,-19.386138,145.682725
69.783754,0.335445,-19.342442,142.248276
71.318974,0.334199,-19.302930,139.674649
68.719786,0.325992,-19.379971,146.178038
68.470529,0.328816,-19.397727,145.677810
67.808231,0.324535,-19.420259,147.575496
69.120779,0.322162,-19.377169,145.193461
69.398017,0.312672,-19.366326,145.479444
69.330205,0.339169,-19.359399,142.763527
67.731033,0.342409,-19.411666,146.191427
68.584812,0.309024,-19.401632,147.613303
66.823543,0.346735,-19.434181,148.024766
67.991271,0.318441,-19.405446,147.021729
69.968803,0.319286,-19.354856,143.796498
68.830038,0.333346,-19.377451,144.675696
67.770578,0.319580,-19.416843,148.056792
67.621439,0.319576,-19.423949,148.160606
67.314284,0.329883,-19.431259,148.040213
66.576327,0.329664,-19.454585,149.704015
67.829938,0.322798,-19.416344,147.639407
68.211294,0.325575,-19.400291,146.164593
66.729822,0.324693,-19.453354,150.371898
69.422167,0.322881,-19.365823,143.568934
66.588295,0.328107,-19.458556,149.479126
68.376489,0.324559,-19.399138,145.916662
69.581702,0.323368,-19.357317,143.966906
67.814496,0.315476,-19.417898,148.614176
68.210781,0.331407,-19.397156,146.482914
68.874836,0.322503,-19.388919,145.353145
67.182079,0.323487,-19.439127,149.017346
68.448985,0.317667,-19.395564,146.284425
66.662108,0.314774,-19.463382,150.861254
68.656490,0.309564,-19.394852,146.291317
64.671073,0.338719,-19.509198,153.432859
67.619084,0.326356,-19.422527,148.225249
69.341017,0.322641,-19.363109,144.881244
66.412393,0.330057,-19.456011,149.821756
69.336851,0.319275,-19.375995,145.238547
65.333440,0.328410,-19.490117,152.531484
66.134677,0.328868,-19.465934,150.599494
69.495098,0.328975,-19.357650,143.216153
69.948124,0.342145,-19.333673,141.270730
68.204204,0.324274,-19.405334,146.912315
70.903116,0.320021,-19.320978,141.144675
67.561854,0.338894,-19.420324,146.942537
65.847915,0.325855,-19.476015,152.232296
68.287033,0.326462,-19.404572,146.715139
70.294520,0.319970,-19.335588,142.749502
70.237851,0.330250,-19.336701,142.621162
68.155465,0.330097,-19.399033,146.627069
69.645274,0.316357,-19.359119,144.272653
66.085755,0.337726,-19.463152,149.626365
69.950151,0.318131,-19.343837,142.790493
68.719202,0.323656,-19.386433,146.006158
68.868089,0.331205,-19.381038,145.099001
67.545434,0.329704,-19.418840,147.545487
68.199540,0.338198,-19.395097,146.038870
67.866156,0.324465,-19.415954,147.503195
65.857616,0.325555,-19.470662,152.029065
69.014683,0.320459,-19.371756,145.817532
67.694285,0.325214,-19.410971,147.403380
67.394143,0.325523,-19.433209,148.309193
69.529301,0.323366,-19.362623,142.808765
67.706850,0.320925,-19.411573,148.277370
66.408655,0.342191,-19.457999,148.910319
67.113627,0.318953,-19.437827,149.773352
68.643799,0.312929,-19.396767,147.095446
68.680513,0.324672,-19.376708,144.965893
66.798044,0.325125,-19.450554,150.186592
66.985264,0.331031,-19.439680,148.691862
68.373336,0.321947,-19.400561,146.651482
68.286345,0.326998,-19.394533,146.574849
69.161471,0.310206,-19.382729,146.167802
65.530108,0.339983,-19.485591,150.731970
67.795127,0.326723,-19.410577,146.652427
68.257643,0.325752,-19.396077,146.830742
67.563243,0.324857,-19.417397,148.010986
69.765187,0.321201,-19.353386,144.106716
68.803849,0.319321,-19.381642,145.843054
67.262597,0.325778,-19.429800,147.776086
68.260927,0.323208,-19.402362,146.007934
69.290639,0.326643,-19.367653,144.208801
68.921348,0.332421,-19.380875,144.200416
68.871799,0.323268,-19.383809,144.920572
66.016814,0.333811,-19.469101,150.368377
66.715767,0.335799,-19.441921,149.156527
70.162101,0.326479,-19.341257,142.934985
66.744397,0.325281,-19.449585,149.526840
67.775098,0.317689,-19.415887,148.044828
68.478150,0.330813,-19.388537,146.211252
70.089161,0.324071,-19.345280,142.602813
67.947436,0.326876,-19.412774,147.794133
67.292612,0.326022,-19.428030,148.027866
68.304087,0.331719,-19.395324,145.717900
69.535607,0.334528,-19.357002,143.256671
68.136160,0.327136,-19.403567,146.095394
68.999327,0.320787,-19.384524,145.101727
68.744530,0.331398,-19.386224,145.140377
66.246823,0.321637,-19.472357,150.309841
70.525521,0.321320,-19.325780,142.219977
70.733354,0.329625,-19.313136,141.199706
67.426575,0.319621,-19.423691,148.307627
68.261785,0.322748,-19.401638,146.753484
68.640556,0.325817,-19.386839,145.752270
66.984194,0.337837,-19.436084,148.024805
67.917805,0.319840,-19.414734,148.048706
68.470164,0.317741,-19.399853,147.322675
67.698576,0.329860,-19.416236,147.329616
67.269611,0.333124,-19.429200,147.969842
67.771038,0.343364,-19.412682,144.942023
67.417396,0.319146,-19.423457,148.768428
67.401300,0.329139,-19.428453,148.123296
71.110798,0.313010,-19.320825,142.054601
67.619599,0.344727,-19.415374,146.464392
71.391159,0.310237,-19.297623,140.717413
67.410281,0.343061,-19.425497,146.591492
69.382559,0.323891,-19.363897,144.112978
67.505200,0.315467,-19.425571,149.785288
69.395882,0.320882,-19.364157,144.502920
68.837629,0.324762,-19.385932,143.892629
67.729785,0.321845,-19.425001,147.487288
67.880019,0.332327,-19.420528,146.533509
67.469426,0.334200,-19.424321,147.622713
68.754220,0.329356,-19.386267,144.948035
67.317544,0.321916,-19.427571,148.481119
67.096386,0.322859,-19.437665,148.220659
69.808010,0.322960,-19.352884,143.549150
66.776266,0.320071,-19.448664,150.131172
68.942652,0.304891,-19.383563,146.193700
67.513859,0.322529,-19.423753,149.884876
69.441579,0.336642,-19.362884,143.118845
69.369312,0.329917,-19.362354,143.779097
71.865322,0.324141,-19.290542,139.186603
69.399470,0.320392,-19.358621,144.381007
69.514283,0.330275,-19.357571,143.676307
70.584993,0.322246,-19.330134,141.602740
68.367854,0.313831,-19.401128,146.973694
71.153275,0.321931,-19.303634,140.431654
66.400074,0.319732,-19.464951,150.468990
70.776979,0.324660,-19.318014,141.653886
66.131760,0.337977,-19.465540,150.173537
69.895047,0.330402,-19.345682,142.944463
69.461831,0.318779,-19.362715,143.776467
67.570926,0.330937,-19.419749,147.180690
67.371262,0.331172,-19.429806,148.278776
68.587039,0.313866,-19.386575,147.215838
66.689607,0.344814,-19.447092,148.828575
67.683244,0.328573,-19.416627,146.964197
67.560233,0.333946,-19.414475,146.971121
67.500891,0.351319,-19.416195,146.075555
68.401488,0.320766,-19.398371,146.430342
67.057159,0.324578,-19.431592,148.980487
67.881107,0.321867,-19.409891,147.209440
64.256539,0.327080,-19.537669,154.485023
70.661648,0.326942,-19.328837,141.029909
67.898030,0.320482,-19.415685,148.487004
69.331101,0.326818,-19.363510,144.108083
70.383172,0.323324,-19.333533,142.249373
69.000351,0.339525,-19.371231,143.398246
67.791817,0.335925,-19.410302,145.572835
69.372460,0.319104,-19.373988,144.904256
70.160216,0.333368,-19.338831,141.330806
70.321770,0.326692,-19.326572,142.457525
66.307356,0.334576,-19.465793,149.500307
69.291147,0.318203,-19.368554,144.098036
65.932764,0.326057,-19.476216,150.592083
69.287508,0.313640,-19.368218,145.215701
68.699722,0.305879,-19.393897,147.522084
69.974091,0.321603,-19.343397,142.829577
66.954073,0.328566,-19.444251,149.696847
68.151296,0.325511,-19.411355,147.232579
69.390084,0.321007,-19.368137,145.127015
68.819451,0.326107,-19.384179,144.592957
69.726100,0.324470,-19.346329,143.343343
67.649699,0.334414,-19.413215,147.098360
69.154145,0.311712,-19.374794,145.333389
67.515249,0.316194,-19.426004,148.541824
67.936510,0.335158,-19.401149,146.032014
67.490347,0.322873,-19.426489,148.055932
70.228332,0.326126,-19.334009,142.352391
66.847974,0.323984,-19.448443,148.787153
68.189662,0.333407,-19.401064,146.032138
68.912611,0.325146,-19.374557,145.059643
68.991445,0.329014,-19.375998,144.675437
67.655611,0.325450,-19.425445,148.425930
70.696286,0.308197,-19.326945,142.548428
69.031022,0.324125,-19.372373,144.252012
66.668657,0.330912,-19.448550,148.992820
68.871468,0.318460,-19.385188,145.496003
67.786743,0.336402,-19.410949,146.365075
70.549453,0.326533,-19.323809,140.845173
70.349966,0.308882,-19.340981,143.567236
69.374108,0.318680,-19.365687,144.192829
67.064996,0.324277,-19.446413,149.110102
69.087052,0.323681,-19.378277,144.579533
67.900780,0.338179,-19.407370,146.041603
69.690894,0.319147,-19.357394,144.375073
69.640932,0.321840,-19.355179,143.637994
69.354288,0.322216,-19.370192,143.942815
66.664463,0.319710,-19.456960,149.420866
69.476505,0.330517,-19.361280,143.291215
69.547634,0.324877,-19.360025,143.599453
69.386698,0.331526,-19.360112,143.285259
69.329159,0.336988,-19.356175,143.180576
67.610073,0.331678,-19.418366,146.182530
67.300606,0.332903,-19.436069,148.361620
67.732516,0.306717,-19.420919,149.454678
71.243958,0.320682,-19.309038,140.629818
70.405243,0.322598,-19.333509,141.619697
67.137811,0.318858,-19.439936,149.443190
69.066638,0.320158,-19.374674,144.908464
68.372416,0.335480,-19.390577,145.219017
70.053722,0.339930,-19.338712,141.352008
68.534574,0.326119,-19.382571,145.822034
68.374757,0.329562,-19.393606,146.063257
69.550607,0.318454,-19.357991,144.337860
65.253817,0.334203,-19.494888,153.050582
68.396825,0.329562,-19.385649,145.910651
72.333511,0.316804,-19.277108,138.767070
68.662907,0.330180,-19.384809,144.839165
69.202747,0.330390,-19.371561,143.433125
67.763859,0.334529,-19.407631,146.825016
66.604426,0.330421,-19.441450,149.941365
68.463979,0.324942,-19.394273,146.418947
67.809626,0.326501,-19.422029,148.123002
68.595003,0.328451,-19.392246,145.423118
68.377365,0.315497,-19.398476,146.615760
68.028650,0.333957,-19.402039,146.282439
69.826960,0.317455,-19.357788,143.844818
69.268541,0.331010,-19.364800,143.902789
68.437198,0.323040,-19.390464,145.847428
70.292423,0.321427,-19.337965,142.630688
66.932608,0.320206,-19.442000,149.062242
66.239708,0.319685,-19.474255,151.129956
69.407465,0.331132,-19.363789,144.196419
69.541594,0.340998,-19.354784,142.324043
67.185270,0.340478,-19.426867,147.343503
69.046420,0.333354,-19.369081,144.184454
67.712430,0.324908,-19.420561,147.251504
67.335666,0.333600,-19.429365,146.992702
69.939229,0.323353,-19.348529,143.042665
69.443980,0.320295,-19.366992,144.439328
69.378699,0.324877,-19.364787,143.597616
68.972336,0.325238,-19.375699,145.361875
69.293120,0.316340,-19.372792,145.051390
68.649809,0.331881,-19.384168,143.792005
68.454900,0.327184,-19.391511,146.004260
69.145873,0.325918,-19.372017,144.121439
67.497546,0.335862,-19.417684,147.038275
67.129489,0.327855,-19.440901,148.592631
69.072109,0.323129,-19.373107,144.802137
68.931645,0.324456,-19.376402,145.756575
68.238630,0.330662,-19.399565,146.590399
69.200653,0.328319,-19.372065,144.036986
68.293860,0.342075,-19.395166,144.962443
68.717264,0.315453,-19.387877,146.363650
69.699938,0.315609,-19.358522,145.231437
68.578869,0.330351,-19.386115,145.162881
71.554091,0.322886,-19.298169,139.600862
70.106780,0.314268,-19.339308,143.046966
69.876824,0.334132,-19.346938,142.192886
68.222740,0.337143,-19.394646,145.517404
66.423907,0.330401,-19.455258,150.357065
69.186460,0.318581,-19.375163,145.263014
68.232091,0.328720,-19.404574,146.046433
70.271835,0.320990,-19.334215,142.659828
68.009421,0.323298,-19.409012,146.877630
69.223801,0.336098,-19.363136,143.090370
69.875216,0.323141,-19.355831,143.062647
67.200619,0.330055,-19.432256,147.993083
69.445497,0.323261,-19.363838,144.385925
68.420469,0.339868,-19.385835,145.421742
67.322589,0.319679,-19.428136,148.329732
68.539617,0.323610,-19.387396,145.259422
68.445497,0.330495,-19.391290,145.889139
68.843207,0.328154,-19.384246,144.954879
69.654860,0.328538,-19.355823,143.095595
69.874622,0.323719,-19.347133,143.175017
67.997015,0.320353,-19.408416,147.483583
68.338507,0.319062,-19.391658,146.289535
66.375524,0.330897,-19.462771,149.666195
68.101429,0.314766,-19.410724,147.740593
69.657229,0.326790,-19.356350,142.822521
69.473457,0.328188,-19.365985,143.292529
68.640608,0.317158,-19.390231,146.271188
69.951125,0.333862,-19.350688,142.020513
67.630585,0.323139,-19.417564,148.075037
70.574581,0.314318,-19.331238,143.464628
70.012168,0.346235,-19.333585,141.491159
65.035033,0.324164,-19.505958,153.779486
68.557606,0.323667,-19.395311,145.663243
66.737307,0.330276,-19.449867,149.183788
68.003208,0.327014,-19.408418,147.565641
70.208571,0.323015,-19.338444,142.193403
68.760959,0.333886,-19.379233,144.285029
70.389910,0.305505,-19.333867,143.503885
67.901387,0.326079,-19.412967,147.672163
67.449629,0.323816,-19.423299,148.108549
69.549619,0.334209,-19.363383,142.479170
70.305341,0.325466,-19.340700,142.578595
69.794384,0.315680,-19.356779,143.541733
69.944526,0.329386,-19.342809,141.983467
67.008735,0.332746,-19.437918,149.030368
68.178277,0.320688,-19.411311,147.418025
69.330704,0.325995,-19.364907,144.013445
70.552973,0.322534,-19.327883,141.798828
68.876515,0.318810,-19.382822,145.349248
67.304728,0.330345,-19.422101,148.340149
69.161234,0.324034,-19.364294,144.515850
69.181350,0.327422,-19.367954,143.614303
68.600047,0.327102,-19.391491,145.956087
68.673662,0.317000,-19.389909,146.220329
71.541998,0.321012,-19.298081,139.604830
69.197159,0.328640,-19.370395,143.560352
66.332728,0.329570,-19.459874,150.618677
69.914085,0.333474,-19.340197,143.052095
70.212532,0.328732,-19.340591,142.478455
66.986889,0.315249,-19.444060,150.440959
68.949064,0.320498,-19.377052,146.174949
69.176212,0.329981,-19.365895,144.260642
68.548847,0.320785,-19.388739,145.309378
67.707098,0.320083,-19.424526,149.164175
68.816551,0.324528,-19.387033,145.683663
68.008038,0.324684,-19.409387,147.081488
68.348182,0.338646,-19.393644,144.891337
67.689245,0.328542,-19.416021,147.168896
67.049350,0.329039,-19.436821,149.000991
72.432615,0.312423,-19.271320,139.770333
68.294232,0.331706,-19.388217,145.748637
67.841049,0.318384,-19.419418,147.369419
70.757580,0.321774,-19.325791,140.886524
68.100709,0.326128,-19.401766,146.404958
69.751084,0.319669,-19.350012,143.886241
70.695336,0.333769,-19.325320,140.095143
71.258520,0.333153,-19.304490,139.375406
69.498355,0.333827,-19.352625,143.336525
69.755155,0.324011,-19.349729,143.913003
66.349241,0.332827,-19.460885,150.322850
69.171009,0.315239,-19.372890,144.961196
67.159150,0.342872,-19.431811,147.516559
68.113102,0.330750,-19.405696,145.494161
68.252368,0.322522,-19.395836,146.585363
69.557549,0.333900,-19.358199,143.443285
70.271041,0.326713,-19.339163,142.362836
68.986061,0.326567,-19.374399,144.571148
68.079007,0.338011,-19.403564,145.741831
69.331346,0.319021,-19.363914,144.725757
67.620877,0.328163,-19.417748,147.973112
66.735444,0.324514,-19.452009,150.281716
69.430141,0.320571,-19.363455,144.706620
65.712070,0.328891,-19.481728,152.038738
69.692413,0.313273,-19.356238,144.013455
68.684612,0.334093,-19.382467,145.386678
68.778720,0.331088,-19.382138,144.481770
66.564896,0.328790,-19.451373,149.349020
70.568652,0.328030,-19.322736,141.558016
69.053668,0.316637,-19.380291,144.960966
68.919361,0.316760,-19.385473,145.930456
69.383624,0.327470,-19.361699,143.510151
70.337899,0.336447,-19.327375,141.783472
67.919549,0.318528,-19.414894,147.545619
67.453815,0.323933,-19.426465,148.381331
71.115463,0.320059,-19.314442,140.956189
69.254122,0.319717,-19.369122,144.448286
66.022917,0.329525,-19.464241,151.386567
70.416271,0.318266,-19.327989,142.212008
66.656208,0.331707,-19.447724,149.424161
69.649266,0.322578,-19.354421,143.884279
68.687381,0.323770,-19.384232,145.871428
66.997006,0.330125,-19.446726,148.378202
68.419145,0.322020,-19.401198,145.475172
70.916119,0.322037,-19.318377,141.554425
68.601964,0.322746,-19.389216,145.548541
69.079798,0.341294,-19.368252,144.122477
67.770549,0.330363,-19.407651,146.825591
67.445885,0.322030,-19.426159,148.599192
66.842895,0.318341,-19.449501,150.275426
67.706965,0.323055,-19.419641,147.934467
68.462696,0.319186,-19.390865,146.769497
68.153619,0.325832,-19.401221,146.405652
68.602983,0.321244,-19.393288,145.881840
68.014291,0.326344,-19.403103,146.969133
68.299120,0.327455,-19.397994,146.190078
70.298641,0.323576,-19.330908,141.945556
68.536666,0.331601,-19.388174,144.831921
66.388465,0.324957,-19.459279,151.291832
67.793689,0.328254,-19.411668,147.112931
68.486200,0.328519,-19.393798,146.166109
66.773339,0.338465,-19.446788,148.073560
69.891918,0.319157,-19.348225,143.624662
67.660816,0.321025,-19.420486,149.278442
70.440189,0.325974,-19.330606,141.762838
67.471857,0.332613,-19.419836,147.297257
69.475952,0.319540,-19.362676,143.868094
68.038933,0.320829,-19.408265,146.842820
68.978662,0.315543,-19.381640,146.109077
67.832003,0.321682,-19.412973,146.733025
68.329870,0.319673,-19.396304,147.289811
69.582825,0.331894,-19.358368,142.322329
71.483924,0.330613,-19.299429,139.295195
68.271597,0.321129,-19.410455,147.336696
69.296803,0.306687,-19.368206,145.843824
70.332282,0.317124,-19.336832,142.272460
65.714547,0.334929,-19.482284,151.246091
66.173473,0.319519,-19.467984,151.416679
68.600433,0.329991,-19.382844,145.000053
68.783505,0.329049,-19.386695,144.631285
68.289720,0.323317,-19.398504,145.918523
70.159957,0.321498,-19.342779,142.559715
67.923319,0.327604,-19.409395,146.325883
68.517981,0.321372,-19.397223,146.171711
68.218756,0.334819,-19.397232,145.898592
68.765914,0.321109,-19.390297,145.253999
69.928444,0.337632,-19.342593,141.741955
68.250743,0.323060,-19.405827,146.427551
66.854880,0.314593,-19.450507,150.831760
66.890665,0.326720,-19.438443,149.245279
69.411033,0.326728,-19.365254,143.963797
67.654549,0.324050,-19.413061,147.758811
67.819972,0.337426,-19.414023,146.591471
71.184626,0.317987,-19.311436,140.815458
67.566438,0.336997,-19.423485,146.173618
67.404086,0.331801,-19.422937,148.013300
71.407452,0.320649,-19.297024,139.594593
68.794075,0.329599,-19.382831,144.749909
66.304148,0.330068,-19.462123,149.965357
68.939935,0.321439,-19.377318,145.064279
68.828972,0.328127,-19.379372,144.939398
66.062267,0.337289,-19.466875,150.005884
69.811761,0.322418,-19.355443,143.789002
67.891982,0.317730,-19.412952,147.931305
69.981621,0.322530,-19.347239,143.117705
68.668522,0.322923,-19.387427,145.449753
69.204194,0.321315,-19.371414,144.095464
69.458582,0.321743,-19.361264,144.073850
68.533518,0.318425,-19.399164,146.918532
67.523968,0.327425,-19.424863,147.266957
69.442082,0.316826,-19.365031,144.985631
68.765049,0.327377,-19.387174,145.456871
68.602821,0.324934,-19.390598,145.646828
68.307346,0.322856,-19.401158,146.153399
68.562393,0.320123,-19.387094,145.883653
70.565100,0.308055,-19.333471,142.992399
66.920154,0.326322,-19.441171,148.949743
67.314827,0.320249,-19.429880,148.909757
68.648341,0.328842,-19.381412,144.800993
68.228731,0.321948,-19.408245,146.967974
69.532837,0.328901,-19.360799,142.424939
70.166654,0.322108,-19.336908,142.259695
68.013066,0.338489,-19.412813,145.539656
68.872055,0.322202,-19.381679,145.079081
67.486245,0.343815,-19.416923,146.729685
67.887416,0.330890,-19.415641,146.693616
69.126598,0.331197,-19.368967,143.506543
68.661949,0.325994,-19.384274,145.268359
67.165535,0.330344,-19.432294,148.234395
67.788820,0.332725,-19.412914,147.119967
70.140561,0.317964,-19.349776,143.286871
67.926749,0.333275,-19.405766,146.095054
68.581770,0.323749,-19.387726,145.481177
69.278571,0.330232,-19.369342,143.433342
66.782049,0.318414,-19.445935,149.660140
68.204543,0.331996,-19.398990,145.237312
70.184577,0.317717,-19.338924,142.926101
68.219169,0.318424,-19.403826,147.197107
70.066404,0.307653,-19.348476,144.303077
67.984540,0.318588,-19.413704,146.122691
68.428273,0.319820,-19.398026,146.930898
68.548768,0.321252,-19.394534,146.035754
67.593205,0.327834,-19.423728,148.567588
70.948269,0.326254,-19.311547,140.682311
70.808419,0.314392,-19.320336,141.792348
69.904202,0.326482,-19.351712,142.375437
70.086912,0.328408,-19.340853,142.101686
68.458786,0.323503,-19.394623,146.256636
67.732708,0.331900,-19.413439,146.571692
66.768988,0.340788,-19.443264,147.525093
69.135655,0.326853,-19.375141,143.852516
69.093239,0.332023,-19.370890,143.971545
66.273320,0.336014,-19.466410,149.181893
67.491420,0.333870,-19.421822,147.295893
69.190913,0.323894,-19.366891,143.587500
69.784684,0.320386,-19.355229,143.666922
67.459625,0.318539,-19.429227,148.840499
68.307826,0.314425,-19.398468,147.424705
69.702406,0.329541,-19.353905,142.520713
67.256762,0.321768,-19.430408,147.970823
66.956231,0.334763,-19.448833,148.102220
68.008958,0.333524,-19.410500,146.216072
69.257220,0.322835,-19.373076,144.066833
67.321195,0.319617,-19.433729,148.479696
68.475554,0.337766,-19.387533,145.265749
69.865594,0.321753,-19.347482,144.048613
70.995517,0.327784,-19.310417,139.675164
70.020298,0.316665,-19.342222,143.230121
66.970786,0.341925,-19.437976,148.191884
68.061872,0.322225,-19.405934,147.162333
68.914774,0.318326,-19.382687,144.906060
68.169856,0.322828,-19.404292,146.899323
68.314921,0.320973,-19.403846,146.483041
69.178833,0.322843,-19.370307,144.697726
69.104791,0.328853,-19.373677,143.364083
68.098023,0.317917,-19.403433,148.097458
69.863488,0.327810,-19.349220,142.684622
70.562831,0.323131,-19.333695,142.562528
69.072528,0.320095,-19.376932,145.443734
66.534298,0.327412,-19.456154,150.124239
66.761834,0.324384,-19.447608,149.658919
69.863829,0.318436,-19.355622,143.963145
69.617157,0.324735,-19.355942,143.936416
71.547286,0.331142,-19.296528,138.910056
70.783762,0.317599,-19.321506,141.708054
69.325318,0.325339,-19.370428,143.737545
71.463590,0.322346,-19.300967,139.918816
68.766650,0.325054,-19.384454,145.287772
67.673917,0.320616,-19.421339,147.079405
68.581059,0.336852,-19.387264,144.355795
68.725544,0.328181,-19.390334,146.010726
68.499456,0.331375,-19.389730,144.547054
68.564809,0.319220,-19.391191,146.422255
70.007328,0.337899,-19.336600,140.617453
68.971322,0.321639,-19.372179,144.654451
70.300643,0.314502,-19.334924,143.173244
68.476380,0.310792,-19.395905,147.221219
69.376255,0.309141,-19.367063,145.200351
68.270483,0.335018,-19.390827,145.549575
70.076492,0.334544,-19.346073,141.426903
68.430486,0.329743,-19.396031,145.543242
65.959580,0.325726,-19.465105,151.312592
69.077253,0.324785,-19.379227,144.880899
68.177819,0.326015,-19.403382,146.608412
68.245842,0.326900,-19.397402,146.761595
68.273332,0.324072,-19.401987,147.038726
68.491258,0.337881,-19.392839,144.638072
69.080020,0.324741,-19.369979,144.812483
68.144863,0.330337,-19.405089,146.285544
67.555383,0.319248,-19.425639,148.566999
67.109632,0.303316,-19.440532,151.823605
69.067509,0.321292,-19.374488,145.327755
67.713761,0.325743,-19.419877,148.036994
69.438544,0.345928,-19.356975,141.833106
69.494907,0.314310,-19.367574,144.553668
67.790926,0.324242,-19.412797,147.675578
68.500472,0.327720,-19.392550,145.127376
69.954593,0.336122,-19.344512,141.647644
71.526934,0.306365,-19.305979,141.506043
70.083426,0.328190,-19.336782,142.617953
68.917146,0.324728,-19.380556,145.181145
72.131493,0.321001,-19.291408,139.225047
71.753178,0.330268,-19.299748,138.474601
68.056263,0.328669,-19.409594,146.620100
69.629315,0.326734,-19.360705,142.853579
67.234303,0.331758,-19.428765,148.830083
68.865517,0.325308,-19.382270,145.088611
66.966428,0.339453,-19.436216,147.820831
67.266295,0.324847,-19.432552,147.851478
69.364554,0.334130,-19.362003,142.052586
67.398547,0.326635,-19.425509,148.217733
68.762672,0.324074,-19.382118,144.695145
67.811728,0.318633,-19.411889,147.440135
67.750727,0.327900,-19.414690,147.673229
68.789944,0.323284,-19.383356,144.821970
69.858335,0.322307,-19.349886,142.822650
68.988216,0.319587,-19.376275,145.182979
70.094201,0.326219,-19.343714,142.364980
70.120503,0.320229,-19.338499,143.203555
67.865714,0.328792,-19.409531,147.547683
70.502779,0.329379,-19.325987,141.115286
66.862040,0.325987,-19.439454,149.646160
71.170590,0.311255,-19.318715,141.163466
68.368628,0.332854,-19.394361,144.695772
67.206631,0.320857,-19.436017,149.571343
67.990811,0.326038,-19.402470,147.109244
69.947268,0.334044,-19.343286,142.343126
69.243490,0.328414,-19.365218,143.949590
67.862074,0.328262,-19.412688,147.056940
68.339939,0.315286,-19.393036,146.995528
68.136571,0.314112,-19.409310,147.934300
68.707283,0.319379,-19.390781,146.720630
69.741161,0.317704,-19.357550,144.487662
68.214655,0.343081,-19.394276,144.302552
68.689957,0.323895,-19.384463,145.638277
67.512763,0.330895,-19.423785,147.913103
68.374177,0.338904,-19.394940,145.163269
69.301257,0.324746,-19.368234,144.269724
69.011499,0.331231,-19.374659,143.865387
67.223769,0.334684,-19.431133,148.671764
68.118672,0.331652,-19.410215,146.338818
67.403889,0.331992,-19.424990,147.879343
70.175665,0.318225,-19.344814,143.273191
71.208658,0.335116,-19.305024,139.008650
71.680837,0.324458,-19.295654,139.339659
67.687123,0.335180,-19.413246,146.568874
69.778755,0.324502,-19.357007,143.582098
68.933554,0.328136,-19.378427,144.689949
68.379247,0.330884,-19.398395,145.434587
68.692244,0.323892,-19.387186,145.753772
68.688800,0.329813,-19.382429,145.188957
68.276154,0.328329,-19.400909,147.062164
68.414828,0.328088,-19.393691,145.103939
69.625718,0.317532,-19.355646,144.259120
68.091119,0.328109,-19.407376,146.096623
71.202808,0.315889,-19.309700,140.892932
68.780697,0.319358,-19.380116,146.808898
69.759754,0.329628,-19.347602,142.494733
69.208306,0.334652,-19.369314,143.647065
68.638198,0.332704,-19.382176,145.066552
66.843155,0.317675,-19.448567,150.257767
67.084393,0.314642,-19.437406,149.429265
71.457212,0.316246,-19.308383,140.965983
67.138401,0.335317,-19.438219,147.844020
72.545702,0.326988,-19.267707,137.372081
66.970829,0.337706,-19.434506,148.379267
68.178039,0.330843,-19.401629,145.512440
70.130874,0.327022,-19.341849,141.876909
67.459219,0.313880,-19.429166,148.429204
68.303052,0.323977,-19.391272,146.557891
69.087294,0.325347,-19.379734,143.703057
67.618267,0.326594,-19.423219,148.315751
67.650221,0.326328,-19.421786,148.041228
69.038051,0.329517,-19.372093,143.975668
67.935976,0.333727,-19.409439,145.785923
65.503254,0.340798,-19.479329,151.111789
68.559722,0.318427,-19.396240,145.412285
68.985258,0.324894,-19.377951,145.174335
70.106995,0.338770,-19.334047,141.546686
66.972688,0.328238,-19.442008,148.955974
67.755915,0.330628,-19.417433,147.345420
68.764977,0.325028,-19.376967,145.127824
70.158902,0.323148,-19.343948,142.559995
69.669787,0.337397,-19.351735,142.771375
70.882694,0.322751,-19.319711,141.156203
69.945860,0.323103,-19.352195,141.953289
70.996560,0.321730,-19.317337,141.173996
67.790457,0.325281,-19.420143,148.398358
67.018258,0.335807,-19.435393,148.962344
71.457312,0.316823,-19.301017,140.084341
69.684983,0.331519,-19.353759,142.768210
67.398958,0.338987,-19.419978,147.843872
69.028099,0.324987,-19.377898,144.782428
68.516255,0.320120,-19.393038,146.980962
68.173042,0.329057,-19.396306,146.129824
69.222325,0.324534,-19.370029,144.279282
69.204304,0.330847,-19.365703,144.063438
68.628182,0.327928,-19.378392,145.076806
69.669864,0.338586,-19.354422,142.504301
68.086954,0.339443,-19.402211,144.701787
67.463595,0.322947,-19.422855,148.202747
70.093482,0.326902,-19.339168,142.295113
70.997391,0.315479,-19.320843,141.236882
68.469245,0.329561,-19.395579,145.706189
67.531177,0.330315,-19.417794,147.258548
67.980849,0.321930,-19.403905,147.397147
70.178537,0.329530,-19.338317,141.749888
69.976150,0.327412,-19.348545,142.574606
68.546472,0.328274,-19.390109,144.852171
68.685823,0.322770,-19.384554,145.676352
68.655245,0.334897,-19.382446,144.737390
67.671343,0.328567,-19.424519,147.376406
68.625482,0.332116,-19.389787,145.352765
69.231706,0.322351,-19.368492,143.867455
68.575358,0.328873,-19.388372,145.335132
67.086984,0.326306,-19.440494,148.596816
68.184288,0.327328,-19.397643,145.894821
70.174771,0.317814,-19.340825,143.540509
69.193748,0.343441,-19.367002,143.066701
65.497040,0.330020,-19.486565,151.683309
66.770776,0.328755,-19.442130,149.485738
68.277507,0.327003,-19.394038,146.418796
69.534209,0.333594,-19.359365,142.733135
69.585379,0.330619,-19.357189,143.446259
69.701835,0.313727,-19.359279,144.417441
65.280955,0.330634,-19.493937,152.202259
72.064030,0.322560,-19.283131,138.459018
68.671739,0.327022,-19.386607,145.435853
69.513569,0.341701,-19.348303,143.346202
67.616584,0.324351,-19.422439,146.865515
67.848658,0.330444,-19.411653,146.436411
68.321614,0.330219,-19.392746,145.953998
67.900887,0.323684,-19.415698,147.519289
69.852326,0.318062,-19.350165,143.866853
70.713975,0.329045,-19.314814,140.914196
68.381301,0.321034,-19.395471,146.359028
70.093377,0.322698,-19.341773,142.524132
68.038215,0.330687,-19.399047,146.704804
69.100563,0.321499,-19.376174,145.765590
69.935417,0.331722,-19.345569,142.230393
69.470103,0.326548,-19.361873,142.974130
70.118943,0.328813,-19.340207,141.987969
68.175414,0.324520,-19.402687,146.538270
67.605378,0.319948,-19.428277,148.350267
70.291827,0.333224,-19.330841,142.042943
67.238925,0.322758,-19.426656,148.924020
68.307489,0.328276,-19.397447,146.084751
68.985053,0.322364,-19.381717,145.378323
66.914680,0.335259,-19.438931,147.901572
67.739834,0.332079,-19.416348,146.383900
68.157128,0.332737,-19.397715,146.284242
68.617978,0.329181,-19.385790,145.380483
68.406236,0.328557,-19.395794,145.866479
69.962418,0.323723,-19.339254,141.735852
67.828865,0.321857,-19.411262,148.184284
68.732404,0.321479,-19.386465,144.847479
70.503836,0.317879,-19.327575,142.084496
70.831981,0.314630,-19.327361,142.348153
67.557260,0.321045,-19.418852,148.770447
68.555035,0.325729,-19.392395,145.396141
66.408552,0.326584,-19.458197,151.111158
69.925628,0.330077,-19.344228,142.448947
69.259847,0.327239,-19.372749,143.796658
68.309265,0.321370,-19.400945,145.895278
67.468712,0.319096,-19.428807,149.153728
68.173782,0.325947,-19.398866,146.770026
66.701206,0.334288,-19.451306,148.557542
68.108199,0.331363,-19.405528,146.368161
67.672988,0.334052,-19.413554,147.022388
68.454603,0.321596,-19.391292,146.483543
67.486746,0.326678,-19.422264,147.266213
67.704735,0.330701,-19.420938,147.117570
68.851726,0.339735,-19.378651,144.405322
69.842806,0.331783,-19.344552,142.079647
69.525603,0.329381,-19.357883,143.262132
69.444276,0.320634,-19.357062,144.483925
69.297002,0.305579,-19.369923,145.482293
69.104272,0.331810,-19.369312,144.391012
68.466377,0.324204,-19.395910,146.112511
68.739841,0.322516,-19.383526,145.830392
68.135393,0.317193,-19.405131,147.641172
67.306246,0.341648,-19.424052,147.460569
66.732591,0.322895,-19.453270,149.994652
68.754625,0.325103,-19.386557,145.420772
68.552136,0.330333,-19.388421,145.484920
67.331918,0.323826,-19.427573,149.199469
68.299489,0.331357,-19.399037,146.000657
68.991903,0.330282,-19.372451,144.303592
68.864541,0.337951,-19.375253,144.059888
66.191687,0.328155,-19.466365,150.094341
66.614756,0.343186,-19.448351,148.517284
70.393970,0.329407,-19.332276,141.506687
70.253221,0.322234,-19.343458,142.573486
68.303548,0.325504,-19.396424,145.971857
67.162581,0.326026,-19.429890,149.202269
68.043525,0.328998,-19.407892,146.046762
69.491150,0.318055,-19.362900,144.174341
68.548362,0.314836,-19.388724,146.184499
67.266134,0.323546,-19.430699,149.073835
70.394554,0.337260,-19.329041,140.103568
68.960716,0.326022,-19.370368,145.254603
69.751251,0.324024,-19.348016,142.758951
69.256861,0.317325,-19.371585,144.878994
67.333082,0.313084,-19.434861,148.858815
68.830943,0.320519,-19.381821,145.898450
68.321053,0.344447,-19.384278,145.041910
68.432994,0.333765,-19.396573,145.048372
69.836343,0.326199,-19.350240,142.433812
67.472501,0.337491,-19.416387,147.167019
68.209812,0.334409,-19.393523,145.945455
68.219523,0.314901,-19.404998,147.276489
66.577917,0.339011,-19.455413,148.456792
70.101162,0.326877,-19.341521,142.506169
71.290204,0.319470,-19.305624,140.626765
67.350330,0.340086,-19.428241,146.779240
69.991427,0.324936,-19.347005,142.318056
71.578099,0.327892,-19.291784,139.520875
70.710544,0.315991,-19.322432,142.604087
68.286609,0.320802,-19.404427,147.156327
68.476654,0.331711,-19.388303,145.087124
68.114145,0.326778,-19.409249,146.812756
67.060632,0.327805,-19.431787,149.121721
67.909071,0.318354,-19.415960,148.009582
70.686836,0.324111,-19.323692,141.985393
69.163410,0.328971,-19.366728,144.377914
67.316362,0.330901,-19.428052,148.486289
69.030553,0.330287,-19.374228,144.695613
69.456939,0.320611,-19.361477,144.436700
68.782743,0.339583,-19.377876,143.697103
68.303836,0.330999,-19.399097,146.589022
67.467485,0.329786,-19.422030,147.724300
69.775007,0.322019,-19.347189,143.252390
68.748138,0.329127,-19.387762,144.794248
68.563817,0.328205,-19.386973,144.999215
65.244551,0.329205,-19.491515,152.567027
68.175990,0.330402,-19.402945,145.771670
69.049342,0.320811,-19.376217,144.947650
68.466203,0.337472,-19.388494,144.960174
70.232226,0.321093,-19.345682,142.836692
69.659749,0.334378,-19.361002,142.691866
70.447470,0.317261,-19.332725,143.242094
70.430500,0.315202,-19.330730,141.269480
69.634554,0.310791,-19.357809,144.206820
69.796489,0.317865,-19.350522,143.531953
69.310165,0.335468,-19.371364,143.373622
67.682628,0.344333,-19.411533,146.034048
66.394186,0.344461,-19.450412,148.212844
69.906459,0.322905,-19.350784,143.277369
70.712910,0.327400,-19.320280,141.451939
67.940852,0.329524,-19.404870,146.611821
68.685891,0.332336,-19.383488,145.350716
69.527535,0.325849,-19.357388,143.324858
68.528727,0.327205,-19.392538,146.194215
70.579308,0.308372,-19.328589,142.958264
68.935498,0.331281,-19.380898,144.314369
70.552268,0.318105,-19.327633,141.897461
69.798923,0.317817,-19.353854,144.413040
68.344099,0.344210,-19.388410,144.691639
68.034938,0.326627,-19.404789,147.580124
65.440592,0.326998,-19.485753,152.262321
70.722888,0.323916,-19.325100,141.079825
68.695902,0.323418,-19.382356,146.183217
67.869693,0.320958,-19.415004,147.304594
69.330395,0.329503,-19.366802,144.731810
66.830096,0.329487,-19.446818,149.110905
71.442031,0.322051,-19.300837,140.132206
69.901036,0.322032,-19.346883,143.577260
68.375381,0.331103,-19.393983,146.427898
68.355948,0.342381,-19.389033,145.304262
68.780498,0.327101,-19.383409,145.923001
68.614974,0.321586,-19.391794,145.861724
69.731136,0.321019,-19.351828,142.916936
69.926820,0.327673,-19.351499,142.066414
67.731412,0.319858,-19.422048,147.664225
71.261421,0.324153,-19.303156,139.777420
68.591317,0.332404,-19.385469,144.892903
66.336978,0.324452,-19.463430,150.801068
66.148821,0.327645,-19.473421,150.940954
67.164963,0.329110,-19.439847,149.044372
69.701207,0.324385,-19.361028,143.381970
67.367884,0.327965,-19.423035,148.365934
69.658148,0.323514,-19.352515,143.677307
68.228039,0.328771,-19.399116,146.025606
69.782490,0.333184,-19.347603,142.080638
68.388900,0.319585,-19.400543,146.898340
67.338812,0.327293,-19.428642,148.078928
66.898820,0.337188,-19.439507,148.079996
69.583736,0.324083,-19.354198,143.531096
65.580351,0.331213,-19.479579,151.911430
70.730876,0.322769,-19.317587,141.833742
69.606358,0.327623,-19.356629,144.546667
68.223074,0.332894,-19.397939,146.193209
66.888522,0.344810,-19.443976,148.383758
67.254392,0.329654,-19.432426,148.340877
67.019287,0.337844,-19.432214,148.384197
70.150775,0.315354,-19.343258,144.144922
69.595885,0.339288,-19.354182,142.962882
69.225925,0.323001,-19.368844,144.010665
68.319911,0.333403,-19.393141,145.589873
67.218209,0.325330,-19.427113,148.467366
69.681280,0.323233,-19.358841,143.462232
67.673218,0.315185,-19.418694,148.780794
68.341694,0.321199,-19.401284,147.284299
67.775495,0.333149,-19.409463,147.967701
69.976326,0.335995,-19.340407,141.342725
69.459552,0.323607,-19.362518,143.574752
70.860308,0.322827,-19.316298,141.306618
65.929500,0.345372,-19.468872,150.380851
67.665370,0.326211,-19.419353,147.232230
69.201131,0.328464,-19.366037,143.993223
68.753532,0.314092,-19.383350,146.154484
70.361725,0.319316,-19.339142,142.342027
67.343212,0.328354,-19.428364,148.439393
66.686210,0.324986,-19.452430,148.839606
70.499661,0.323726,-19.332818,141.033623
66.933748,0.337463,-19.444619,147.826388
69.320032,0.313248,-19.366042,145.144069
68.229982,0.327243,-19.402348,146.080384
68.524821,0.322187,-19.393307,146.787248
67.634763,0.329393,-19.419206,147.274597
68.769216,0.315844,-19.393174,146.119420
68.047922,0.331109,-19.404660,146.532275
70.297165,0.325261,-19.333918,141.698724
67.658334,0.321535,-19.415588,148.366721
68.188319,0.310366,-19.411662,148.600841
68.870731,0.318757,-19.384869,145.944345
68.511086,0.327141,-19.391953,144.827269
67.670117,0.312955,-19.426780,149.072526
69.433961,0.320879,-19.361956,143.823970
69.403430,0.325429,-19.360746,143.958056
71.401459,0.323439,-19.304395,140.392594
68.177908,0.332895,-19.404111,146.233889
69.147455,0.319229,-19.374355,144.827896
67.676869,0.333909,-19.416915,147.083105
68.309084,0.338300,-19.391736,145.055080
69.277638,0.320292,-19.370009,145.122413
68.557287,0.329324,-19.389897,145.341045
69.148975,0.315533,-19.377141,145.652296
69.185314,0.330258,-19.365679,144.576899
69.275178,0.321976,-19.368448,144.123142
69.920686,0.323439,-19.348136,144.363257
67.894635,0.318809,-19.414366,147.268675
67.812840,0.316593,-19.417818,148.378692
68.082364,0.329976,-19.398808,147.171033
69.309091,0.340769,-19.366035,142.741773
69.351056,0.316996,-19.367987,144.356183
70.571745,0.316538,-19.330949,142.519902
67.075511,0.326563,-19.433745,148.226052
69.239475,0.318577,-19.373412,144.793454
70.045350,0.322346,-19.344117,142.195742
70.143729,0.327886,-19.334907,141.453088
69.480424,0.325055,-19.362874,143.655055
66.069244,0.330267,-19.470029,150.756801
68.226508,0.322769,-19.403631,146.434299
67.833861,0.336324,-19.409683,146.354465
68.577809,0.329510,-19.393180,145.501257
70.240409,0.319654,-19.339076,142.766380
69.436446,0.329764,-19.359838,143.305798
69.574288,0.321937,-19.358625,143.932035
67.974946,0.340029,-19.398895,146.327608
69.741466,0.326723,-19.351518,143.219193
68.989407,0.331700,-19.373469,144.126004
69.876972,0.328503,-19.349369,142.866847
67.930013,0.327013,-19.404299,147.446500
68.899618,0.309282,-19.381326,146.503282
67.040013,0.324244,-19.446694,149.142170
70.859789,0.312256,-19.321174,141.627022
66.901247,0.330432,-19.443775,149.043730
69.800812,0.319859,-19.351808,143.611624
68.642694,0.330509,-19.385821,145.414428
71.282473,0.316739,-19.308234,141.293437
69.191615,0.338912,-19.369171,143.362421
69.498894,0.321237,-19.363484,143.890521
68.648107,0.334292,-19.385991,145.165350
71.415907,0.330889,-19.303733,139.500574
68.240034,0.327849,-19.399134,146.377694
68.345713,0.331542,-19.402696,144.951939
69.822050,0.333539,-19.341835,142.115855
70.176491,0.324544,-19.338449,143.055681
69.298904,0.329130,-19.366414,143.878059
68.860532,0.344018,-19.371776,143.571437
70.122577,0.326100,-19.338189,141.850837
68.390447,0.325594,-19.388975,146.342696
69.145997,0.330416,-19.369046,144.349540
67.226874,0.329244,-19.437518,148.307090
68.770200,0.328340,-19.380919,145.008748
67.314912,0.319830,-19.439459,148.189920
68.265119,0.328150,-19.395772,145.702820
