66.922812,-9.119335,-0.135140,-0.794148,-0.824965,-19.414454,143.858228
68.144450,-7.647833,-0.150554,-0.988936,-1.029671,-19.381954,142.973373
70.575872,-8.206753,-0.162077,-0.911400,-1.064263,-19.312138,139.548697
68.039797,-7.120523,-0.061264,-0.792709,-1.096982,-19.386615,143.797793
67.193331,-9.103022,-0.092279,-0.674482,-0.862843,-19.412512,145.219380
68.544428,-8.187046,-0.213810,-1.057690,-1.092939,-19.371256,142.730080
65.805611,-8.951755,-0.092875,-0.744083,-0.789934,-19.452441,147.999021
66.139755,-7.486540,-0.074147,-0.725914,-1.073347,-19.437003,146.992445
65.489269,-10.320261,-0.144217,-0.764208,-0.670726,-19.459705,147.893765
68.188665,-8.869650,-0.167333,-0.884530,-0.924660,-19.385367,143.048004
68.185790,-7.319750,-0.180201,-1.171793,-1.062692,-19.384717,144.369324
69.124243,-10.316454,-0.100629,-0.617501,-0.780802,-19.349401,140.917409
69.224457,-7.443376,-0.152667,-1.093769,-0.997586,-19.344501,140.623186
67.564715,-7.880858,-0.114260,-0.709174,-1.176235,-19.395574,144.230698
65.189712,-8.913440,-0.193869,-0.986559,-0.874691,-19.481440,151.119362
66.569702,-10.350071,-0.166470,-0.890135,-0.643959,-19.430104,145.186562
68.594786,-10.861300,-0.121622,-0.608251,-0.747828,-19.361266,141.954018
70.449138,-8.605941,-0.175291,-0.715581,-1.290611,-19.315854,140.264608
68.552965,-7.288532,-0.150196,-1.011825,-1.106178,-19.364941,141.223600
68.740994,-8.597183,-0.148085,-0.971665,-0.832118,-19.359233,141.505575
64.802498,-6.638377,-0.097257,-0.871633,-1.221353,-19.485633,150.070091
66.554110,-9.511240,-0.116365,-0.784507,-0.732525,-19.428081,146.939719
68.690025,-8.963940,-0.099718,-0.866434,-0.705604,-19.359533,141.199958
66.721974,-8.551195,-0.104412,-0.932826,-0.715345,-19.422354,144.513622
67.215972,-10.696084,-0.145812,-0.639263,-0.767935,-19.398100,143.917360
68.225068,-8.957784,-0.126177,-0.970655,-0.703103,-19.376475,142.161328
67.994918,-7.907251,-0.094706,-0.825941,-0.935916,-19.386415,142.187930
65.886493,-9.758561,-0.167742,-0.552828,-1.168795,-19.463238,148.641376
68.704718,-10.242660,-0.102457,-0.642037,-0.752292,-19.361962,141.668764
69.041324,-9.794907,-0.139183,-0.675946,-0.892333,-19.351919,142.009469
68.533024,-8.040686,-0.152022,-0.816906,-1.123669,-19.366289,141.543005
70.314459,-7.727348,-0.158324,-1.255263,-0.848211,-19.316318,139.892952
68.530410,-8.308255,-0.169093,-1.118394,-0.842424,-19.378621,142.084225
65.846855,-9.386475,-0.171870,-0.722359,-0.981164,-19.457370,147.699478
67.129932,-10.473345,-0.171506,-0.784208,-0.736034,-19.414120,146.422511
69.321306,-8.531122,-0.226800,-0.892990,-1.268023,-19.347138,140.660862
63.927555,-7.499545,-0.194609,-0.863215,-1.342554,-19.519477,151.848234
66.861445,-7.059711,-0.102168,-1.064384,-0.923920,-19.418394,145.410736
67.327699,-6.670289,-0.109206,-0.781391,-1.383895,-19.395141,142.558664
69.387231,-8.319563,-0.080756,-0.761293,-0.882942,-19.329850,138.731529
68.368859,-8.000857,-0.183051,-0.892334,-1.199691,-19.371413,143.822864
67.896565,-7.757002,-0.164728,-1.136604,-0.903054,-19.384000,142.039718
68.310779,-9.470417,-0.224017,-1.133886,-0.804695,-19.389758,144.040531
70.092438,-8.048451,-0.124526,-1.063451,-0.812635,-19.316003,139.286682
66.189520,-7.960089,-0.150238,-0.664163,-1.361904,-19.441813,146.463276
67.127416,-8.093272,-0.107758,-0.704942,-1.058708,-19.405983,142.833821
67.439259,-9.712601,-0.139233,-0.757614,-0.783744,-19.409416,144.394705
66.333819,-10.105029,-0.163384,-0.720890,-0.822881,-19.440372,147.284455
65.584765,-7.638764,-0.088773,-0.939676,-0.851787,-19.461993,148.196946
66.462582,-9.503370,-0.144162,-0.749870,-0.833254,-19.429805,146.693501
70.994093,-8.870381,-0.031952,-0.829300,-0.649771,-19.283503,138.367229
69.392978,-7.584686,-0.117871,-0.765263,-1.213052,-19.339298,140.924400
68.685977,-7.494816,-0.150005,-0.906450,-1.161133,-19.364585,140.692050
69.620714,-9.794871,-0.175326,-0.824070,-0.857688,-19.344081,140.895345
66.941918,-8.725847,-0.146972,-0.938980,-0.798875,-19.417897,146.340498
66.322891,-7.537089,-0.064867,-0.912133,-0.827617,-19.430149,146.958114
65.952961,-7.676919,-0.100428,-0.688316,-1.171048,-19.446230,147.787617
66.420677,-6.450568,-0.100554,-1.092492,-1.080689,-19.439191,147.479577
67.386758,-9.266679,-0.184032,-0.821714,-0.963375,-19.410251,145.201100
68.675350,-8.019904,-0.044904,-0.805244,-0.790009,-19.352253,140.006205
66.409278,-9.245467,-0.140135,-0.759837,-0.861338,-19.439528,146.904933
68.473718,-7.872758,-0.134449,-1.038660,-0.870705,-19.370047,142.402567
66.730239,-7.178050,-0.061421,-1.043706,-0.801980,-19.423775,145.582717
69.597688,-9.651305,-0.178835,-0.766939,-0.964733,-19.345007,141.018063
68.498334,-8.231869,-0.137780,-1.152843,-0.729736,-19.365231,141.584687
65.899987,-8.679702,-0.121673,-0.743332,-0.930622,-19.448555,148.454631
66.321517,-10.900256,-0.192762,-0.799065,-0.721148,-19.442319,147.098660
68.573203,-10.024695,-0.120907,-0.913911,-0.595989,-19.361319,142.609910
69.440863,-8.492701,-0.248663,-1.371814,-0.941248,-19.352613,142.191559
69.752948,-10.753843,-0.196085,-0.625409,-1.024815,-19.339160,140.511796
69.609467,-8.924259,-0.129176,-0.879001,-0.798036,-19.328682,140.252355
67.853063,-7.373711,-0.142591,-1.016311,-1.036135,-19.392776,143.795263
69.912961,-8.772344,-0.100729,-0.877645,-0.762586,-19.326748,139.756020
68.291334,-7.166627,-0.107078,-0.897744,-1.113871,-19.375293,141.831194
68.626148,-9.622958,-0.053667,-0.687065,-0.691932,-19.357561,142.443477
66.957834,-8.788526,-0.221256,-1.042825,-0.969587,-19.425814,146.572953
66.206514,-8.477260,-0.100461,-0.679426,-0.966069,-19.437592,146.474953
64.939478,-7.702223,-0.104944,-0.649927,-1.255585,-19.481860,151.076655
65.128989,-10.336229,-0.140593,-0.767003,-0.654744,-19.477169,148.925347
66.770592,-7.449683,-0.139506,-0.851286,-1.182368,-19.427069,145.765476
66.272999,-7.585770,-0.158809,-1.212307,-0.860829,-19.440838,148.376809
67.978993,-9.831503,-0.046265,-0.514363,-0.827354,-19.384629,141.770510
68.816117,-7.460269,-0.172132,-1.075077,-1.093845,-19.362643,142.512788
68.558401,-8.234331,-0.123579,-0.689683,-1.157111,-19.364075,142.133418
66.785510,-9.324604,-0.185616,-0.984038,-0.793665,-19.431010,146.265470
66.998813,-10.211767,-0.158241,-0.825563,-0.690953,-19.418792,143.874156
67.955684,-11.012028,-0.119031,-0.620069,-0.701277,-19.381511,142.919832
69.523892,-8.625183,-0.135879,-0.620466,-1.258755,-19.338167,140.910948
67.272317,-6.964543,-0.163328,-0.926617,-1.348932,-19.405680,144.991873
69.373882,-7.657965,-0.141620,-1.110468,-0.886498,-19.339955,140.020944
65.421466,-6.479112,-0.068908,-0.858728,-1.176370,-19.466556,148.684747
66.620401,-10.368688,-0.149423,-0.801334,-0.678912,-19.429037,147.216978
68.780308,-9.757942,-0.133540,-0.789777,-0.752879,-19.358082,142.067715
67.971991,-8.485970,-0.074472,-0.907685,-0.698246,-19.381793,142.491971
67.425615,-10.497398,-0.191576,-0.681456,-0.918752,-19.400465,144.155245
68.158016,-8.463536,-0.134479,-1.095485,-0.698978,-19.376296,141.613061
66.860547,-8.488220,-0.096416,-0.761755,-0.874189,-19.422199,145.150675
66.952329,-8.551678,-0.144972,-0.643828,-1.231899,-19.424008,146.178045
68.586017,-10.798991,-0.120399,-0.706289,-0.650215,-19.365535,141.568652
66.823836,-9.434590,-0.087577,-0.639384,-0.818355,-19.421879,145.731962
68.045272,-7.775421,-0.157177,-0.831393,-1.204467,-19.383813,142.737736
64.658301,-7.650618,-0.131666,-0.954156,-0.941331,-19.487089,150.006863
68.515316,-9.811769,-0.156879,-1.023296,-0.633833,-19.373926,143.134588
65.197155,-9.615733,-0.158799,-0.707638,-0.900998,-19.479830,149.102498
67.832742,-9.458992,-0.119167,-0.954607,-0.609667,-19.386821,143.694564
69.494356,-8.650163,-0.232443,-0.911262,-1.243878,-19.342111,140.315011
67.089509,-7.461118,-0.165112,-0.891874,-1.261009,-19.413608,147.437921
67.074984,-6.564726,-0.121333,-1.214967,-1.007260,-19.417648,144.665398
67.497018,-7.009306,-0.151069,-0.879379,-1.354326,-19.395201,142.567259
67.063629,-9.396025,-0.157872,-0.772507,-0.870327,-19.413565,145.061113
67.057982,-7.185802,-0.181694,-0.987849,-1.302332,-19.412742,146.605458
68.527064,-8.432751,-0.176481,-1.004090,-0.920873,-19.362986,140.905521
68.500043,-9.090713,-0.198179,-1.107009,-0.805921,-19.379892,143.426599
67.935691,-6.936214,-0.119302,-1.197659,-0.898930,-19.379988,141.841722
66.467916,-7.113357,-0.134531,-0.795413,-1.356485,-19.433096,146.311212
67.720664,-8.419988,-0.124160,-0.741011,-1.020264,-19.395906,142.873871
69.363470,-10.021933,-0.123274,-0.661919,-0.825970,-19.342576,140.936053
68.432286,-9.557693,-0.162384,-0.684323,-1.006087,-19.374501,143.587402
66.157506,-7.510360,-0.133938,-0.871033,-1.107858,-19.446668,147.009133
66.275377,-10.728085,-0.147185,-0.669870,-0.729680,-19.439353,146.362503
69.187895,-9.656668,-0.110583,-0.873584,-0.649100,-19.346671,140.813064
67.354862,-7.143038,-0.106521,-0.892894,-1.097435,-19.404522,144.478464
68.705160,-6.971645,-0.126385,-1.072402,-1.043478,-19.362802,141.309568
68.115539,-8.554629,-0.127301,-0.730768,-1.026079,-19.382372,143.232597
66.400770,-8.555788,-0.106446,-0.697416,-0.963161,-19.426251,145.973979
66.318352,-7.130484,-0.098184,-0.860912,-1.085479,-19.432112,146.885267
67.380880,-7.001695,-0.061875,-0.773311,-1.122388,-19.388092,144.276020
67.134466,-6.676078,-0.123651,-1.134836,-1.058905,-19.416488,145.971759
65.856465,-8.753829,-0.194940,-0.934769,-0.964201,-19.463345,149.596350
65.940786,-8.113983,-0.082474,-0.708188,-0.964131,-19.445034,147.131728
65.509314,-8.423002,-0.054316,-0.707319,-0.825023,-19.469365,148.605167
65.047650,-6.635022,-0.119622,-1.043626,-1.096477,-19.475848,148.981648
67.778077,-7.575126,-0.058144,-0.981726,-0.755394,-19.380957,142.682919
70.684659,-10.897833,-0.197767,-0.676717,-0.937349,-19.317584,139.388011
67.287153,-8.266972,-0.117584,-1.193641,-0.622243,-19.403615,143.417432
68.223397,-9.896074,-0.179867,-0.802392,-0.848846,-19.382208,143.939691
66.160543,-11.167563,-0.193667,-0.805282,-0.678562,-19.448050,147.430797
69.435682,-9.886115,-0.110445,-0.902146,-0.604042,-19.334359,141.171437
69.251786,-7.830012,-0.234855,-1.397218,-1.006870,-19.357256,142.174981
68.839477,-10.831283,-0.190809,-0.628533,-0.963853,-19.368339,142.462023
70.305137,-9.292934,-0.149886,-1.076171,-0.668001,-19.311140,138.803913
66.143739,-7.010300,-0.120575,-0.915530,-1.137541,-19.447690,146.521351
71.857224,-8.836925,-0.113783,-1.063000,-0.675905,-19.270086,136.212087
67.807803,-6.711356,-0.090300,-0.867439,-1.210767,-19.389826,142.644428
67.797813,-9.414782,-0.040073,-0.636358,-0.733021,-19.387452,143.755282
65.964759,-8.947915,-0.217281,-0.998697,-0.960705,-19.460050,149.063978
65.853674,-9.056614,-0.165837,-0.850721,-0.878182,-19.456143,148.656377
65.833818,-8.279916,-0.077484,-0.576528,-1.129397,-19.450803,148.361444
65.779051,-7.431076,-0.104289,-0.807277,-1.088881,-19.453805,147.743834
66.790633,-7.376443,-0.124569,-0.787747,-1.232115,-19.421403,145.897904
68.004568,-7.393414,-0.168476,-1.322456,-0.890590,-19.386034,144.297568
67.655187,-9.466496,-0.053848,-0.599143,-0.791258,-19.392667,142.499538
69.135885,-8.069654,-0.183027,-1.004242,-1.063746,-19.354650,142.230776
69.128218,-9.390639,-0.126279,-0.661749,-0.951883,-19.349237,140.485249
67.110703,-8.894137,-0.179317,-1.214058,-0.678340,-19.418255,145.582651
68.478674,-10.262097,-0.189913,-0.995571,-0.662448,-19.375587,142.070846
68.774548,-10.693057,-0.087582,-0.557559,-0.751252,-19.353990,141.096114
69.213708,-8.840157,-0.145460,-0.565877,-1.354347,-19.350934,141.366088
68.206090,-7.430438,-0.186273,-0.980036,-1.275580,-19.376665,143.225672
67.499606,-8.578587,-0.128910,-0.957655,-0.765912,-19.397817,144.026042
66.715299,-6.309733,-0.046135,-0.995475,-1.027962,-19.423635,146.377942
65.481819,-10.086418,-0.171702,-0.950167,-0.649910,-19.472971,149.319006
70.069101,-10.049381,-0.153759,-0.680442,-0.906478,-19.318830,140.564383
69.445876,-8.789104,-0.151708,-1.256622,-0.631971,-19.351552,140.653405
67.777383,-10.363274,-0.168287,-0.703299,-0.844628,-19.390249,143.983350
67.065364,-9.012288,-0.137106,-1.000657,-0.676402,-19.410596,144.989029
67.869223,-9.205545,-0.131545,-0.949545,-0.678198,-19.383872,143.413516
65.253020,-8.649348,-0.135803,-0.608621,-1.184992,-19.475306,149.517058
68.270156,-10.303662,-0.112825,-0.696515,-0.709888,-19.373191,142.229730
68.669805,-9.027502,-0.098020,-0.799341,-0.748670,-19.360091,141.807545
67.478629,-7.913461,-0.154758,-0.832152,-1.148782,-19.405517,144.522714
68.076209,-7.792929,-0.163101,-0.998433,-1.045340,-19.387034,143.549850
68.840312,-10.386112,-0.177925,-0.995830,-0.622762,-19.364366,142.098860
64.154589,-8.942438,-0.164313,-0.752945,-0.997758,-19.516341,152.560672
67.351131,-9.171967,-0.170496,-1.067391,-0.704984,-19.409853,144.656805
69.481709,-8.783045,-0.228528,-0.874718,-1.237420,-19.342214,140.383218
68.488832,-8.217435,-0.181698,-0.957533,-1.072269,-19.372812,145.460866
67.795938,-6.514949,-0.133094,-1.287048,-1.000404,-19.397018,142.196207
65.863837,-7.444387,-0.133829,-0.763512,-1.274726,-19.452156,146.851512
67.564332,-10.040245,-0.131479,-0.680798,-0.793053,-19.397320,143.294467
67.333847,-7.393499,-0.189507,-0.902850,-1.387932,-19.405710,146.096317
67.346817,-9.446578,-0.157892,-0.971088,-0.695058,-19.401490,144.142861
69.168784,-8.964328,-0.195764,-1.020348,-0.899700,-19.358747,141.915865
68.126683,-8.208413,-0.154692,-1.215423,-0.733422,-19.379463,142.358344
66.413955,-7.014361,-0.128783,-0.795845,-1.366295,-19.434221,146.199885
69.340201,-8.227871,-0.109723,-0.741393,-1.020932,-19.332234,138.509559
69.921412,-8.763615,-0.111237,-0.691049,-1.003926,-19.320863,139.514862
66.806027,-9.718637,-0.135604,-0.639493,-0.928240,-19.426066,146.118158
63.588774,-7.106371,-0.068529,-0.796456,-1.036858,-19.529458,152.610435
66.363063,-11.099286,-0.139580,-0.629735,-0.707611,-19.436420,146.640128
69.473364,-9.106643,-0.083424,-0.849752,-0.681858,-19.336247,140.131004
69.412925,-6.958032,-0.048049,-1.034571,-0.845323,-19.340789,139.246709
69.011474,-7.732330,-0.183315,-1.311328,-0.858269,-19.352864,141.393844
68.383997,-8.350470,-0.114390,-0.867236,-0.872708,-19.376343,141.526444
67.496225,-9.650044,-0.130210,-0.694576,-0.848652,-19.396559,144.163260
68.499583,-7.713071,-0.145091,-0.832235,-1.191714,-19.368534,142.446292
68.205471,-7.332698,-0.062372,-0.762007,-1.080669,-19.366002,142.164983
65.576672,-6.761234,-0.124243,-0.969709,-1.192334,-19.467013,149.417484
68.458218,-7.752498,-0.133767,-0.834988,-1.108916,-19.372125,141.185355
66.731849,-8.295277,-0.084694,-0.746478,-0.900209,-19.422217,146.080562
67.624533,-9.964848,-0.142496,-0.761185,-0.769082,-19.402948,145.213386
66.557254,-6.904692,-0.114399,-1.118741,-0.948271,-19.424506,145.125251
66.228958,-8.017910,-0.080052,-1.031383,-0.670280,-19.433568,146.041651
68.522077,-9.264937,-0.143630,-0.591324,-1.156560,-19.366315,142.213043
66.775360,-8.061241,-0.123170,-1.228942,-0.649753,-19.422187,144.572955
69.411070,-9.879119,-0.168542,-0.762764,-0.878825,-19.343756,140.970135
65.455630,-11.226761,-0.195398,-0.846092,-0.634938,-19.470211,148.716831
67.839760,-10.108428,-0.124712,-0.928173,-0.570833,-19.385669,144.551440
69.078569,-7.956356,-0.238317,-1.357048,-1.036772,-19.363327,142.889527
68.487540,-11.085545,-0.183244,-0.616338,-0.903407,-19.378434,142.985873
70.507142,-9.719901,-0.162408,-1.036715,-0.668399,-19.301929,138.072110
66.600454,-7.737158,-0.143555,-0.912031,-1.041668,-19.434514,145.729405
69.951859,-8.410201,-0.121604,-1.096820,-0.715413,-19.325962,139.651171
68.114722,-6.711302,-0.085108,-0.902097,-1.160355,-19.379588,141.916340
67.176218,-9.197948,-0.009713,-0.640568,-0.678568,-19.406607,144.288632
64.849328,-9.010081,-0.175947,-1.126676,-0.678337,-19.486380,149.835378
68.462719,-9.782635,-0.160088,-0.820788,-0.788988,-19.369999,142.568241
67.400016,-8.914453,-0.092757,-0.545838,-1.095915,-19.398693,144.076750
67.067351,-8.818708,-0.125352,-0.607947,-1.116462,-19.408912,145.628167
64.761052,-8.076150,-0.151385,-0.741186,-1.180340,-19.493894,151.209002
68.216958,-7.736418,-0.153553,-1.249976,-0.809272,-19.375153,145.040786
67.692942,-9.056617,-0.082169,-0.599562,-0.939345,-19.390976,143.462995
67.406324,-7.432800,-0.204925,-1.032430,-1.296514,-19.412169,147.407264
68.146193,-10.082731,-0.158267,-0.700006,-0.858051,-19.380721,143.353717
67.772731,-9.809320,-0.198064,-1.217101,-0.614418,-19.399328,144.670327
67.709477,-10.327995,-0.189123,-0.940514,-0.698798,-19.401132,143.818260
69.354469,-11.372494,-0.152411,-0.612295,-0.767780,-19.337647,140.486435
71.085381,-8.963200,-0.156642,-0.559967,-1.436621,-19.295617,137.425476
67.490485,-7.200759,-0.166070,-0.947781,-1.263467,-19.402580,144.402368
68.796751,-7.442755,-0.129117,-0.949884,-1.044193,-19.358745,140.947565
66.893029,-6.550510,-0.052995,-0.973665,-1.014123,-19.416756,146.147368
65.722001,-11.123926,-0.195834,-0.797019,-0.697947,-19.459953,148.203895
68.177665,-9.408168,-0.128332,-0.749213,-0.839846,-19.381193,143.615152
67.733252,-8.001806,-0.114199,-1.160067,-0.695586,-19.393903,142.931897
68.332129,-11.377753,-0.210460,-0.736445,-0.789878,-19.375333,142.724689
66.393131,-8.133780,-0.122032,-1.065896,-0.731156,-19.426023,145.589048
69.584859,-8.163015,-0.132953,-1.099429,-0.781071,-19.339121,139.617321
66.125295,-8.594676,-0.139539,-0.609519,-1.227943,-19.446320,147.421150
65.928746,-10.776829,-0.068841,-0.601303,-0.604854,-19.445767,144.619461
68.227303,-9.027621,-0.102242,-0.839281,-0.728489,-19.374784,142.793428
69.139002,-8.607318,-0.103088,-0.836108,-0.829696,-19.342571,140.536781
68.666181,-7.774857,-0.174390,-1.232236,-0.887859,-19.365874,142.868560
69.988079,-11.018319,-0.132225,-0.782421,-0.609681,-19.324255,140.006046
66.207946,-8.230589,-0.134835,-0.606204,-1.338306,-19.444663,147.505208
66.530501,-7.495572,-0.127177,-1.103375,-0.850943,-19.435447,145.589941
70.018488,-8.955341,-0.226233,-0.861900,-1.218739,-19.323680,138.860066
67.531260,-7.989681,-0.159062,-1.001461,-0.959112,-19.403672,144.773342
66.890810,-6.726398,-0.140895,-1.368879,-0.889472,-19.417885,143.339163
66.787090,-7.178330,-0.114941,-0.724804,-1.350802,-19.415596,144.762512
67.799254,-10.401382,-0.155620,-0.665588,-0.825991,-19.391821,142.499213
65.618112,-8.227852,-0.187787,-0.778991,-1.261236,-19.468891,148.866743
67.416451,-9.671370,-0.168148,-0.950601,-0.698526,-19.398774,144.376754
68.142584,-9.899048,-0.170924,-0.799045,-0.828457,-19.385159,143.512342
69.053087,-7.548879,-0.168543,-1.259335,-0.898652,-19.353578,140.875013
68.567155,-6.796860,-0.165603,-0.991646,-1.404779,-19.363585,143.192898
67.485598,-8.771281,-0.074532,-0.642075,-0.917997,-19.392102,143.851883
68.675905,-8.501155,-0.123846,-0.686901,-1.102001,-19.359926,142.000728
64.314054,-10.436444,-0.149084,-0.661444,-0.789009,-19.507372,153.049946
66.365667,-7.889323,-0.113604,-0.787381,-1.040846,-19.442171,146.327081
67.086107,-10.706114,-0.095035,-0.608408,-0.687672,-19.411425,144.912701
66.118737,-9.153921,-0.118047,-0.897698,-0.682497,-19.441824,147.124615
68.983721,-6.792196,-0.104802,-1.253751,-0.877903,-19.355629,140.170610
69.516246,-7.641364,-0.185746,-1.330051,-0.898234,-19.335263,140.675876
68.038580,-8.923410,-0.069216,-0.714078,-0.765088,-19.377609,141.138387
67.329348,-10.401270,-0.177639,-0.653568,-0.923581,-19.409387,145.099491
68.804413,-8.366954,-0.139299,-0.708871,-1.162365,-19.356515,141.687850
67.285441,-7.492186,-0.111326,-0.954555,-0.945414,-19.409518,144.442459
66.477138,-7.000277,-0.129168,-0.929576,-1.180512,-19.435813,146.677103
70.620022,-8.198168,-0.158805,-0.803816,-1.161388,-19.299537,135.463663
68.360830,-8.790081,-0.132621,-0.891825,-0.809416,-19.370824,143.201097
65.710579,-8.527975,-0.185114,-1.008634,-0.900488,-19.469641,148.052333
68.344581,-7.045466,-0.145315,-1.070132,-1.076237,-19.366701,141.122561
65.764720,-8.851812,-0.091871,-1.013219,-0.574644,-19.448364,146.451315
68.703370,-9.185912,-0.133425,-0.553570,-1.188517,-19.358418,141.481351
66.303463,-7.038314,-0.112074,-1.072526,-0.956540,-19.435279,145.682402
68.422946,-9.848475,-0.166143,-0.819238,-0.793946,-19.373408,142.219597
67.613504,-11.217490,-0.198639,-0.843818,-0.675180,-19.398652,144.492357
68.418427,-8.686525,-0.100909,-0.991494,-0.674546,-19.371122,142.633923
69.365727,-7.850346,-0.223112,-1.376778,-0.976612,-19.351517,141.700019
68.584942,-11.137865,-0.176994,-0.593034,-0.904712,-19.374423,142.731294
68.330306,-9.091858,-0.157631,-1.102815,-0.676950,-19.377334,142.369269
66.652316,-9.887764,-0.182955,-0.956284,-0.708041,-19.436657,145.557125
69.019866,-8.445413,-0.126553,-1.020414,-0.764981,-19.356034,141.824928
68.556534,-6.745424,-0.127182,-0.891387,-1.358210,-19.368413,141.806522
67.547726,-9.103396,-0.021646,-0.635572,-0.741989,-19.394652,143.522116
65.766779,-9.664612,-0.156882,-1.116108,-0.560770,-19.463136,148.254946
67.046315,-10.443128,-0.189388,-0.877875,-0.703853,-19.419789,145.287226
66.575017,-8.587671,-0.076711,-0.593484,-1.022330,-19.421022,145.828520
68.607786,-9.779920,-0.144887,-0.720673,-0.848866,-19.365863,142.771744
65.244038,-7.623764,-0.112929,-0.727158,-1.163736,-19.470673,149.423957
66.931960,-8.179350,-0.135352,-1.047343,-0.788366,-19.417618,146.110345
67.264395,-9.031258,-0.087744,-0.565878,-1.019338,-19.408457,143.377254
68.376419,-6.888301,-0.146370,-0.939030,-1.340617,-19.377094,143.371266
67.672264,-10.573868,-0.190055,-0.752079,-0.829266,-19.397109,144.636402
67.888530,-9.821645,-0.199455,-1.222755,-0.606943,-19.394747,144.167264
67.329108,-10.531202,-0.207123,-0.924558,-0.718358,-19.414662,144.285604
69.765153,-11.008737,-0.143688,-0.612413,-0.801511,-19.322900,139.785829
68.137724,-8.531372,-0.139943,-0.585526,-1.339287,-19.382660,143.144155
66.954558,-7.384209,-0.162434,-0.917617,-1.229177,-19.419692,145.424077
69.326777,-7.494500,-0.111781,-1.068079,-0.869215,-19.338728,139.755045
66.728013,-6.161753,-0.067105,-1.221324,-0.944422,-19.422442,146.701369
64.709768,-11.536014,-0.192184,-0.790287,-0.635929,-19.496907,150.194644
68.991287,-9.640859,-0.180091,-0.778419,-0.934242,-19.353398,141.399908
67.052744,-7.021597,-0.154335,-1.356405,-0.896978,-19.419988,146.201663
67.107723,-11.938341,-0.177258,-0.685268,-0.675365,-19.417756,145.786018
66.520509,-8.396634,-0.155059,-1.035932,-0.787030,-19.417461,144.754252
68.559884,-9.127842,-0.157980,-1.076634,-0.675369,-19.370228,141.107131
65.536725,-8.629371,-0.172372,-0.670721,-1.252293,-19.472339,148.438165
65.877266,-10.584976,-0.048091,-0.595398,-0.588639,-19.446073,144.563820
67.517327,-9.461410,-0.099161,-0.625903,-0.860176,-19.395769,143.642217
69.338926,-9.184602,-0.148572,-0.902226,-0.781826,-19.339688,139.241260
67.911479,-7.252937,-0.136156,-1.221966,-0.883669,-19.386767,145.170806
69.831906,-11.655878,-0.135620,-0.644982,-0.672511,-19.333959,141.040082
64.707647,-7.830584,-0.149656,-0.688901,-1.316290,-19.489723,151.402525
66.769127,-8.221990,-0.131800,-1.077638,-0.744541,-19.423203,145.366563
69.310640,-8.730756,-0.234731,-0.918491,-1.234972,-19.347862,140.990803
69.977494,-10.601240,-0.188496,-0.710670,-0.884623,-19.322160,138.205764
67.440962,-7.103605,-0.142549,-1.361489,-0.809418,-19.402524,142.655207
66.796617,-7.255623,-0.119154,-0.748192,-1.297144,-19.417486,144.795255
69.400577,-9.312108,-0.147715,-0.680837,-1.008700,-19.337212,139.857631
65.776950,-8.257806,-0.208608,-0.802139,-1.323181,-19.465848,148.239510
67.313826,-9.297217,-0.159359,-1.047650,-0.666642,-19.406938,144.754686
67.328989,-9.490971,-0.188575,-0.888046,-0.862070,-19.415970,145.652077
68.464535,-7.120244,-0.115757,-1.046336,-1.012300,-19.372844,142.968257
69.107630,-6.534977,-0.154947,-1.031837,-1.399671,-19.343646,142.122234
67.038859,-8.121861,-0.058323,-0.726023,-0.882873,-19.407374,144.401996
68.978161,-8.343925,-0.133679,-0.726036,-1.121570,-19.351496,141.268438
69.483413,-9.705663,-0.197772,-0.916808,-0.857348,-19.343430,141.946743
67.174439,-8.643778,-0.115697,-0.782864,-0.868205,-19.408488,145.018689
65.266619,-10.543060,-0.111882,-0.635179,-0.708472,-19.475801,149.040321
67.938662,-8.262205,-0.095096,-0.776249,-0.893055,-19.382487,141.694876
69.128616,-7.194151,-0.115696,-1.253091,-0.811261,-19.352012,139.999882
67.801024,-7.307942,-0.154065,-1.274311,-0.852451,-19.379240,142.026506
68.571971,-9.859642,-0.143744,-0.889969,-0.670664,-19.367907,141.641117
67.369758,-10.469586,-0.160481,-0.648650,-0.853472,-19.407502,144.638783
68.495075,-9.079383,-0.128549,-0.692073,-0.975884,-19.366021,143.347632
67.368648,-7.687544,-0.104238,-0.914608,-0.926254,-19.405979,145.005550
65.475323,-7.230328,-0.155290,-0.868695,-1.292368,-19.467821,149.530214
68.883041,-9.435609,-0.158848,-0.734796,-0.945885,-19.354642,141.135783
69.170290,-8.174826,-0.129086,-0.974733,-0.850420,-19.344665,139.566477
66.859667,-8.928937,-0.202885,-0.964120,-0.944803,-19.433036,145.929625
68.974579,-6.781363,-0.134768,-1.182836,-1.029688,-19.345153,141.016057
66.597158,-8.415082,-0.071775,-1.120821,-0.534887,-19.415627,144.401448
68.987844,-9.914867,-0.143946,-0.550417,-1.105974,-19.350706,141.517270
66.686145,-6.475889,-0.096905,-1.097392,-1.042975,-19.425963,145.306916
67.941714,-10.231119,-0.144886,-0.568042,-0.965748,-19.387170,141.632477
68.036080,-11.407351,-0.184413,-0.759328,-0.683722,-19.381638,143.690255
68.247532,-8.348534,-0.117322,-1.065022,-0.710549,-19.373504,142.589161
69.582284,-7.818805,-0.226631,-1.408275,-0.973026,-19.345405,141.214194
69.268159,-10.543316,-0.168668,-0.611812,-0.968108,-19.352378,141.212970
68.779756,-9.014375,-0.147525,-1.187056,-0.618681,-19.363199,141.966864
66.723832,-9.404200,-0.167154,-1.038859,-0.672055,-19.428195,145.704234
68.968309,-8.491899,-0.155278,-1.258112,-0.680337,-19.366316,142.068315
69.143561,-6.581288,-0.104462,-1.158289,-0.999073,-19.340061,138.402192
67.425519,-8.838680,-0.007943,-0.628495,-0.766522,-19.398015,143.600680
66.155388,-8.803285,-0.117567,-1.183237,-0.556390,-19.442137,146.888788
67.099619,-9.824095,-0.174075,-0.858425,-0.774648,-19.416555,144.967423
66.815370,-6.917756,-0.051011,-0.696085,-1.225560,-19.410011,145.156615
67.502235,-9.305612,-0.076654,-0.621230,-0.852379,-19.395675,144.319667
66.623534,-7.064588,-0.092841,-0.751902,-1.281158,-19.429299,147.372068
67.067295,-8.009672,-0.146482,-1.200536,-0.751734,-19.421028,145.204730
67.910076,-9.312900,-0.106340,-0.542221,-1.067878,-19.386678,142.494705
70.381607,-6.448605,-0.133174,-0.993921,-1.437071,-19.317769,140.188437
68.074001,-10.316726,-0.206039,-0.773799,-0.905201,-19.382203,144.020873
66.906389,-9.637387,-0.165396,-1.262994,-0.522334,-19.418794,145.343276
66.896975,-11.111621,-0.202446,-0.830640,-0.701012,-19.429081,145.404970
68.645858,-10.717123,-0.156543,-0.637877,-0.847192,-19.364247,142.139045
68.523454,-8.532725,-0.150320,-0.640253,-1.293846,-19.367002,142.617235
66.372719,-8.164369,-0.189641,-0.869211,-1.157031,-19.437626,146.749332
68.296448,-7.515437,-0.139956,-1.124503,-0.891227,-19.369854,141.578692
66.678304,-6.279483,-0.072918,-1.271363,-0.887445,-19.422788,146.996148
64.881587,-11.763190,-0.189117,-0.722546,-0.655800,-19.490273,150.039436
68.758216,-9.275508,-0.162945,-0.823848,-0.884503,-19.359089,141.564960
67.420927,-8.679380,-0.160672,-1.299297,-0.633210,-19.413401,144.872347
68.157505,-12.208794,-0.177131,-0.562212,-0.777325,-19.377547,143.119276
67.976934,-8.852349,-0.154881,-1.036962,-0.725729,-19.384265,142.243084
68.283611,-8.360739,-0.181451,-1.216212,-0.792778,-19.378845,141.928613
67.104185,-8.853004,-0.125020,-0.565212,-1.191423,-19.416010,144.846408
67.157309,-10.787531,-0.092186,-0.600041,-0.669458,-19.408090,143.393294
66.534500,-8.848396,-0.069695,-0.650745,-0.854043,-19.424110,144.904549
68.064519,-9.057346,-0.148816,-1.002839,-0.712621,-19.383752,142.472006
68.281658,-7.340963,-0.129348,-1.096329,-0.950688,-19.371870,143.342091
68.825766,-11.279017,-0.137615,-0.680562,-0.679129,-19.365404,142.901396
67.215050,-8.183567,-0.144930,-0.701692,-1.208715,-19.406596,145.529696
67.202879,-8.015257,-0.139190,-1.271688,-0.671690,-19.411323,144.335153
68.228710,-8.533527,-0.218151,-0.910411,-1.195504,-19.381174,143.053814
69.100269,-10.687406,-0.198354,-0.790698,-0.797870,-19.351641,140.149093
68.304918,-7.288999,-0.146533,-1.285575,-0.858952,-19.376567,142.155101
66.779816,-7.060651,-0.146012,-0.807913,-1.362055,-19.416526,143.761467
69.006213,-9.458164,-0.148528,-0.589407,-1.127494,-19.346590,141.198075
65.266507,-7.629414,-0.186737,-0.852911,-1.319042,-19.479609,149.472021
66.541783,-8.917594,-0.131788,-1.125982,-0.607224,-19.425739,146.149879
67.967562,-9.420154,-0.179692,-0.677004,-1.102517,-19.393034,142.930788
68.585164,-7.646812,-0.152369,-0.914927,-1.131359,-19.370804,142.751886
68.862793,-6.319738,-0.150001,-1.116335,-1.366654,-19.354095,143.538782
66.873720,-7.562306,-0.006475,-0.729176,-0.857906,-19.408271,142.953237
68.109285,-8.555010,-0.185482,-0.780207,-1.200520,-19.386542,143.219685
68.844189,-9.213436,-0.193927,-0.962423,-0.887621,-19.364423,142.676347
66.652161,-8.924852,-0.087940,-0.705872,-0.837133,-19.427768,145.144732
66.609582,-10.409231,-0.116442,-0.586856,-0.809006,-19.431601,146.003949
66.194551,-7.547170,-0.102360,-0.909599,-0.919168,-19.438768,146.210598
68.505358,-7.069865,-0.137644,-1.295056,-0.877762,-19.370966,141.742139
66.804388,-7.639583,-0.161131,-1.283163,-0.803955,-19.418558,145.256454
69.806884,-10.027005,-0.131378,-0.839398,-0.688554,-19.338611,139.907348
67.809846,-8.817532,-0.204140,-0.776549,-1.210198,-19.397203,144.754043
69.120434,-9.529701,-0.168786,-0.717756,-1.001913,-19.347001,142.616261
67.564899,-7.589844,-0.082305,-0.843658,-0.949366,-19.393916,144.097444
67.761450,-6.686038,-0.147249,-0.929055,-1.410486,-19.398214,145.268992
67.840821,-9.306532,-0.059053,-0.612742,-0.824442,-19.388590,142.581711
70.014589,-9.695625,-0.143103,-0.735521,-0.846947,-19.316195,137.785646
66.632349,-8.903072,-0.200152,-0.884847,-1.000373,-19.436254,145.750831
68.731492,-6.752032,-0.127700,-1.211219,-0.992771,-19.351938,141.572937
65.683527,-7.814668,-0.012032,-1.077376,-0.536571,-19.438577,145.632417
69.573289,-8.867755,-0.154019,-0.623541,-1.261763,-19.332680,140.928153
65.529474,-6.303240,-0.070886,-1.082415,-1.004277,-19.466071,147.214214
68.408479,-10.065053,-0.132687,-0.550639,-0.998261,-19.369499,141.624730
68.852794,-11.829210,-0.160285,-0.661209,-0.672824,-19.359114,142.200867
68.806530,-7.278428,-0.103683,-1.185718,-0.804244,-19.354840,140.893181
69.396590,-7.768152,-0.213872,-1.371034,-0.959070,-19.350724,141.352767
69.351194,-10.101831,-0.174604,-0.662084,-1.000429,-19.347577,141.276231
69.246049,-9.461805,-0.145664,-1.058964,-0.630884,-19.348066,141.094708
67.014419,-9.345641,-0.187465,-1.133951,-0.680540,-19.426012,145.231680
68.105449,-7.532909,-0.132303,-1.268891,-0.772068,-19.387007,142.865809
69.098619,-6.519639,-0.114585,-1.162042,-1.074279,-19.347750,140.395036
67.939401,-10.060399,-0.061917,-0.590006,-0.740914,-19.386043,143.369577
65.640864,-8.536165,-0.103804,-1.255360,-0.529825,-19.459939,148.060650
65.164604,-9.643443,-0.186226,-0.884587,-0.782979,-19.471412,149.563743
67.149188,-7.303992,-0.081934,-0.674783,-1.325309,-19.410011,146.677107
66.897071,-8.798108,-0.034807,-0.662324,-0.780754,-19.416917,146.487487
66.176994,-6.978181,-0.083240,-0.759314,-1.259032,-19.441923,148.313468
67.165452,-7.854763,-0.135460,-0.920808,-0.979125,-19.419941,145.394993
67.598623,-9.394501,-0.107945,-0.542918,-1.053214,-19.396640,143.266740
69.481487,-6.525527,-0.141263,-1.046029,-1.342967,-19.343662,141.200001
67.979913,-10.163548,-0.215648,-0.815228,-0.910483,-19.384001,144.409063
66.985034,-9.392739,-0.153259,-1.251168,-0.538528,-19.416180,145.182744
66.326756,-10.138214,-0.213137,-0.853021,-0.851347,-19.441643,146.790838
68.966716,-10.562510,-0.190781,-0.737142,-0.867890,-19.364253,141.432606
69.468011,-8.451393,-0.119534,-0.534942,-1.397841,-19.343489,139.936774
66.443408,-8.350949,-0.197568,-0.855925,-1.167759,-19.434624,146.525465
67.799879,-6.893534,-0.158417,-1.155373,-1.102389,-19.393797,143.433262
67.193994,-6.247152,-0.096009,-1.246494,-0.998107,-19.406735,145.444722
65.655521,-11.520735,-0.181611,-0.758604,-0.647764,-19.464311,148.379350
68.023136,-8.962792,-0.144842,-0.856938,-0.846852,-19.386126,142.809880
67.171960,-9.200119,-0.164988,-1.344926,-0.544204,-19.416700,144.868993
67.447550,-11.509290,-0.186821,-0.583958,-0.875115,-19.402311,144.954454
67.540227,-7.861202,-0.113435,-0.896451,-0.918788,-19.393614,143.715127
67.882018,-7.995502,-0.141596,-1.181831,-0.760879,-19.391467,141.792069
66.009349,-8.678439,-0.137322,-0.575180,-1.255463,-19.455277,147.322904
66.785457,-10.527679,-0.097268,-0.597378,-0.702139,-19.415660,142.874514
67.332773,-8.914990,-0.128148,-0.641086,-1.059271,-19.399204,144.629034
68.357921,-9.330483,-0.145852,-0.885049,-0.751418,-19.371121,141.740286
68.393178,-7.837451,-0.139588,-1.085745,-0.865064,-19.372369,142.226648
68.182359,-10.429239,-0.154784,-0.730084,-0.761001,-19.383904,143.078805
66.981893,-8.462894,-0.100637,-0.612125,-1.123226,-19.408942,145.659023
67.896028,-7.487588,-0.130401,-1.219983,-0.801042,-19.385755,142.826574
69.236757,-8.482377,-0.232958,-1.078401,-1.112097,-19.350931,141.082313
68.774720,-9.858009,-0.172821,-0.822471,-0.812001,-19.357963,139.976217
68.271579,-7.457447,-0.172981,-1.319608,-0.889165,-19.382021,142.605174
66.742590,-7.249091,-0.147139,-0.829743,-1.305250,-19.417525,145.346501
67.060244,-9.687126,-0.132025,-0.545758,-1.040678,-19.399323,144.375307
65.650718,-7.358015,-0.185784,-0.920210,-1.325498,-19.465099,147.946210
66.773397,-8.631278,-0.130303,-1.213927,-0.598772,-19.422216,146.018355
68.073837,-9.112579,-0.213542,-0.864973,-1.082505,-19.392904,142.860414
68.305981,-7.900105,-0.146765,-0.770232,-1.234053,-19.374855,143.341709
68.310944,-6.148352,-0.121313,-1.199231,-1.195030,-19.371289,143.903780
66.901955,-7.540922,-0.038030,-0.714378,-0.956423,-19.411004,143.443417
66.475355,-8.047824,-0.183205,-0.850031,-1.197310,-19.442831,146.341970
68.969952,-7.962688,-0.158542,-1.122429,-0.873814,-19.359183,142.059048
66.070343,-9.382588,-0.120042,-0.682564,-0.856929,-19.444738,147.145346
65.406848,-9.689610,-0.093233,-0.553072,-0.885446,-19.463620,147.922038
67.264049,-8.079387,-0.139390,-0.951805,-0.887814,-19.404334,143.938053
68.272192,-7.017248,-0.139469,-1.310396,-0.880618,-19.378817,141.648888
65.583222,-8.458781,-0.201152,-1.151989,-0.841503,-19.462627,147.804907
70.339915,-9.538620,-0.113120,-0.937008,-0.638900,-19.323275,138.771747
68.620466,-9.119309,-0.191019,-0.761239,-1.128654,-19.373028,142.732841
68.372573,-10.274569,-0.167719,-0.671501,-0.888453,-19.370075,143.152209
67.034645,-7.547147,-0.031617,-0.745522,-0.927164,-19.406604,145.219619
66.826028,-7.259145,-0.179163,-0.966180,-1.283412,-19.428265,147.174881
68.546342,-8.890187,-0.066460,-0.579453,-0.974914,-19.364055,141.207210
69.538835,-9.085441,-0.121641,-0.630086,-1.035598,-19.328444,139.516219
67.393046,-8.316694,-0.188246,-1.051038,-0.942003,-19.413480,145.062887
68.610630,-7.239949,-0.137615,-1.269435,-0.859139,-19.361818,141.759329
66.173398,-7.883940,-0.040694,-1.096942,-0.580010,-19.430172,145.086147
70.572114,-9.550395,-0.161321,-0.617525,-1.151954,-19.302102,138.949265
66.735335,-7.043254,-0.086701,-0.926039,-1.040402,-19.424344,145.412761
69.349039,-10.237059,-0.148344,-0.595676,-0.959706,-19.342353,140.148631
69.634933,-12.198222,-0.153711,-0.647999,-0.631927,-19.330164,139.932631
68.011050,-7.610221,-0.051227,-0.958654,-0.772106,-19.380596,142.196774
69.527437,-8.644166,-0.232075,-1.348454,-0.862823,-19.350777,142.160336
68.521678,-10.350143,-0.164917,-0.606135,-0.967544,-19.371843,142.397257
70.743182,-9.573649,-0.145018,-1.044512,-0.642213,-19.304247,138.632438
67.201062,-9.023623,-0.176741,-1.194252,-0.664914,-19.417853,144.412189
67.342798,-7.911870,-0.110517,-1.318516,-0.614461,-19.411404,144.345438
69.293260,-6.189543,-0.104641,-1.244449,-1.073098,-19.338130,140.394629
69.179955,-9.937499,-0.028202,-0.558114,-0.737684,-19.343190,140.987676
67.698501,-8.173039,-0.055021,-1.124439,-0.577369,-19.386736,144.922308
66.994161,-9.462111,-0.185008,-0.912517,-0.808873,-19.418786,145.611545
67.766455,-7.524754,-0.054691,-0.587142,-1.335547,-19.391897,146.614257
67.256098,-8.366343,-0.074798,-0.897999,-0.720050,-19.407761,144.794742
65.004371,-6.615998,-0.062875,-0.800935,-1.219100,-19.480738,151.404237
67.558688,-9.082939,-0.142537,-0.920273,-0.758327,-19.404224,144.048494
65.981385,-8.972074,-0.138017,-0.564452,-1.192367,-19.452771,146.694029
69.206717,-6.190906,-0.123380,-1.071137,-1.358720,-19.349885,141.786530
67.566548,-9.694720,-0.202772,-0.893838,-0.878426,-19.410016,146.364054
65.818656,-9.360860,-0.161115,-1.362553,-0.494596,-19.451788,147.352004
66.750243,-9.530789,-0.222665,-0.942500,-0.915103,-19.429326,145.799242
70.358544,-11.242562,-0.169956,-0.687229,-0.772432,-19.319740,138.504656
66.580262,-8.577836,-0.118363,-0.503144,-1.392146,-19.437223,146.086556
65.528007,-7.832682,-0.164500,-0.769709,-1.258767,-19.458774,148.349821
67.458748,-7.216183,-0.170268,-1.134582,-1.062083,-19.406389,143.941131
67.620342,-6.124872,-0.103738,-1.289110,-1.030977,-19.394411,144.377014
65.344738,-11.765419,-0.146087,-0.672280,-0.599579,-19.472619,148.959295
67.454166,-8.930663,-0.134668,-0.898236,-0.763699,-19.395539,143.889485
68.279575,-8.634777,-0.171249,-1.423316,-0.610901,-19.389352,142.287413
66.318734,-11.608525,-0.172526,-0.557039,-0.850235,-19.436340,147.434405
67.725302,-8.419481,-0.125040,-0.795008,-0.931062,-19.384370,144.090299
66.175113,-7.779941,-0.146346,-1.239352,-0.750853,-19.452115,146.250404
66.570982,-8.942106,-0.165177,-0.627544,-1.209311,-19.431630,146.235038
66.021056,-9.912849,-0.064773,-0.638193,-0.681961,-19.446681,146.416890
66.936238,-8.269092,-0.138614,-0.690145,-1.179312,-19.411852,145.359846
67.844427,-8.668023,-0.135199,-1.031404,-0.711886,-19.387976,142.477183
67.639927,-6.646664,-0.053284,-1.046456,-0.906027,-19.387577,143.288062
67.462728,-10.382579,-0.146478,-0.698080,-0.778939,-19.406069,144.640090
66.458257,-9.145242,-0.079201,-0.643807,-0.852305,-19.425646,146.855133
67.905403,-6.681763,-0.074534,-1.141964,-0.876733,-19.379288,142.083549
67.004670,-7.817059,-0.210590,-1.172356,-1.050017,-19.421096,145.705742
68.160463,-9.862161,-0.171820,-0.831583,-0.773480,-19.377435,141.504457
66.815095,-6.164321,-0.161622,-1.370305,-1.167864,-19.432655,146.079739
67.320024,-6.963367,-0.131473,-0.813557,-1.374470,-19.399587,144.377198
67.859380,-9.376635,-0.098870,-0.551389,-1.016865,-19.377600,142.869400
66.327272,-6.712220,-0.184267,-1.211665,-1.214445,-19.450893,146.544314
66.740948,-8.628080,-0.127804,-1.179728,-0.612273,-19.419657,145.894267
68.542910,-9.033858,-0.205800,-0.942208,-0.969238,-19.377074,141.690076
67.681394,-8.117351,-0.113505,-0.660134,-1.199276,-19.393048,145.367961
68.670473,-6.081915,-0.117185,-1.151658,-1.260324,-19.358060,143.973627
68.241369,-8.653817,-0.054203,-0.590058,-0.959612,-19.371675,141.101577
66.812611,-7.520334,-0.117145,-0.763018,-1.216089,-19.421107,145.954493
68.326145,-7.741660,-0.120347,-1.241144,-0.723025,-19.374962,142.971484
65.096888,-9.083990,-0.080791,-0.605808,-0.892766,-19.480099,150.185161
66.447260,-9.631363,-0.141395,-0.707440,-0.843772,-19.430844,146.046482
67.938075,-7.525359,-0.118341,-0.918492,-1.026160,-19.386287,143.530786
67.327149,-7.702025,-0.171249,-1.345100,-0.804103,-19.410479,144.287344
64.632776,-7.405058,-0.209706,-1.291399,-1.000137,-19.496457,150.980523
70.411644,-10.305960,-0.162353,-0.751261,-0.807343,-19.313080,139.202720
68.660388,-9.014441,-0.193242,-0.805209,-1.097469,-19.372460,142.836657
69.620400,-9.832317,-0.152618,-0.787190,-0.803776,-19.333637,140.732877
66.524240,-8.046338,-0.029491,-0.628502,-0.947493,-19.423459,146.050097
68.854230,-7.120790,-0.094298,-0.983343,-0.991977,-19.352210,142.164976
66.755692,-8.225355,-0.032613,-0.708259,-0.829546,-19.421554,145.518713
67.913281,-8.405241,-0.151882,-0.875512,-0.968006,-19.390368,143.290894
67.680635,-8.338505,-0.157899,-0.921459,-0.940844,-19.402431,143.698041
69.057635,-7.557450,-0.178635,-1.357393,-0.864115,-19.354647,141.369435
66.396411,-8.452065,-0.077491,-1.099940,-0.559218,-19.425466,145.281841
70.221467,-9.652200,-0.160547,-0.725702,-0.926688,-19.313827,138.268444
67.321002,-6.792998,-0.046825,-0.876244,-1.047643,-19.409799,144.925891
68.827140,-9.792417,-0.133849,-0.534347,-1.107818,-19.361337,141.069830
69.918027,-12.154212,-0.151694,-0.630990,-0.652089,-19.320171,139.283854
68.507246,-7.777645,-0.039464,-0.908477,-0.733735,-19.361041,140.957972
69.314495,-8.923832,-0.232000,-1.300192,-0.835998,-19.356695,142.636201
69.969924,-10.889700,-0.183403,-0.602811,-0.977442,-19.332444,140.194062
69.844720,-8.784383,-0.161221,-1.285387,-0.657708,-19.334206,139.790100
67.423668,-9.051474,-0.130010,-1.139560,-0.585187,-19.402723,144.473110
67.618308,-6.975547,-0.065596,-1.378254,-0.677517,-19.401454,144.101292
69.642512,-6.225785,-0.094775,-1.241756,-1.028760,-19.323833,139.513439
68.898993,-9.889742,-0.030933,-0.577114,-0.729182,-19.353409,141.522028
67.787142,-7.804431,-0.084053,-1.273894,-0.612889,-19.386320,145.286934
67.278063,-7.768222,-0.142806,-0.781000,-1.194507,-19.396506,143.643170
67.021740,-8.823288,-0.081664,-0.539510,-1.110926,-19.413493,145.674601
68.791039,-8.552188,-0.118647,-0.901716,-0.823444,-19.362900,142.372759
65.464236,-7.649424,-0.092438,-0.651290,-1.228473,-19.466837,149.502609
66.183818,-8.000060,-0.107234,-0.878844,-0.876935,-19.442551,147.224084
66.162465,-8.712942,-0.116900,-0.568061,-1.162858,-19.442006,146.131609
68.804585,-6.158929,-0.159056,-1.153430,-1.412366,-19.364051,142.693379
66.409982,-7.405967,-0.097486,-1.118871,-0.762856,-19.430018,146.108288
66.044837,-9.249303,-0.148341,-1.321350,-0.498889,-19.442445,147.002940
68.187580,-9.756497,-0.189615,-0.917909,-0.803362,-19.384154,143.286042
68.491740,-11.641191,-0.169015,-0.602703,-0.789393,-19.375234,142.389060
66.879181,-8.973721,-0.099031,-0.490961,-1.247686,-19.425572,145.716178
67.809205,-7.480224,-0.122236,-0.828258,-1.145127,-19.388424,143.659079
68.777545,-6.501577,-0.076537,-0.951193,-1.142900,-19.356473,141.041854
67.514773,-5.985752,-0.102556,-1.293652,-1.074696,-19.401490,144.411720
65.100743,-12.005260,-0.158736,-0.671636,-0.596754,-19.480078,149.649490
66.449177,-7.280392,-0.107329,-0.895878,-1.020681,-19.422070,145.431524
67.472835,-8.975126,-0.145424,-1.293177,-0.560181,-19.402651,145.245106
65.611239,-12.021502,-0.176696,-0.506941,-0.851831,-19.458090,149.060915
68.097035,-9.537696,-0.127293,-0.807191,-0.752499,-19.379783,143.738882
65.909227,-7.437829,-0.130535,-1.223368,-0.768672,-19.453935,146.731459
65.646922,-8.894662,-0.164893,-0.648815,-1.172159,-19.466805,148.968581
67.061376,-9.939416,-0.109140,-0.758518,-0.676661,-19.413065,144.813139
66.650506,-8.331761,-0.146330,-0.685227,-1.184711,-19.420202,146.130071
68.467732,-9.272376,-0.158308,-0.930837,-0.774266,-19.368499,141.978032
67.427112,-7.239050,-0.074560,-0.958898,-0.905252,-19.396793,144.258216
67.896621,-11.399648,-0.147532,-0.705542,-0.627956,-19.388882,143.411413
67.480318,-9.283547,-0.123582,-0.580385,-1.084071,-19.406905,145.859671
69.528650,-7.294720,-0.070172,-1.070743,-0.815316,-19.328378,139.797633
66.762421,-8.393787,-0.229245,-1.138206,-0.999278,-19.431974,146.447615
67.477345,-9.638339,-0.135362,-0.816693,-0.739161,-19.398171,144.478297
67.132743,-6.266589,-0.162767,-1.260029,-1.246562,-19.418484,145.787604
67.535230,-6.854595,-0.132296,-0.802268,-1.433669,-19.391327,143.695183
68.988037,-9.774679,-0.106350,-0.615349,-0.860693,-19.343498,140.476894
66.312147,-6.915818,-0.188065,-1.117440,-1.252661,-19.445346,146.214984
67.842778,-8.449621,-0.126260,-1.206257,-0.631066,-19.386615,144.004130
68.331653,-9.095744,-0.211398,-0.984898,-0.930140,-19.381382,141.700714
66.623840,-8.505325,-0.107665,-0.634737,-1.063289,-19.424608,145.478490
67.601288,-7.018907,-0.170393,-1.025574,-1.261944,-19.395427,145.563440
66.954275,-8.498232,-0.092649,-0.606457,-1.076769,-19.410288,144.647933
68.014664,-7.401180,-0.097459,-0.731305,-1.251252,-19.385305,143.637151
68.557923,-7.379436,-0.119145,-1.246941,-0.787832,-19.365026,142.725304
65.968358,-8.997639,-0.056371,-0.666595,-0.784413,-19.448151,147.701864
67.695367,-8.632354,-0.154406,-0.779968,-1.035128,-19.390523,143.402079
69.591801,-7.738273,-0.112348,-0.853128,-1.041239,-19.335706,140.080366
67.489966,-7.796677,-0.160376,-1.434161,-0.698738,-19.403947,143.734709
64.919506,-7.021132,-0.195286,-1.264791,-1.072025,-19.484620,150.320088
69.487532,-9.723867,-0.158540,-0.817597,-0.815949,-19.344463,140.354842
69.100624,-9.338977,-0.201492,-0.778386,-1.109070,-19.361268,142.548481
69.473176,-9.648410,-0.167710,-0.921258,-0.766815,-19.338257,141.374771
67.077990,-7.830144,-0.037472,-0.729427,-0.889403,-19.403363,144.777054
68.725643,-8.973176,-0.138086,-0.836125,-0.872527,-19.361471,142.200526
66.297778,-8.272446,-0.035119,-0.709162,-0.808472,-19.436058,146.750584
68.608159,-8.457578,-0.153902,-0.865662,-0.989409,-19.368950,142.395317
69.741855,-8.707909,-0.143871,-1.018608,-0.791500,-19.340818,141.155427
69.240859,-6.854681,-0.134558,-1.279656,-0.936148,-19.343884,140.831958
66.121003,-8.976802,-0.089082,-1.054695,-0.534340,-19.433748,146.083651
69.492036,-8.406605,-0.117477,-0.826536,-0.925016,-19.335785,139.769058
67.775906,-6.008621,-0.052241,-0.995468,-1.181133,-19.393844,144.107039
69.488495,-10.203414,-0.140908,-0.455062,-1.232292,-19.345906,140.401233
70.148404,-11.759841,-0.149235,-0.681815,-0.645653,-19.315481,138.795508
67.173649,-7.863165,-0.024282,-0.848884,-0.727596,-19.396492,143.894976
69.113071,-8.889038,-0.218909,-1.295884,-0.798655,-19.360747,142.839848
69.911511,-10.726827,-0.169329,-0.596292,-0.968581,-19.333122,140.223241
68.789545,-8.756654,-0.170608,-1.468395,-0.578108,-19.370783,141.715280
67.658245,-9.460298,-0.144810,-1.076093,-0.600911,-19.397435,144.454503
67.515679,-6.716629,-0.076318,-1.400316,-0.724360,-19.402308,144.011012
69.960605,-6.110669,-0.097430,-1.140667,-1.202253,-19.317030,139.320378
68.376904,-10.558981,-0.051848,-0.594572,-0.650605,-19.371089,142.187879
67.852834,-7.971689,-0.090913,-1.285961,-0.595993,-19.384407,144.970639
67.340652,-8.290677,-0.139620,-0.653926,-1.242842,-19.396367,143.414323
67.097007,-7.921850,-0.029066,-0.575483,-1.102065,-19.401290,145.344220
68.585413,-8.548311,-0.115719,-0.817582,-0.885586,-19.365857,142.193974
65.833160,-7.911917,-0.112163,-0.694625,-1.156771,-19.456164,148.509622
66.751415,-8.654776,-0.161865,-0.994120,-0.821116,-19.430169,146.098919
64.628665,-7.651519,-0.089456,-0.616540,-1.234704,-19.495826,149.580139
68.476577,-6.342232,-0.170400,-1.121441,-1.431193,-19.375572,143.156717
67.551743,-7.323948,-0.125765,-1.203768,-0.820709,-19.397288,143.721712
66.283623,-9.539741,-0.156564,-1.299304,-0.498174,-19.436464,146.774766
68.039779,-9.923605,-0.216982,-1.063769,-0.748658,-19.391930,144.189325
67.760351,-11.936377,-0.178669,-0.574864,-0.817691,-19.399086,144.141423
67.351898,-9.110436,-0.099158,-0.487725,-1.234057,-19.408427,144.587123
67.003036,-8.171385,-0.148067,-0.833282,-1.027435,-19.414591,144.904972
67.096851,-6.731929,-0.102238,-1.018068,-1.046187,-19.405023,143.840155
67.103408,-5.933216,-0.098255,-1.307341,-1.070842,-19.415767,145.332564
65.687582,-11.689996,-0.152450,-0.654359,-0.647564,-19.460340,148.691248
67.077960,-7.174177,-0.116189,-0.861033,-1.163211,-19.410427,145.205908
67.539726,-9.296540,-0.157646,-1.336329,-0.535511,-19.404395,145.632406
65.426228,-12.192897,-0.162428,-0.529728,-0.755278,-19.459404,149.101993
67.942283,-9.740534,-0.100502,-0.712722,-0.745763,-19.383367,144.612667
65.938152,-7.919333,-0.118823,-1.252754,-0.648960,-19.450440,147.448783
65.361426,-8.765172,-0.170786,-0.631231,-1.256139,-19.471435,148.829324
67.754155,-9.822804,-0.104654,-0.776651,-0.666818,-19.387028,142.991358
67.517272,-9.021397,-0.147231,-0.610199,-1.159978,-19.396068,144.135036
68.135759,-9.057365,-0.189175,-1.061385,-0.780448,-19.382315,143.101336
67.002834,-6.662761,-0.013841,-1.058710,-0.798540,-19.404352,144.276333
65.609824,-10.682131,-0.167985,-0.734395,-0.726823,-19.461957,147.694469
68.119026,-9.124065,-0.083833,-0.542163,-1.063142,-19.378833,143.557623
68.679900,-6.349455,-0.118197,-1.232717,-1.075221,-19.362110,142.243349
66.930795,-8.209795,-0.216414,-1.192151,-0.960365,-19.427012,145.879466
66.754886,-9.936397,-0.148492,-0.878146,-0.667697,-19.421608,145.908824
67.266375,-6.768624,-0.204430,-1.114964,-1.445435,-19.416752,145.961990
67.527058,-7.029971,-0.115116,-0.789346,-1.335460,-19.392354,143.744107
68.649650,-10.252903,-0.093431,-0.540973,-0.857666,-19.356647,140.445926
66.832974,-6.977776,-0.182693,-1.095944,-1.229579,-19.427602,145.310886
67.926176,-8.096322,-0.131479,-1.286137,-0.651654,-19.383893,143.808717
68.553492,-8.713780,-0.190835,-0.978709,-0.930662,-19.371233,141.466407
67.579430,-9.411643,-0.165209,-0.611149,-1.139063,-19.401006,144.084325
67.210226,-7.383177,-0.191298,-1.051885,-1.207598,-19.410738,146.119826
67.635534,-9.574353,-0.115296,-0.475959,-1.165834,-19.390393,142.621979
69.536103,-7.694150,-0.141315,-0.816281,-1.207311,-19.331030,139.565071
69.545571,-6.995176,-0.142674,-1.331525,-0.914179,-19.336737,140.953867
64.566642,-8.117841,-0.055588,-0.767621,-0.816688,-19.499161,150.008940
67.178763,-7.777347,-0.101648,-0.761608,-1.058128,-19.407326,144.664694
70.566681,-7.073692,-0.135329,-0.990587,-1.196915,-19.306426,138.039648
67.628018,-7.732770,-0.166463,-1.436363,-0.737572,-19.401095,143.686238
65.455395,-6.712116,-0.175398,-1.195925,-1.166500,-19.468758,148.834193
67.070415,-9.756072,-0.132317,-0.798571,-0.715985,-19.416297,145.390313
68.793280,-9.621411,-0.185311,-0.651482,-1.160694,-19.370853,142.974013
69.716767,-10.115384,-0.162308,-0.889302,-0.710085,-19.332001,142.182652
67.578324,-7.445191,-0.070238,-0.819854,-0.971118,-19.389360,143.503221
68.222049,-10.665727,-0.151452,-0.698419,-0.748346,-19.378682,142.749363
67.603815,-8.345651,-0.064982,-0.839838,-0.761329,-19.394196,144.371572
68.148211,-7.482275,-0.105950,-0.892380,-1.042906,-19.385520,144.146584
67.851376,-7.801792,-0.088948,-1.091913,-0.710616,-19.385536,143.206750
69.798693,-6.846435,-0.178726,-1.338248,-1.094910,-19.334154,140.126467
66.312827,-8.568178,-0.090520,-1.150025,-0.548885,-19.430013,146.233258
70.176839,-9.646521,-0.170912,-0.847181,-0.854984,-19.321297,139.200114
67.479648,-6.607998,-0.068042,-0.866847,-1.172462,-19.398798,144.362097
69.275804,-10.119408,-0.160737,-0.530937,-1.168478,-19.351536,141.046752
68.985047,-11.607608,-0.141081,-0.680513,-0.633472,-19.351887,141.082941
67.098943,-8.074810,-0.070200,-0.926857,-0.725580,-19.404264,144.404975
69.288642,-8.527558,-0.206548,-1.300684,-0.812485,-19.353727,142.171757
69.196272,-10.853843,-0.178572,-0.572639,-1.003572,-19.353369,141.811752
68.887886,-8.523665,-0.173334,-1.533453,-0.602302,-19.372104,141.635538
67.922093,-9.435499,-0.155206,-1.057595,-0.643577,-19.388840,143.746181
67.638405,-7.058713,-0.094127,-1.379112,-0.715000,-19.399526,144.018910
70.624178,-6.193089,-0.076652,-1.160406,-1.044646,-19.293910,136.602951
67.590587,-10.675134,-0.061313,-0.585728,-0.658231,-19.396130,143.744372
67.428400,-8.210834,-0.067427,-1.278630,-0.524378,-19.395840,146.572700
67.331535,-8.376538,-0.134922,-0.636855,-1.220728,-19.393325,142.858629
66.439335,-8.143909,-0.079602,-0.591220,-1.159688,-19.429203,146.416718
67.198932,-8.285235,-0.137085,-0.920085,-0.874832,-19.406875,144.991257
68.052251,-8.505793,-0.156869,-0.738678,-1.139871,-19.385335,143.631895
67.914022,-9.499636,-0.188900,-0.916499,-0.835856,-19.390880,143.724011
66.038157,-7.532880,-0.106725,-0.825558,-1.049746,-19.447105,146.779178
68.786215,-6.328394,-0.171196,-1.149072,-1.445736,-19.365640,143.167714
66.938727,-7.301145,-0.111508,-1.154075,-0.806919,-19.415928,144.553636
66.470771,-9.451743,-0.155014,-1.312684,-0.503220,-19.431009,146.364422
68.639441,-10.374529,-0.229008,-1.201431,-0.655638,-19.376648,143.598558
68.724370,-12.118309,-0.153364,-0.605029,-0.705315,-19.368902,143.843852
66.905187,-9.180885,-0.105717,-0.435715,-1.350617,-19.426313,144.949325
69.642533,-8.387164,-0.179228,-0.840120,-1.151589,-19.334238,139.671395
67.219104,-6.733032,-0.070908,-1.126760,-0.841788,-19.398533,143.499328
67.106467,-5.936672,-0.126578,-1.362737,-1.128358,-19.422583,146.089241
66.721931,-11.872612,-0.122245,-0.642032,-0.584518,-19.423760,146.706747
66.954852,-7.931192,-0.142661,-0.774929,-1.153221,-19.416307,145.077438
67.975752,-9.079584,-0.141449,-1.286821,-0.550493,-19.391484,144.941172
68.157243,-12.441884,-0.156914,-0.487493,-0.802015,-19.381563,143.930826
67.698683,-10.025516,-0.094836,-0.688534,-0.710596,-19.389546,144.849480
65.457485,-7.595722,-0.033397,-0.973048,-0.672315,-19.451556,146.503073
65.460040,-8.778706,-0.196877,-0.632254,-1.400919,-19.475325,149.262579
67.913478,-9.378697,-0.128952,-0.897087,-0.694820,-19.387170,143.215674
67.452805,-9.206060,-0.139576,-0.590595,-1.121129,-19.395233,144.253551
67.575584,-9.224361,-0.188129,-0.980574,-0.819377,-19.394656,144.167219
67.161087,-6.448360,-0.010503,-1.095995,-0.814159,-19.399483,144.034000
65.052514,-11.678299,-0.181972,-0.559701,-0.812825,-19.480881,148.445728
69.418157,-9.842540,-0.089702,-0.525520,-0.964842,-19.344948,141.213506
68.995656,-6.969072,-0.169642,-1.143486,-1.152772,-19.348416,142.331381
66.046669,-8.323945,-0.207478,-1.018088,-1.029824,-19.454705,147.323250
66.485363,-9.490833,-0.163109,-1.025046,-0.667094,-19.434429,147.119484
66.254231,-7.311213,-0.223675,-1.046758,-1.407859,-19.449911,147.644159
67.688305,-6.846115,-0.116678,-0.792365,-1.405790,-19.386621,143.514054
68.548493,-10.795232,-0.119665,-0.586384,-0.776042,-19.363151,140.941632
68.288834,-7.637946,-0.160718,-0.935289,-1.139937,-19.378907,142.204973
68.224513,-7.568431,-0.134011,-1.194964,-0.819075,-19.378108,143.510753
68.455306,-8.886748,-0.171621,-0.866331,-0.958272,-19.371711,141.831195
66.829319,-8.630207,-0.134900,-0.661627,-1.106532,-19.418729,145.304618
68.653266,-7.756672,-0.198821,-1.102779,-1.107788,-19.367310,143.283656
67.477552,-9.662223,-0.128347,-0.490932,-1.170615,-19.395012,142.664331
68.605796,-8.155550,-0.151799,-0.724050,-1.234026,-19.365213,141.604518
70.731131,-6.841599,-0.130087,-1.407706,-0.871422,-19.298831,139.461090
66.461338,-8.846053,-0.086080,-0.750973,-0.786963,-19.436976,145.964262
67.899037,-8.842501,-0.137099,-0.835999,-0.870518,-19.392077,143.718644
68.805101,-7.986945,-0.110530,-0.785674,-1.042189,-19.359933,141.854542
67.678657,-8.118143,-0.178052,-1.486938,-0.675228,-19.400851,143.693887
67.182404,-7.022114,-0.192619,-1.213553,-1.158707,-19.415182,145.758099
66.559156,-10.571293,-0.143646,-0.658862,-0.760350,-19.431434,146.012595
68.863016,-9.617355,-0.191038,-0.664686,-1.176874,-19.369179,142.936255
67.880667,-9.563770,-0.167704,-0.979869,-0.710484,-19.388446,144.136096
67.006452,-8.125522,-0.039726,-0.832658,-0.724207,-19.403774,144.142613
66.912411,-10.955673,-0.145823,-0.699485,-0.683910,-19.418782,145.494018
67.500220,-8.143726,-0.054606,-0.881318,-0.734252,-19.399463,144.714541
69.261806,-7.820836,-0.122431,-0.829222,-1.099614,-19.350714,142.175703
68.210549,-7.637924,-0.120250,-1.208882,-0.735006,-19.375258,142.237733
70.575295,-7.131534,-0.193778,-1.287709,-1.117364,-19.309011,138.663328
66.885414,-8.716509,-0.117018,-1.172387,-0.570805,-19.416304,145.335799
71.024941,-10.069438,-0.189653,-0.862843,-0.841324,-19.297519,137.463932
65.986177,-6.996830,-0.080183,-0.830397,-1.123524,-19.453061,148.324713
68.652943,-9.428537,-0.157799,-0.482778,-1.429517,-19.373384,141.188744
66.722511,-12.826200,-0.152726,-0.551077,-0.639647,-19.423254,146.517776
66.786062,-8.515119,-0.082308,-1.070219,-0.574381,-19.409663,144.223569
67.471314,-7.990957,-0.205905,-1.187063,-0.967079,-19.407899,144.845361
68.682404,-10.768442,-0.165571,-0.590990,-0.946975,-19.367898,142.657123
68.712974,-8.900949,-0.111047,-1.228205,-0.534749,-19.364426,141.394918
68.633117,-8.867312,-0.188292,-1.172355,-0.743628,-19.364319,141.492400
68.778435,-6.853193,-0.178591,-1.485474,-0.972743,-19.371489,142.901759
67.434957,-6.477944,-0.068094,-0.865965,-1.188538,-19.394801,142.707328
67.758862,-10.522927,-0.031375,-0.585179,-0.619795,-19.390730,143.809168
67.327870,-9.478381,-0.131443,-1.323404,-0.460573,-19.398482,145.956704
67.744422,-8.633503,-0.146977,-0.653193,-1.188694,-19.384652,142.607708
66.818756,-8.780221,-0.069370,-0.503356,-1.113729,-19.413701,145.121291
66.962521,-7.432388,-0.170333,-1.081536,-1.051996,-19.416450,146.231854
67.744113,-8.979660,-0.144094,-0.699628,-1.046414,-19.395002,144.190582
67.641199,-10.415788,-0.148860,-0.755506,-0.722700,-19.402303,143.838375
65.860537,-7.761779,-0.146963,-0.806935,-1.137715,-19.449482,147.431933
68.831413,-6.269147,-0.175596,-1.154445,-1.476420,-19.364741,143.202779
63.844458,-8.382242,-0.164516,-1.431914,-0.582979,-19.524342,153.297956
66.222063,-9.892745,-0.177804,-1.396836,-0.462681,-19.439829,146.981402
68.596396,-10.449424,-0.231540,-1.171627,-0.670453,-19.377645,143.551041
68.996587,-11.319277,-0.137221,-0.599216,-0.761499,-19.359855,142.560817
67.128781,-9.404870,-0.118774,-0.448088,-1.312840,-19.416660,144.235792
69.937485,-8.332067,-0.187237,-0.829736,-1.233788,-19.327941,139.733801
67.235058,-7.314670,-0.064161,-1.044290,-0.780593,-19.398166,144.003237
67.126741,-6.077788,-0.120953,-1.250594,-1.166314,-19.419968,145.987168
66.426017,-11.696776,-0.118676,-0.674868,-0.560754,-19.432237,147.113425
67.927729,-8.138986,-0.128497,-0.693060,-1.165948,-19.385755,142.589601
67.542124,-9.239522,-0.155074,-1.338166,-0.532784,-19.405431,146.169475
68.842085,-12.458083,-0.171554,-0.496190,-0.851229,-19.363368,142.989503
68.235335,-9.527773,-0.063344,-0.682279,-0.720717,-19.370548,143.599506
65.890066,-6.471715,-0.111588,-1.284835,-0.928687,-19.454159,147.879186
66.608849,-8.890394,-0.196806,-0.627751,-1.424372,-19.438329,147.060051
66.886183,-9.212441,-0.142530,-0.867325,-0.748148,-19.413024,143.540725
68.099733,-9.563887,-0.151229,-0.580503,-1.103540,-19.371697,143.095002
67.410220,-9.697090,-0.184591,-0.907370,-0.785269,-19.400809,144.464136
67.575220,-6.626970,-0.024074,-1.130256,-0.782011,-19.386929,143.209100
65.602130,-8.950898,-0.158745,-0.665243,-1.108691,-19.467905,147.058256
68.196434,-9.444345,-0.096890,-0.538649,-1.019971,-19.379008,143.615329
68.134024,-7.240694,-0.163024,-1.131330,-1.065160,-19.377178,144.064840
65.676988,-8.098272,-0.204985,-1.092759,-0.988680,-19.464479,148.733088
66.456591,-9.402041,-0.179760,-1.061583,-0.691401,-19.436969,146.731493
66.457552,-7.216108,-0.216715,-1.024808,-1.430473,-19.443658,147.074907
67.750128,-6.707099,-0.112743,-0.789132,-1.429796,-19.383620,143.323915
68.261220,-10.694039,-0.133118,-0.702278,-0.696516,-19.372960,142.194797
69.483174,-7.179431,-0.153822,-1.101423,-1.085430,-19.342130,140.314664
68.948713,-6.970663,-0.139276,-1.192707,-1.003986,-19.356534,142.436464
68.410469,-8.436454,-0.135039,-0.794568,-1.003584,-19.381933,141.423681
66.394207,-8.494144,-0.181083,-0.864991,-1.050387,-19.443878,147.791621
68.660661,-8.194942,-0.189021,-1.012780,-1.025846,-19.364249,143.479981
66.974716,-9.657294,-0.119179,-0.473828,-1.139923,-19.404873,143.154190
69.099436,-8.629187,-0.102426,-0.579029,-1.174495,-19.343273,140.211837
70.742842,-7.296817,-0.132638,-1.347189,-0.816049,-19.298708,139.772675
67.638783,-9.588807,-0.132797,-0.554764,-1.067966,-19.396506,143.196547
68.839380,-8.172531,-0.132475,-0.905331,-0.934326,-19.364183,142.265192
68.948077,-8.578557,-0.066385,-0.726204,-0.844601,-19.351635,140.871562
67.340869,-8.530348,-0.180983,-1.521919,-0.593831,-19.410496,144.284833
64.502843,-6.341162,-0.183077,-1.212375,-1.291573,-19.503786,151.719804
66.593702,-10.242438,-0.151746,-0.819357,-0.678669,-19.429820,146.709568
69.860169,-9.608629,-0.173088,-0.620005,-1.194865,-19.337170,141.167118
69.270744,-9.833034,-0.177139,-0.828871,-0.845469,-19.346083,141.853900
67.316007,-8.965030,-0.075219,-0.795228,-0.701868,-19.399202,143.684966
67.313518,-10.284890,-0.150802,-0.757556,-0.723453,-19.404311,143.646105
66.209782,-9.366894,-0.131760,-0.920064,-0.669485,-19.439231,148.142198
68.028576,-7.438355,-0.139110,-0.957352,-1.084831,-19.382856,144.185088
67.683159,-7.409753,-0.082719,-1.182601,-0.707650,-19.385495,142.747494
70.588031,-7.281538,-0.191670,-1.310035,-1.069165,-19.314240,138.363875
65.573713,-9.363266,-0.162651,-1.325302,-0.499935,-19.459572,147.998596
71.143243,-9.889047,-0.159206,-0.783624,-0.848918,-19.294051,137.324255
66.617487,-6.827836,-0.069914,-0.807629,-1.176446,-19.429487,146.506563
69.361556,-10.013188,-0.174459,-0.498710,-1.339231,-19.351357,140.337205
66.905865,-12.588716,-0.152224,-0.594505,-0.639113,-19.417428,146.232822
67.012961,-8.854444,-0.113325,-1.171072,-0.544281,-19.409286,144.425334
66.661505,-8.302552,-0.204662,-1.223898,-0.854983,-19.431516,146.800404
71.045754,-11.868067,-0.183767,-0.508771,-1.003307,-19.299005,138.927277
68.806656,-8.560927,-0.080322,-1.124881,-0.553084,-19.354313,139.098290
68.474401,-8.062251,-0.165243,-1.276253,-0.751043,-19.367841,140.562234
68.393597,-6.771981,-0.149617,-1.597399,-0.822763,-19.383452,143.397896
69.120348,-6.362031,-0.032671,-1.049421,-0.944309,-19.335262,138.818185
67.649178,-10.470278,-0.020471,-0.585906,-0.602328,-19.394291,144.028163
67.677128,-9.772056,-0.121158,-1.260098,-0.433323,-19.377571,144.032972
66.986614,-9.046921,-0.164448,-0.606726,-1.234028,-19.416676,144.294024
66.318199,-8.609350,-0.050886,-0.503184,-1.068331,-19.426479,146.105463
64.194544,-7.849433,-0.207067,-1.040118,-1.072734,-19.508239,151.321775
68.066573,-9.021918,-0.150918,-0.760097,-0.978242,-19.381303,144.658923
66.135228,-10.377063,-0.154182,-0.703122,-0.773492,-19.451296,147.204658
66.287354,-7.799855,-0.128893,-0.869572,-1.006783,-19.435892,146.871571
68.835018,-6.245575,-0.171719,-1.157959,-1.466590,-19.364174,143.188838
64.237445,-8.553914,-0.185924,-1.480277,-0.606966,-19.517388,153.656894
65.382113,-10.070016,-0.205537,-1.431616,-0.482332,-19.471802,147.711060
69.410316,-10.798263,-0.248273,-1.204536,-0.662653,-19.353649,142.349327
71.112569,-12.618352,-0.135602,-0.531002,-0.724306,-19.297641,139.860119
66.443239,-9.141242,-0.106145,-0.438896,-1.334804,-19.438604,145.192980
68.283845,-7.230991,-0.192649,-1.010274,-1.327549,-19.382228,143.236466
66.626477,-7.122411,-0.051161,-1.019939,-0.795667,-19.418013,145.712386
66.481244,-5.961213,-0.107317,-1.306182,-1.085438,-19.440254,147.091675
67.252201,-11.702211,-0.117199,-0.640890,-0.603621,-19.408060,145.837891
67.799752,-7.545514,-0.133790,-0.821329,-1.178315,-19.386910,142.595529
67.657268,-9.201803,-0.153301,-1.346803,-0.531772,-19.401786,145.932973
68.872199,-12.298301,-0.181724,-0.484460,-0.931911,-19.362190,142.680673
67.888230,-9.722647,-0.084635,-0.705858,-0.703659,-19.380263,144.030342
65.487172,-7.041664,-0.163447,-1.312294,-0.928595,-19.473009,149.206886
66.900829,-8.896725,-0.190371,-0.626462,-1.385104,-19.426043,146.093305
67.347441,-8.972163,-0.171942,-0.982375,-0.801761,-19.405875,143.240870
68.521638,-9.476308,-0.130531,-0.589862,-1.041304,-19.360678,141.814130
67.582981,-9.981090,-0.191139,-0.904555,-0.760249,-19.393159,143.441254
70.032544,-6.246457,-0.000310,-1.302247,-0.741681,-19.309870,139.719456
67.112840,-9.413605,-0.166592,-0.595434,-1.174874,-19.418200,144.090472
69.129915,-10.393760,-0.148168,-0.539592,-1.046652,-19.353385,142.448301
68.653544,-7.240515,-0.172970,-1.279964,-0.984846,-19.360966,142.822548
69.260881,-7.423651,-0.195682,-1.293673,-1.017103,-19.350249,141.536053
67.359368,-9.954915,-0.203365,-0.910061,-0.798533,-19.413431,145.149389
66.099505,-7.199342,-0.216305,-1.014660,-1.450549,-19.455317,147.846429
68.263266,-7.007632,-0.137782,-0.834877,-1.395110,-19.371339,142.468805
68.562937,-10.947548,-0.137483,-0.689418,-0.682473,-19.362295,141.348700
68.356425,-7.044026,-0.126456,-0.869008,-1.236851,-19.371429,140.991870
67.240342,-7.807159,-0.150579,-1.149530,-0.838648,-19.415643,145.910112
66.776285,-8.368788,-0.089657,-0.605848,-1.115928,-19.423539,144.754237
67.357410,-9.643268,-0.185483,-0.811472,-0.914919,-19.414740,146.001768
67.876958,-8.041506,-0.154449,-1.005759,-0.932685,-19.388847,144.527711
67.453388,-9.769712,-0.154196,-0.514504,-1.198823,-19.400231,143.315932
68.639832,-8.928799,-0.163713,-0.624113,-1.279427,-19.365625,142.151024
71.021502,-8.276020,-0.155395,-1.302668,-0.721059,-19.291500,139.276891
68.056493,-10.761209,-0.116445,-0.525065,-0.860487,-19.383885,142.542228
68.154814,-8.022731,-0.101424,-0.844035,-0.919830,-19.381579,143.040846
68.521120,-8.691717,-0.084250,-0.684031,-0.910922,-19.364725,140.276510
68.368603,-8.045971,-0.180170,-1.690165,-0.596059,-19.375214,140.911815
65.617576,-7.139233,-0.190212,-1.046030,-1.259672,-19.467653,149.039616
65.815275,-9.973449,-0.173978,-0.935335,-0.675909,-19.455132,149.550503
69.242989,-9.327509,-0.126825,-0.568959,-1.140600,-19.349914,142.256284
70.646782,-9.407263,-0.172158,-0.808548,-0.961181,-19.306721,139.853371
66.939357,-8.591705,-0.089575,-0.849706,-0.744161,-19.414205,144.433023
68.838150,-10.284871,-0.147419,-0.778183,-0.712949,-19.358934,140.905614
65.707882,-7.991500,-0.121482,-0.973892,-0.840559,-19.462188,148.524377
68.276368,-7.345564,-0.147571,-1.161872,-0.946023,-19.379954,144.402371
67.323796,-7.513864,-0.065895,-1.193566,-0.635254,-19.393907,143.150666
69.745254,-7.347583,-0.193647,-1.288963,-1.044993,-19.337259,140.236411
65.356675,-9.499689,-0.188167,-1.280008,-0.570644,-19.469558,148.938153
69.669661,-9.933111,-0.188161,-0.818183,-0.891858,-19.343888,141.787052
66.024789,-6.867261,-0.065237,-0.804426,-1.143792,-19.452717,148.005378
69.864748,-9.734447,-0.176713,-0.555530,-1.281325,-19.331588,139.023638
67.069586,-13.142287,-0.167298,-0.566028,-0.644204,-19.411546,145.985474
66.588629,-9.364268,-0.136027,-0.987565,-0.631770,-19.422892,145.641428
65.939603,-8.585390,-0.199370,-1.184551,-0.795777,-19.455803,148.244581
70.066666,-10.025886,-0.202590,-0.642177,-1.154835,-19.319998,137.982267
68.642537,-8.735184,-0.079687,-1.083929,-0.554759,-19.358455,139.901421
68.921377,-7.743279,-0.132686,-1.257148,-0.731266,-19.351596,139.679358
68.826898,-6.940782,-0.152711,-1.678562,-0.758117,-19.370524,142.366034
68.632996,-6.723463,-0.062075,-1.101466,-0.889525,-19.355653,140.814032
67.709165,-10.498609,-0.017416,-0.578617,-0.609047,-19.391061,143.869392
67.506156,-9.652377,-0.112204,-1.168368,-0.464583,-19.386254,143.993066
66.062261,-9.031841,-0.164363,-0.680150,-1.076823,-19.445117,145.989002
66.591180,-8.515086,-0.060157,-0.548290,-1.071284,-19.419145,145.382984
66.612856,-8.329036,-0.179940,-0.982457,-0.953901,-19.431286,146.857606
66.961387,-8.708354,-0.145858,-0.653537,-1.163928,-19.417503,145.030926
63.971584,-10.494974,-0.171791,-0.760382,-0.707838,-19.519391,151.768329
66.839812,-8.088653,-0.171756,-0.889990,-1.081734,-19.416713,146.059891
69.106648,-6.118412,-0.163657,-1.146761,-1.499684,-19.353889,142.555734
65.865739,-8.512361,-0.119086,-1.303798,-0.535297,-19.455491,147.514470
65.311386,-10.244947,-0.202157,-1.327272,-0.498369,-19.472788,148.204464
69.197545,-10.739717,-0.236711,-1.083303,-0.704983,-19.360673,142.551097
68.761791,-11.770441,-0.128829,-0.577628,-0.706914,-19.368825,143.158331
67.323229,-8.816147,-0.107466,-0.483154,-1.380730,-19.413017,145.239673
69.667820,-7.095734,-0.197371,-1.119068,-1.324235,-19.344036,141.540675
65.671268,-7.377793,-0.081086,-1.102746,-0.747993,-19.454623,148.933473
66.089159,-5.592460,-0.106025,-1.215296,-1.294249,-19.451466,148.121433
67.421456,-10.288856,-0.087789,-0.701842,-0.643521,-19.401869,145.279424
67.987366,-7.879020,-0.121580,-0.733507,-1.143623,-19.378991,141.550004
69.180459,-9.467903,-0.163849,-1.346956,-0.536146,-19.352994,142.911038
68.717541,-12.173813,-0.182335,-0.476254,-0.961572,-19.366808,142.702010
67.565577,-9.071285,-0.077740,-0.752055,-0.741120,-19.390593,144.172087
66.137765,-7.153186,-0.164454,-1.197284,-1.000708,-19.451897,147.705040
67.370947,-9.158091,-0.190244,-0.614178,-1.345028,-19.410632,144.576356
67.499887,-9.007789,-0.189948,-0.962580,-0.863168,-19.401626,142.791654
69.125075,-9.829853,-0.148225,-0.557129,-1.117311,-19.341670,140.868249
67.980166,-10.103071,-0.168216,-0.871450,-0.700685,-19.381387,142.505855
69.223464,-6.472230,-0.025907,-1.292259,-0.741228,-19.336527,141.032831
68.673628,-9.393571,-0.164362,-0.571320,-1.252523,-19.365120,140.987633
69.714155,-10.296915,-0.174533,-0.551469,-1.167429,-19.340601,141.183590
68.908167,-6.961423,-0.152715,-1.425226,-0.877468,-19.356207,142.212308
68.289255,-7.306543,-0.151284,-1.219283,-0.934834,-19.382783,144.421805
67.242293,-10.318709,-0.189992,-0.847320,-0.771008,-19.417035,145.904756
65.147232,-7.535421,-0.206896,-0.962439,-1.317009,-19.480499,149.707998
68.253542,-6.898125,-0.135296,-0.807699,-1.460088,-19.370526,142.193842
69.273210,-11.107078,-0.130145,-0.655878,-0.686288,-19.341327,140.576301
67.783998,-7.739042,-0.151521,-0.722201,-1.343324,-19.391808,141.667496
68.884655,-7.754161,-0.126270,-0.957921,-0.971592,-19.361574,142.705212
66.428617,-7.814543,-0.116607,-0.656776,-1.250998,-19.434746,145.450362
66.024594,-9.841533,-0.216572,-0.848112,-0.930363,-19.464786,148.580480
67.818210,-8.620651,-0.170976,-0.888670,-0.965418,-19.389751,144.668505
67.260413,-9.467409,-0.129636,-0.509480,-1.165281,-19.406472,143.015721
68.633244,-8.716586,-0.183466,-0.688354,-1.308886,-19.367848,143.333787
69.229737,-8.313099,-0.139161,-1.270641,-0.670600,-19.345494,141.826542
68.014926,-9.785249,-0.102125,-0.576835,-0.903061,-19.379337,142.592404
68.317573,-7.978567,-0.063580,-0.808761,-0.858100,-19.377095,141.913336
67.719681,-9.023824,-0.032286,-0.628386,-0.771124,-19.385979,141.883594
68.254272,-8.659705,-0.170790,-1.625669,-0.528740,-19.381300,142.330644
66.488613,-7.109628,-0.198304,-1.065701,-1.301760,-19.440073,147.242404
67.316784,-9.990820,-0.110657,-0.784003,-0.672637,-19.407242,146.846434
68.742548,-9.357575,-0.133254,-0.518319,-1.252611,-19.367630,142.282785
69.294014,-10.896624,-0.146643,-0.760034,-0.669921,-19.345846,141.603236
66.850390,-9.072616,-0.090242,-0.800544,-0.714248,-19.414796,145.354526
68.475069,-9.771357,-0.128249,-0.791142,-0.723484,-19.369302,141.133137
66.817098,-8.748396,-0.170515,-0.977708,-0.841364,-19.429282,146.273475
66.610826,-6.634315,-0.084729,-1.010071,-1.053992,-19.428903,146.937232
66.832670,-7.662379,-0.097114,-1.185229,-0.693011,-19.417599,145.316400
70.897625,-7.371928,-0.208728,-1.382093,-1.040351,-19.302098,137.754543
65.152563,-9.141381,-0.174132,-1.108369,-0.672096,-19.473523,149.302375
71.272506,-8.982844,-0.194350,-0.905380,-1.022106,-19.291529,137.878310
65.789925,-7.564264,-0.094622,-0.700372,-1.173763,-19.462756,147.679100
69.101196,-9.835757,-0.175427,-0.526804,-1.277538,-19.353867,139.516001
66.927465,-13.375758,-0.167991,-0.533095,-0.653312,-19.415316,146.304993
66.144746,-8.839289,-0.102919,-1.030235,-0.603541,-19.437915,146.744210
66.002403,-8.734339,-0.198450,-1.251855,-0.718968,-19.451906,147.548066
69.154127,-9.410382,-0.190892,-0.637478,-1.250058,-19.349558,140.501674
