57.808026,-1.775946,-0.348097,-1.920225,-0.163640,-19.508343,147.847085
62.770915,-0.360411,-0.351453,-0.997470,-0.818501,-19.477933,145.246923
63.726985,-0.049469,-0.346910,-1.289506,-1.371593,-19.463382,144.985392
62.126263,-1.104476,-0.338039,-1.169655,-0.222099,-19.479228,146.308295
60.837405,-0.938500,-0.339150,-1.406807,-0.461988,-19.470994,145.611516
63.470121,-0.641746,-0.340274,-0.667867,-0.931472,-19.429754,142.989511
62.171143,-0.419758,-0.347213,-1.941255,-0.570728,-19.488908,146.216605
59.611801,-0.763800,-0.352742,-1.660977,-0.575137,-19.516207,147.906034
54.775028,-0.911457,-0.344043,-1.807695,-1.088044,-19.520048,147.433791
61.959596,-0.937076,-0.344298,-0.587270,-0.274341,-19.499140,147.541097
63.042259,-0.025082,-0.341150,-1.883293,-0.230645,-19.492297,146.793942
61.312232,-0.196926,-0.335708,-0.708210,-0.729991,-19.552293,151.734568
61.434966,-1.185855,-0.348880,-0.772576,-0.158030,-19.521014,147.875930
60.083911,-0.460844,-0.337473,-1.447983,-1.311512,-19.529001,148.676384
61.135406,-1.294280,-0.346213,-1.027083,-0.310002,-19.468227,145.542487
60.803805,-0.671064,-0.338263,-1.438831,-0.704962,-19.491575,147.562204
62.230498,-0.128620,-0.347347,-1.708500,-1.025942,-19.516867,148.104535
58.468060,-0.710964,-0.346956,-1.601389,-1.014465,-19.519450,148.153590
60.655085,-0.673980,-0.344759,-1.159850,-0.777282,-19.500991,148.311037
59.435598,-0.816601,-0.330717,-1.536731,-1.260496,-19.383088,141.217428
61.106894,-0.303633,-0.342375,-1.602112,-1.362052,-19.521251,148.626249
62.833857,-0.141856,-0.347320,-1.689746,-0.291456,-19.490496,146.779098
63.178977,-0.340610,-0.342898,-0.669016,-1.450390,-19.461725,144.930350
56.238890,-1.493203,-0.353004,-1.830621,-0.350631,-19.503024,147.200295
56.557495,-0.749162,-0.341156,-1.247098,-1.455956,-19.551641,151.099300
61.730003,-0.088860,-0.350638,-1.063887,-0.291778,-19.536172,149.163580
60.665440,-0.832618,-0.350715,-1.795023,-0.338955,-19.502451,147.133457
57.893422,-0.437664,-0.334126,-1.987952,-1.451954,-19.575747,154.015797
59.655310,-0.089520,-0.338085,-1.797835,-1.383707,-19.603484,156.321619
59.888303,-1.038174,-0.348920,-1.670476,-0.370314,-19.489929,146.132640
62.032481,-0.627025,-0.342929,-1.445337,-0.124758,-19.513288,148.784062
60.805529,-1.068619,-0.333742,-1.802747,-0.304071,-19.454453,144.756577
59.533478,-1.632138,-0.344802,-0.397342,-0.410795,-19.552982,150.686130
62.693328,-0.207562,-0.335688,-1.104349,-1.219598,-19.493895,147.795473
61.661765,-0.184881,-0.349323,-0.914573,-1.446977,-19.527734,149.378561
61.555338,-0.358416,-0.341308,-0.458776,-0.294659,-19.539214,150.369028
56.518998,-1.188619,-0.345335,-1.202243,-0.822591,-19.493419,145.766512
56.557911,-1.200423,-0.335576,-1.794721,-0.329635,-19.577277,152.333690
57.262656,-0.896122,-0.340408,-1.798482,-0.774561,-19.499932,147.861569
58.586067,-1.074963,-0.346628,-1.007598,-0.569392,-19.545758,149.306967
58.522564,-0.746493,-0.343038,-0.948152,-1.142682,-19.552848,150.645770
59.233174,-1.387239,-0.351750,-0.412927,-0.395512,-19.578554,152.151096
52.173594,-1.355022,-0.346626,-1.905245,-0.667280,-19.508889,147.167836
59.627105,-1.200002,-0.351857,-1.673928,-0.180006,-19.536443,149.410687
56.109346,-1.030304,-0.342327,-1.400848,-1.202516,-19.436351,142.382555
62.365985,-0.840118,-0.351525,-0.453705,-0.602476,-19.475184,145.454623
61.772246,-0.466876,-0.342513,-0.492031,-0.367753,-19.525381,149.434591
65.200937,-0.488251,-0.340664,-0.846057,-0.718196,-19.396693,140.196212
58.879534,-1.496197,-0.333976,-0.494326,-0.669388,-19.517096,149.208066
63.472683,-0.153594,-0.346410,-1.156049,-0.723880,-19.469560,145.961431
63.937955,-0.132075,-0.345493,-1.651979,-0.494274,-19.450226,144.048514
62.805732,-0.264874,-0.333955,-1.558966,-1.480481,-19.474194,145.478587
61.512623,-0.287561,-0.339373,-1.103068,-0.831360,-19.537397,150.030107
63.868397,-0.434375,-0.350325,-0.702264,-0.751091,-19.436812,142.848410
56.321099,-0.796968,-0.341714,-1.492926,-0.894636,-19.584653,153.053989
63.845925,-0.904106,-0.348512,-0.391222,-0.250271,-19.442323,143.923896
60.495365,-0.344652,-0.348227,-1.131258,-1.039593,-19.553681,150.423059
59.654185,-0.495109,-0.342112,-1.825739,-1.475524,-19.499076,146.777553
62.826209,-0.330829,-0.344621,-1.163531,-0.533240,-19.488425,146.535253
59.590720,-1.080109,-0.344255,-0.923657,-0.386353,-19.551558,150.190864
62.655596,-0.481674,-0.340760,-1.229174,-0.298231,-19.484708,147.201174
64.495245,-0.049024,-0.345003,-0.640640,-0.536608,-19.439761,143.239910
64.397439,-0.233306,-0.340708,-1.688746,-0.684529,-19.434795,143.022731
53.709583,-0.951073,-0.333852,-1.598355,-1.165472,-19.534225,150.024249
62.875424,-0.058439,-0.348508,-0.385337,-0.518523,-19.495070,146.446399
60.838737,-1.212701,-0.352522,-1.230024,-0.157757,-19.519149,147.921780
61.504633,-0.177800,-0.337207,-0.643763,-0.963323,-19.548664,150.475660
62.228499,-0.121050,-0.345386,-1.756913,-1.282223,-19.511314,147.750055
61.202931,-0.327107,-0.327489,-1.729055,-0.426246,-19.543361,152.267035
62.871289,-0.456318,-0.352934,-0.866851,-0.755448,-19.467246,143.725004
57.864972,-1.763012,-0.347665,-1.923474,-0.169135,-19.506681,147.746247
62.746239,-0.311757,-0.347649,-1.601306,-0.909477,-19.475408,145.199586
64.605177,-0.109638,-0.344749,-1.250513,-1.224075,-19.434976,143.386592
61.533214,-2.251594,-0.333366,-0.614417,-0.171843,-19.455213,145.140628
64.670069,-0.245329,-0.327418,-0.430989,-1.150348,-19.431232,144.305687
62.558796,-0.359023,-0.340141,-0.286909,-1.187482,-19.495743,146.909028
63.551299,-0.387838,-0.342143,-1.795182,-0.343572,-19.454446,145.026120
61.974340,-0.458899,-0.340385,-1.513986,-0.890053,-19.476419,146.042042
58.580417,-0.820358,-0.343854,-1.371410,-1.161342,-19.474249,145.131738
62.676636,-0.516189,-0.344344,-0.130198,-0.360518,-19.503325,147.299516
63.321184,-0.005575,-0.340330,-1.716131,-0.130547,-19.484437,146.605060
61.435466,-0.285276,-0.348797,-0.423306,-0.530627,-19.538354,150.754598
61.548296,-0.859886,-0.345147,-0.180754,-0.177481,-19.539551,149.440977
57.882536,-0.829344,-0.338024,-1.115391,-0.899274,-19.564659,150.410949
58.795697,-1.449293,-0.340297,-1.679053,-0.252338,-19.487529,146.694603
61.043146,-0.875993,-0.327884,-0.896734,-0.325929,-19.521174,149.597823
62.271427,-0.408745,-0.348573,-0.748035,-0.291428,-19.507517,147.026929
60.553900,-0.609919,-0.347443,-1.896447,-0.780630,-19.485443,146.043995
60.444004,-0.437047,-0.341819,-1.441563,-1.217539,-19.523044,149.059021
59.856955,-0.648234,-0.333714,-1.662599,-1.090983,-19.467643,146.752881
61.634584,-0.144225,-0.333823,-0.554951,-1.295473,-19.541785,151.256552
62.360795,-0.075217,-0.348702,-1.521130,-0.118813,-19.510379,147.752642
64.607672,-0.338018,-0.344483,-0.694241,-1.474997,-19.420103,141.863155
57.317432,-1.338838,-0.351405,-1.849402,-0.360759,-19.493871,146.587599
57.921372,-0.610982,-0.343442,-1.570632,-1.392534,-19.534144,149.943204
61.222265,-0.538723,-0.347041,-1.059552,-0.318418,-19.530349,148.832898
61.082110,-1.029335,-0.350360,-1.371509,-0.167396,-19.513900,147.868938
62.124338,-0.613567,-0.341517,-1.435073,-0.730915,-19.455982,144.581165
61.200715,-0.157689,-0.342138,-1.835665,-1.381588,-19.543587,150.674852
61.814051,-0.708691,-0.339501,-1.293556,-0.473583,-19.480865,145.983270
61.818538,-0.576688,-0.341773,-1.459001,-0.347127,-19.502479,147.772158
61.997462,-0.915922,-0.336700,-1.720603,-0.286032,-19.447806,144.356054
58.143576,-1.414542,-0.345331,-0.820652,-0.539821,-19.521760,148.390178
63.035433,-0.063747,-0.343740,-0.632881,-0.766146,-19.488081,146.239477
60.715885,-0.293412,-0.342624,-1.030576,-1.327692,-19.555631,151.179541
60.902524,-0.630848,-0.330867,-0.561294,-0.626232,-19.544435,151.103066
57.817080,-0.971133,-0.341619,-0.818799,-1.070940,-19.540799,149.441578
62.020598,-0.643014,-0.337607,-1.232444,-0.412496,-19.491049,146.765216
56.729659,-0.848310,-0.335718,-1.925854,-0.714009,-19.536688,151.264107
62.376450,-0.371474,-0.349396,-1.360704,-0.128234,-19.507262,146.565206
61.320134,-0.222014,-0.332060,-1.414165,-1.276359,-19.536449,150.661668
59.326455,-1.406078,-0.352595,-0.446622,-0.556637,-19.549019,149.898266
54.386775,-1.064326,-0.344920,-1.911549,-0.798160,-19.515636,148.035348
60.153655,-1.164301,-0.351475,-1.694435,-0.203830,-19.514630,148.030690
58.719619,-0.743588,-0.340604,-1.679836,-1.233049,-19.449339,143.881336
63.023411,-0.496529,-0.351077,-1.048153,-1.297258,-19.431155,142.580672
61.376473,-0.481164,-0.347316,-0.561376,-0.578178,-19.532119,149.277599
60.431026,-0.610382,-0.342779,-1.394500,-0.767685,-19.514458,148.493335
59.854289,-0.861187,-0.337803,-0.902670,-0.817293,-19.515192,148.840200
62.536929,-0.227097,-0.339527,-1.286262,-0.968587,-19.494816,147.960686
60.402848,-0.228443,-0.345790,-1.967936,-1.072011,-19.563480,151.774721
63.917164,-0.160187,-0.335470,-1.451775,-1.298993,-19.453017,144.998608
62.361481,-0.353339,-0.337129,-0.649200,-0.889225,-19.495846,147.459733
63.674315,-0.211172,-0.338253,-0.628239,-0.464288,-19.472416,145.694749
54.842009,-1.215905,-0.349606,-0.837384,-0.973886,-19.599347,153.756232
63.572708,-0.423552,-0.342250,-1.008332,-0.438216,-19.456119,144.394953
61.361631,-0.560334,-0.348619,-0.873553,-1.439607,-19.491787,145.248081
60.531441,-0.452415,-0.340747,-1.986946,-1.461474,-19.475697,145.305722
62.384219,-0.493892,-0.346849,-1.596517,-0.213692,-19.496942,147.012459
62.089340,-0.850350,-0.338434,-0.370151,-0.289198,-19.518741,149.507216
62.901167,-0.297996,-0.336517,-1.908641,-1.374113,-19.450893,145.322120
63.226329,-0.595263,-0.342128,-0.983140,-0.257018,-19.463469,145.104325
64.569959,-0.191921,-0.337721,-1.962551,-0.341692,-19.437465,143.107791
54.752746,-1.028689,-0.332342,-1.781964,-1.087413,-19.424899,142.242475
63.149119,-0.027235,-0.341318,-0.153124,-0.618663,-19.486550,145.866011
61.671714,-0.623821,-0.351080,-1.611371,-0.185441,-19.516942,147.682035
61.538456,-0.009281,-0.342451,-1.300893,-1.433568,-19.540522,150.124364
62.777763,-0.094747,-0.349868,-1.623121,-1.454067,-19.494147,146.282048
61.551149,-0.559571,-0.340441,-1.638226,-0.409869,-19.499763,147.743055
63.125974,-0.338809,-0.336018,-1.020566,-1.089709,-19.464078,145.086570
58.191774,-1.674973,-0.347875,-1.848710,-0.182313,-19.507435,147.740110
61.736490,-0.338451,-0.339752,-0.054362,-1.310144,-19.541312,149.908632
62.934498,-0.242868,-0.342214,-1.353450,-1.149642,-19.476467,146.269642
62.021835,-1.744052,-0.335426,-0.865151,-0.151286,-19.459629,145.211818
61.901744,-0.204394,-0.338500,-1.142365,-0.870009,-19.519578,149.891620
62.269424,-0.446227,-0.339174,-0.223239,-1.120925,-19.511111,148.673413
63.256818,-0.297013,-0.354431,-0.297790,-0.339035,-19.478707,144.634065
62.360284,-0.555485,-0.340524,-0.558719,-1.456624,-19.470901,144.841234
59.227015,-0.746700,-0.348829,-1.039660,-1.397873,-19.494180,146.086788
62.413847,-0.162698,-0.354692,-0.463318,-0.170704,-19.509970,146.254118
63.471507,-0.330685,-0.338616,-0.897532,-0.130609,-19.472153,145.960340
62.709273,-0.513922,-0.345357,-0.240453,-0.955277,-19.490535,147.461436
61.722837,-0.730499,-0.348377,-0.604362,-0.346469,-19.519760,147.898616
61.770690,-0.684216,-0.330292,-1.365290,-0.910205,-19.432107,143.563063
60.132917,-1.045534,-0.341732,-1.610396,-0.366737,-19.484459,146.519137
57.779480,-1.460554,-0.334926,-0.903573,-0.451936,-19.526882,149.485692
62.771755,-0.503664,-0.346263,-0.099950,-0.280470,-19.494247,146.510079
61.887111,-0.472943,-0.350632,-1.718758,-0.717987,-19.486153,146.147335
60.182152,-0.511655,-0.336276,-1.286148,-1.485887,-19.505636,148.411287
57.764031,-1.036586,-0.335967,-1.938294,-0.502247,-19.492743,147.916994
61.552395,-0.069631,-0.350429,-0.789896,-1.494989,-19.541404,149.847027
62.175609,-0.028565,-0.348165,-0.870976,-0.295803,-19.517504,148.327482
61.945761,-0.455132,-0.348518,-0.560171,-1.117647,-19.503853,147.262475
57.246438,-1.370582,-0.353947,-1.881251,-0.348963,-19.496329,146.764754
58.403088,-0.522170,-0.345494,-1.579234,-1.302787,-19.554177,150.851093
61.599994,-0.366318,-0.349757,-0.803596,-0.174196,-19.535454,149.154765
58.839016,-1.911454,-0.352940,-1.324765,-0.157355,-19.512597,147.777654
62.177444,-0.792319,-0.330342,-1.218272,-0.766468,-19.418966,142.402117
60.600407,-0.430812,-0.339856,-0.627673,-0.919061,-19.558574,151.976116
61.631326,-0.129014,-0.351070,-1.844681,-1.297184,-19.530299,147.805705
61.294602,-0.589149,-0.335620,-1.757662,-0.474364,-19.500157,147.922910
63.078289,-0.801797,-0.334277,-0.957422,-0.601272,-19.424092,143.248180
57.690803,-1.582738,-0.342713,-0.892901,-0.417509,-19.532292,149.368956
63.498434,-0.229687,-0.338706,-1.471699,-0.627577,-19.463438,145.474125
60.296231,-0.469159,-0.337517,-0.679273,-1.444114,-19.554747,151.508591
59.539865,-0.653212,-0.334351,-1.049347,-1.220125,-19.521481,149.345194
58.268784,-0.927605,-0.342518,-0.894085,-1.122663,-19.522484,148.462147
59.775527,-0.613877,-0.334793,-1.407373,-0.424362,-19.565852,151.759785
59.099737,-0.664658,-0.336871,-1.314288,-0.902095,-19.538806,150.795192
62.266042,-0.072715,-0.342784,-0.244336,-0.542530,-19.520389,148.029705
62.262575,-0.160510,-0.332473,-1.524768,-0.694394,-19.513042,148.384645
59.473859,-1.287245,-0.348952,-0.501743,-0.593271,-19.537338,149.225975
54.544131,-1.080737,-0.344054,-1.896048,-0.758114,-19.510788,147.745089
61.282973,-0.673939,-0.349531,-1.919721,-0.241291,-19.516545,148.731914
57.897981,-0.750154,-0.340959,-1.728348,-1.465504,-19.430368,142.506895
60.752501,-0.637449,-0.347889,-0.697184,-1.358003,-19.509620,147.444364
62.220084,-0.394857,-0.348190,-0.393166,-0.319523,-19.512641,147.880944
54.351095,-1.242127,-0.339839,-1.123708,-0.631948,-19.611752,155.675865
58.683463,-1.239590,-0.329640,-1.471594,-0.448266,-19.467813,145.802483
61.841309,-0.020201,-0.339299,-1.857759,-0.434044,-19.526389,149.976438
60.949178,-0.129188,-0.343437,-1.740348,-0.816953,-19.562263,151.319928
63.927478,-0.196869,-0.341297,-1.146907,-1.153331,-19.448978,144.056424
61.587138,-0.534513,-0.342429,-0.412267,-1.340539,-19.527123,147.928774
59.931707,-0.869178,-0.339518,-1.309440,-0.405203,-19.525268,149.911036
59.770296,-0.700153,-0.345756,-0.743800,-1.213442,-19.538513,149.700878
65.793934,-0.390533,-0.338962,-0.922167,-0.508047,-19.381826,139.996667
62.016572,-0.493445,-0.346682,-1.191604,-1.211769,-19.477606,144.077223
60.471477,-0.483275,-0.340210,-1.866495,-1.352681,-19.481587,145.777737
62.846991,-0.117463,-0.353774,-1.406705,-1.246252,-19.494235,144.868662
61.705373,-0.909700,-0.340874,-0.301326,-0.831646,-19.503985,148.187205
62.193104,-0.098252,-0.340208,-1.534435,-1.368740,-19.518564,149.078778
62.610145,-0.531810,-0.337213,-1.016463,-0.437584,-19.485110,147.069402
58.980915,-0.776415,-0.340039,-1.777238,-0.597231,-19.518139,148.690178
55.806617,-0.834611,-0.337753,-1.770022,-1.262103,-19.477821,145.920050
62.108353,-0.041684,-0.338569,-0.143222,-0.789574,-19.527098,148.984971
60.983439,-1.044505,-0.349134,-1.500403,-0.259816,-19.497490,145.958843
60.328889,-0.523231,-0.347394,-1.306043,-0.428304,-19.563859,151.402024
64.033125,-0.099557,-0.347691,-1.628174,-1.426281,-19.451822,143.864798
61.384385,-0.398763,-0.341359,-1.970371,-1.065252,-19.491151,147.462729
63.709364,-0.551678,-0.343489,-1.155460,-0.298191,-19.444077,144.300499
58.115694,-1.803750,-0.348111,-1.911380,-0.149693,-19.502932,147.586010
61.037673,-0.684114,-0.338601,-0.714785,-1.158622,-19.497856,146.699524
60.837240,-0.869735,-0.357278,-0.364019,-0.305652,-19.542594,150.113329
61.469822,-2.102199,-0.331881,-0.999441,-0.106022,-19.460715,145.652950
59.967086,-0.890966,-0.334264,-0.453780,-1.327137,-19.525116,149.966863
62.917212,-0.795791,-0.338802,-0.019785,-0.302307,-19.490784,146.963351
62.498216,-0.378739,-0.348113,-1.150022,-0.688475,-19.489216,145.549988
62.505784,-0.672826,-0.344629,-0.248183,-1.111785,-19.493280,147.048483
59.276049,-0.746412,-0.350871,-1.174781,-1.477390,-19.471861,144.896749
62.874937,-0.086997,-0.351531,-0.170007,-0.264768,-19.492474,145.379176
63.210615,-0.298181,-0.345705,-1.349308,-0.373200,-19.477614,144.085716
61.501464,-0.705897,-0.347895,-1.176149,-1.071744,-19.437852,143.068359
61.542575,-0.977546,-0.349411,-0.011827,-0.182013,-19.538745,149.578102
60.484136,-0.403775,-0.339019,-1.966709,-1.193258,-19.518667,149.070984
55.486278,-2.084695,-0.343909,-1.476753,-0.204300,-19.541192,150.021418
57.719961,-1.401217,-0.336407,-1.009622,-0.473273,-19.519432,149.022926
63.763700,-0.283680,-0.344952,-0.825075,-0.547986,-19.458803,143.974327
60.751686,-0.457970,-0.343443,-0.775705,-1.494304,-19.530634,148.822400
61.277087,-0.374634,-0.336001,-0.856696,-1.293706,-19.533064,148.993923
57.640471,-1.065266,-0.335784,-1.979468,-0.477260,-19.491276,147.826165
60.081403,-0.403778,-0.340649,-1.423237,-1.435747,-19.534319,150.711008
62.468125,-0.178302,-0.340838,-0.621881,-0.220155,-19.503526,148.656659
61.088945,-0.827502,-0.346705,-0.748548,-0.772888,-19.492893,147.151125
57.614715,-1.184454,-0.344695,-1.907910,-0.409485,-19.496620,147.725847
58.999374,-0.567368,-0.350949,-1.501952,-1.158118,-19.546131,149.818774
61.006334,-0.427594,-0.348959,-1.133622,-0.444941,-19.541618,149.596771
56.339057,-2.743136,-0.352794,-1.425436,-0.110428,-19.540744,149.413581
61.764087,-0.547632,-0.334459,-1.081149,-0.401751,-19.513163,148.375014
60.268939,-0.606421,-0.342629,-0.504413,-1.422649,-19.541846,150.832183
61.358471,-0.737609,-0.341548,-0.658860,-1.251687,-19.471911,145.250103
57.273037,-1.579417,-0.355745,-0.956862,-0.272705,-19.594719,152.410091
61.019484,-0.431712,-0.340605,-1.502642,-0.415731,-19.537768,150.829354
58.373165,-1.521143,-0.342292,-0.821334,-0.442852,-19.519787,148.647366
63.996963,-0.077015,-0.345284,-1.683382,-0.113823,-19.455245,144.313740
60.524189,-0.472294,-0.348321,-0.990185,-1.431028,-19.521280,149.292328
58.849302,-0.904152,-0.331380,-1.004221,-1.149274,-19.478840,146.785457
56.384780,-1.205880,-0.343548,-1.016090,-0.894369,-19.513428,147.020167
62.285221,-0.488531,-0.339309,-0.512244,-1.017538,-19.497119,146.206634
58.521837,-0.710930,-0.342855,-1.146848,-1.100876,-19.547080,150.404568
61.917924,-0.284408,-0.341483,-0.539690,-0.629183,-19.525937,148.759654
61.959454,-0.432499,-0.339602,-1.413137,-0.833795,-19.483563,146.892645
61.541327,-1.082980,-0.354590,-0.178135,-0.231224,-19.532409,147.975142
53.168320,-1.264566,-0.345530,-1.983328,-0.641943,-19.509683,147.479093
63.146768,-0.545009,-0.346979,-0.792647,-0.616254,-19.462579,145.104362
56.871739,-0.798099,-0.332124,-1.965957,-1.335097,-19.416882,142.228604
60.483978,-0.771008,-0.346650,-0.488586,-1.421741,-19.510086,148.035491
62.054099,-0.455389,-0.346605,-0.890744,-1.111531,-19.489519,146.283326
59.001190,-0.737127,-0.341327,-0.998541,-0.852452,-19.554265,151.467163
59.866074,-1.094615,-0.332052,-1.053145,-0.616394,-19.473071,145.545320
61.429435,-0.173199,-0.341057,-1.590380,-0.546274,-19.537493,150.142939
61.320661,-0.481384,-0.341553,-1.052620,-1.098961,-19.509704,147.909354
62.633817,-0.179652,-0.342158,-0.390041,-1.303965,-19.496651,147.576335
61.521285,-0.394051,-0.342587,-0.599306,-1.392607,-19.524614,148.956790
62.018314,-0.590853,-0.337308,-0.827069,-0.695969,-19.495151,148.215053
61.906027,-0.341533,-0.337212,-0.415748,-1.439629,-19.521327,149.241513
59.686423,-0.686309,-0.348482,-1.746153,-0.139322,-19.585659,152.876361
60.828243,-0.302777,-0.349183,-1.632457,-1.359398,-19.529422,148.226646
59.377244,-0.522405,-0.347435,-1.535078,-1.416906,-19.521539,147.723240
62.869716,-0.281530,-0.350889,-1.667080,-1.007151,-19.477345,144.088752
59.332899,-1.789303,-0.330443,-0.319545,-0.911830,-19.474570,147.675495
62.079292,-0.104986,-0.340148,-1.533076,-1.368751,-19.520645,148.969606
64.203741,-0.307692,-0.343487,-1.999995,-0.342434,-19.437761,142.970520
60.401937,-0.375076,-0.337246,-1.502135,-1.186956,-19.547086,150.305250
55.233085,-0.993615,-0.336322,-1.575159,-1.097769,-19.472996,145.721641
64.395639,-0.099760,-0.335577,-1.562563,-0.272819,-19.446384,144.454503
63.041942,-0.456293,-0.353676,-1.861172,-0.122429,-19.479628,144.615344
61.889852,-0.216802,-0.349967,-1.555720,-0.166664,-19.529802,147.786257
62.905830,-0.139567,-0.350014,-0.939620,-1.273796,-19.486457,145.614816
61.391430,-0.320295,-0.340926,-1.893985,-0.955695,-19.511378,149.316174
60.804538,-0.591525,-0.342058,-1.460459,-0.542423,-19.521738,149.923920
62.292537,-0.841660,-0.349515,-1.972959,-0.201124,-19.469266,145.106020
61.932594,-0.728711,-0.344004,-0.823216,-0.815473,-19.473673,145.505417
61.155660,-0.664941,-0.350196,-0.408024,-1.068084,-19.523388,149.070911
61.634459,-1.837789,-0.335193,-0.892593,-0.134557,-19.469069,145.937847
61.242559,-0.708451,-0.340308,-0.263186,-0.919112,-19.531527,149.717342
61.473665,-0.624895,-0.331697,-0.774632,-0.781437,-19.514872,148.103300
63.110688,-0.745701,-0.345415,-0.386708,-0.561267,-19.469136,144.905687
62.592580,-0.473375,-0.348186,-0.060995,-1.438718,-19.504301,147.928096
60.655040,-0.707167,-0.340279,-0.912534,-1.439443,-19.469009,145.023181
61.929983,-0.021653,-0.348830,-0.662051,-0.134946,-19.530632,148.104670
59.761971,-1.255686,-0.345547,-0.725773,-0.361687,-19.539076,149.569601
60.884747,-0.815953,-0.342882,-1.155898,-0.739046,-19.466976,144.854073
62.189289,-1.453212,-0.352130,-0.356012,-0.304925,-19.485568,145.625597
61.705855,-0.171844,-0.339790,-1.828418,-1.265942,-19.520518,148.816739
55.229790,-2.158652,-0.345193,-1.599452,-0.180663,-19.544486,150.326438
55.988053,-1.551285,-0.331932,-1.531788,-0.397374,-19.491725,147.665111
62.964872,-0.592847,-0.343480,-0.115123,-0.277837,-19.492023,147.278674
61.375981,-0.602400,-0.345165,-0.176817,-1.233577,-19.539853,148.653186
63.739980,-0.062722,-0.339893,-1.664398,-1.066950,-19.464513,145.725168
59.525723,-0.910684,-0.334699,-1.741046,-0.508749,-19.488245,147.771073
59.857241,-0.403831,-0.339370,-1.689745,-1.407895,-19.536516,150.981258
64.052369,-0.089340,-0.334746,-1.580679,-0.179839,-19.457769,145.365078
63.590011,-0.154634,-0.343923,-1.887714,-0.449676,-19.466151,145.148752
56.737047,-1.482418,-0.346037,-1.868364,-0.316068,-19.496319,147.733848
62.190137,-0.733318,-0.343930,-1.044634,-0.684818,-19.459224,144.086059
62.367584,-0.017463,-0.347415,-0.904138,-1.332380,-19.513685,148.572281
56.320821,-2.749161,-0.352806,-1.423814,-0.110063,-19.540967,149.427089
61.144394,-0.768909,-0.342976,-1.241502,-0.310154,-19.509496,147.938981
58.850790,-0.797461,-0.347359,-0.515606,-1.318421,-19.570339,150.901716
61.703148,-0.963142,-0.335050,-1.283980,-0.441732,-19.448173,144.344867
57.768625,-1.317876,-0.347462,-1.160979,-0.383477,-19.548926,150.333917
58.665041,-0.504896,-0.340547,-1.757469,-1.087938,-19.557495,152.949368
55.269184,-1.648912,-0.342420,-1.090156,-0.463867,-19.545460,149.763375
64.063893,-0.217108,-0.347433,-0.871436,-0.210878,-19.453953,143.897851
61.582257,-0.579127,-0.345167,-1.399929,-0.337091,-19.508403,148.281447
57.999622,-0.814144,-0.332418,-1.697967,-1.019678,-19.465317,145.540908
56.403237,-1.310913,-0.340596,-1.054954,-0.725635,-19.507102,147.014743
62.582033,-0.104866,-0.343992,-0.994279,-0.744977,-19.498423,146.823585
59.548760,-0.495369,-0.339516,-1.482934,-1.243090,-19.535526,149.979885
61.859333,-0.389391,-0.333473,-0.337682,-0.997656,-19.529107,149.471898
62.804818,-0.209646,-0.337650,-1.404086,-1.124929,-19.483079,147.556052
61.859186,-0.491171,-0.352049,-0.790572,-0.134713,-19.524274,148.147495
53.713871,-1.282682,-0.346014,-1.874728,-0.621776,-19.510020,147.496651
63.300851,-0.727428,-0.337156,-1.362209,-0.314845,-19.440761,144.092520
57.133534,-0.830014,-0.336068,-1.752515,-1.187528,-19.454158,144.526715
60.742359,-0.901464,-0.329343,-0.443031,-1.466133,-19.491785,148.172327
63.275778,-0.260606,-0.344744,-1.100878,-1.063413,-19.470285,144.398263
58.909931,-0.636980,-0.340863,-1.333244,-0.999289,-19.539218,150.157114
63.807124,-0.428499,-0.332027,-0.464055,-0.742837,-19.462386,145.447605
61.334168,-0.010611,-0.337541,-1.931158,-0.396777,-19.549460,151.630531
61.991187,-0.538422,-0.336752,-0.644003,-1.445769,-19.478495,145.907706
62.396967,-0.149953,-0.340197,-0.440335,-0.849478,-19.510669,148.475550
64.415660,-0.607306,-0.334516,-0.690011,-0.800499,-19.414569,142.416897
62.892359,-0.700322,-0.338997,-0.401683,-0.250372,-19.490081,147.792870
60.358072,-0.610078,-0.335774,-0.828236,-0.649255,-19.550320,151.417158
60.569919,-0.638249,-0.345769,-1.491717,-0.130413,-19.558695,151.390495
60.672231,-0.437551,-0.338041,-1.347073,-1.490183,-19.505944,148.630665
58.879147,-0.568044,-0.344189,-1.923306,-1.290732,-19.504237,146.637717
61.651281,-0.371528,-0.340072,-1.509599,-1.054471,-19.504889,147.478928
59.986971,-1.181516,-0.342691,-0.701348,-0.744342,-19.480343,146.267088
62.021953,-0.089585,-0.338051,-1.658676,-1.426758,-19.523314,149.047223
62.615529,-0.445212,-0.342064,-1.433591,-0.525769,-19.476938,145.768608
63.119849,-0.001031,-0.338696,-1.482908,-1.133745,-19.489565,146.364397
53.695219,-1.104459,-0.335463,-1.839143,-0.894073,-19.470958,146.053216
63.125546,-0.322454,-0.345869,-1.800702,-0.416612,-19.480095,146.115715
62.269617,-0.530998,-0.349481,-1.769220,-0.109401,-19.505805,146.850826
62.431982,-0.266459,-0.345944,-1.331023,-0.895813,-19.498680,146.899699
62.249331,-0.614007,-0.348026,-0.329333,-0.856027,-19.502735,146.662563
61.477606,-0.355720,-0.339233,-1.450250,-0.658100,-19.524166,149.963372
59.025476,-0.746761,-0.338286,-0.942533,-0.975854,-19.543139,151.015383
62.261909,-0.724949,-0.349068,-1.567926,-0.157575,-19.494264,146.464183
62.521971,-0.272740,-0.339888,-0.966134,-1.467614,-19.485232,146.356442
62.728669,-0.497310,-0.350043,-0.787418,-1.398656,-19.453819,144.664604
61.792985,-1.520589,-0.336963,-1.006007,-0.144770,-19.476401,146.277955
61.043135,-1.035508,-0.340208,-0.454770,-0.444991,-19.524660,149.704854
59.640375,-0.903610,-0.341245,-1.022088,-0.614768,-19.531232,148.598659
62.986732,-0.350799,-0.340994,-0.356182,-0.129302,-19.488368,146.977135
61.569279,-0.503156,-0.348579,-0.264801,-1.439307,-19.521615,148.742206
61.580474,-0.589323,-0.342022,-0.687976,-1.335129,-19.493673,146.676039
62.255110,-0.053068,-0.340739,-1.470855,-0.100530,-19.515004,148.640862
61.468557,-1.119487,-0.346024,-0.528351,-0.334997,-19.511140,147.987807
61.493583,-0.540407,-0.337357,-1.449230,-0.995029,-19.470847,146.152895
61.569727,-1.551477,-0.353168,-0.548403,-0.265061,-19.482953,145.267683
59.360702,-0.687542,-0.335889,-0.946930,-0.651427,-19.578375,152.757856
53.458394,-2.443874,-0.342893,-1.764758,-0.159373,-19.550460,150.903953
56.972100,-0.796097,-0.331093,-1.806943,-0.856208,-19.532937,150.765735
63.604534,-0.115893,-0.348382,-0.636955,-0.557582,-19.469395,144.496342
61.526576,-0.437206,-0.340659,-0.508928,-1.351379,-19.524001,148.742528
63.108862,-0.105795,-0.333965,-1.877497,-0.144306,-19.482765,147.676595
59.469743,-1.232500,-0.331810,-1.875440,-0.286284,-19.469107,146.505315
60.532145,-0.451065,-0.339853,-1.755008,-1.454622,-19.489230,147.665501
63.283031,-0.004517,-0.345466,-1.475264,-0.316508,-19.478364,145.757402
62.237552,-0.103587,-0.344860,-1.954879,-1.088739,-19.508964,148.245305
58.387166,-1.235425,-0.343154,-1.752201,-0.326075,-19.505105,148.501758
61.503269,-0.584306,-0.346477,-1.595660,-0.637625,-19.487278,146.217126
62.236290,-0.092284,-0.339824,-1.060924,-0.470385,-19.514868,148.945538
56.248134,-2.772637,-0.352915,-1.439626,-0.108271,-19.541459,149.446163
60.352414,-1.037935,-0.348327,-1.966569,-0.407028,-19.444297,143.153996
59.252108,-0.487753,-0.336241,-1.894003,-1.230195,-19.534184,150.201605
63.206915,-0.535792,-0.336307,-0.584918,-0.896688,-19.464605,145.360228
54.332159,-1.527959,-0.349270,-1.576080,-0.455073,-19.526548,148.835296
61.839033,-0.363364,-0.343436,-1.743540,-0.697600,-19.499059,148.124178
58.873511,-0.897846,-0.344741,-1.068995,-0.691326,-19.540275,149.476352
62.151710,-0.131477,-0.344772,-0.174748,-0.538075,-19.522823,148.394508
63.898493,-0.032261,-0.342321,-1.578264,-0.272544,-19.464289,144.483952
58.076260,-0.788300,-0.327166,-1.960102,-0.978243,-19.452315,144.737786
56.646407,-1.116321,-0.336177,-1.400406,-0.779111,-19.491766,146.281969
62.014632,-0.058801,-0.345398,-0.627355,-1.412226,-19.520474,148.765648
62.636878,-0.219295,-0.333328,-1.831447,-0.614337,-19.504565,147.780770
61.052091,-0.088817,-0.344524,-0.496390,-0.538779,-19.561189,151.344606
62.245088,-0.021647,-0.341912,-0.979054,-1.278082,-19.519366,148.914347
60.640429,-0.501523,-0.345145,-0.820165,-0.638491,-19.554769,150.956876
55.610362,-1.194104,-0.343248,-1.480550,-0.690257,-19.513021,148.043664
64.242625,-0.369014,-0.333500,-1.468234,-0.145718,-19.444812,144.951399
58.408273,-0.832167,-0.338512,-1.486659,-1.093033,-19.465556,145.118060
62.336701,-0.949989,-0.334308,-0.312044,-1.079120,-19.471513,146.234795
63.303227,-0.311375,-0.350665,-0.859936,-0.272315,-19.474488,144.897182
54.742093,-1.525711,-0.331768,-1.433176,-0.478801,-19.515024,148.385481
64.439807,-0.210508,-0.340412,-1.636439,-0.154413,-19.436329,142.657443
60.493987,-0.363342,-0.336581,-1.818371,-0.548089,-19.550950,152.072965
60.551232,-0.380333,-0.335052,-1.857031,-1.459833,-19.510591,148.581842
62.740027,-0.083414,-0.342133,-0.773236,-0.329261,-19.502713,147.787772
62.570855,-0.582781,-0.336989,-0.952451,-0.654999,-19.475525,146.101178
62.050639,-0.612648,-0.338421,-0.229297,-0.714549,-19.512680,149.011311
63.082135,-0.182062,-0.333240,-0.516563,-0.471882,-19.486678,147.757111
60.452910,-0.483693,-0.341343,-0.781473,-0.504105,-19.572823,152.937685
58.722306,-0.570096,-0.337251,-1.926566,-0.987342,-19.536647,150.656574
59.249573,-0.600431,-0.339219,-1.306286,-0.613840,-19.574711,151.271612
60.760398,-0.216115,-0.347228,-0.963175,-1.203598,-19.563245,151.184934
60.623182,-0.798130,-0.342030,-0.944664,-0.844335,-19.496014,146.607248
63.324521,-0.132190,-0.340218,-1.991401,-0.937728,-19.484077,146.203062
61.628095,-0.661558,-0.346179,-1.810230,-0.668323,-19.451493,143.666885
61.899607,-0.081686,-0.341960,-0.937490,-1.231732,-19.529610,148.774852
53.211749,-1.094181,-0.335657,-1.875185,-0.949930,-19.470683,146.027490
63.171521,-0.304478,-0.345067,-1.536750,-0.177830,-19.481168,146.187175
62.631716,-0.457409,-0.346557,-1.883771,-0.464771,-19.475013,145.364526
61.266115,-0.272480,-0.346802,-1.752978,-1.073416,-19.528252,148.768252
60.802207,-0.675750,-0.348286,-0.708183,-1.181725,-19.511853,147.641328
61.999626,-0.412049,-0.333847,-1.853163,-1.380010,-19.453179,144.778093
61.065050,-0.889502,-0.330906,-0.460386,-0.662712,-19.527276,150.394106
62.969346,-0.996259,-0.347339,-1.396443,-0.122137,-19.466462,144.974821
62.373273,-0.398679,-0.341248,-0.910192,-1.119867,-19.483028,145.981330
63.019933,-0.562500,-0.343525,-0.933073,-0.339153,-19.465331,145.493142
60.424578,-1.549574,-0.337050,-1.032759,-0.216438,-19.493412,147.431029
61.991614,-0.983331,-0.343997,-0.144088,-0.423637,-19.515394,149.139332
60.469923,-0.549088,-0.341148,-0.892811,-0.963822,-19.538638,149.383513
62.211768,-0.355980,-0.340901,-0.067766,-0.613131,-19.515116,148.596395
62.881403,-0.160004,-0.342642,-0.364801,-0.723983,-19.487056,146.981729
62.478751,-0.224391,-0.337946,-1.491782,-1.480390,-19.495636,147.228976
60.824096,-0.592282,-0.333890,-1.260572,-0.622528,-19.517179,149.438935
61.169232,-1.497552,-0.347274,-0.546234,-0.340705,-19.491087,146.871660
56.987105,-1.825883,-0.340695,-1.328353,-0.352837,-19.446015,143.312874
62.204719,-0.887303,-0.352588,-0.182081,-0.199119,-19.510468,147.422155
61.138865,-0.537663,-0.338503,-1.207657,-0.480197,-19.527485,149.556775
53.109605,-2.454161,-0.342369,-1.815737,-0.161043,-19.551538,151.057636
60.965918,-0.654562,-0.340850,-1.605186,-0.511629,-19.498438,148.439170
62.932731,-0.020758,-0.346264,-0.723035,-1.152036,-19.490091,146.271236
61.288352,-0.346601,-0.339043,-0.434131,-1.413700,-19.543581,150.349574
61.654488,-0.117902,-0.335896,-1.329398,-0.274595,-19.535919,150.416468
59.553175,-1.239250,-0.335190,-1.682396,-0.317180,-19.472966,146.399998
60.451530,-0.426138,-0.343606,-1.910580,-1.262487,-19.496799,147.437622
62.977080,-0.171655,-0.342932,-1.735342,-0.115222,-19.496568,147.200505
62.308067,-0.182537,-0.349344,-0.857815,-0.251064,-19.514824,147.669051
58.791346,-1.287636,-0.344645,-1.674459,-0.297291,-19.500405,147.917668
60.562601,-0.720304,-0.344669,-1.685352,-0.645499,-19.482841,146.229965
61.698075,-0.238606,-0.346849,-0.998637,-0.677226,-19.532356,149.660391
55.381998,-2.718275,-0.350426,-1.555254,-0.119544,-19.544601,149.869560
60.487946,-0.712936,-0.347923,-1.890213,-0.617034,-19.485419,145.433150
56.952071,-0.554670,-0.337080,-1.682129,-1.391728,-19.587645,153.387526
62.297201,-0.822219,-0.337674,-0.568500,-0.570093,-19.483661,145.888530
57.142144,-1.352595,-0.349620,-1.742207,-0.373342,-19.507277,147.468088
61.829386,-0.386510,-0.342249,-1.356398,-0.459093,-19.519347,149.231782
59.114592,-0.592968,-0.343356,-1.360725,-1.238035,-19.532156,148.822069
63.280187,-0.119734,-0.337322,-1.031038,-0.713722,-19.480918,145.803867
62.038888,-0.210637,-0.342645,-1.481220,-0.679232,-19.512374,147.851182
59.950564,-0.579493,-0.334359,-1.921998,-0.984289,-19.481804,147.250462
57.254731,-0.927340,-0.337124,-1.419315,-0.947038,-19.500510,146.874462
62.213749,-0.140018,-0.348138,-0.175697,-1.246275,-19.516895,147.851724
60.006317,-1.119578,-0.337267,-0.730207,-0.491680,-19.522584,149.366875
61.751810,-0.136099,-0.347022,-0.602900,-0.342683,-19.532844,149.283980
61.775291,-0.122462,-0.345145,-0.348251,-1.488392,-19.527785,149.057104
61.591358,-0.419948,-0.346305,-1.543776,-0.234734,-19.521046,148.454147
55.739787,-1.213402,-0.343018,-1.446033,-0.691599,-19.508757,147.612164
62.056980,-0.212281,-0.340213,-1.501033,-0.368746,-19.524014,149.518008
59.232119,-0.758124,-0.343404,-1.518466,-1.014593,-19.476764,145.646737
63.115376,-0.650452,-0.335043,-0.377490,-0.394650,-19.480048,147.651490
62.877137,-0.282520,-0.344036,-0.720000,-0.125748,-19.491275,146.813421
59.264317,-1.197504,-0.338741,-1.190082,-0.382208,-19.520614,148.520685
63.643773,-0.144496,-0.341184,-0.764367,-0.206265,-19.471167,145.175252
60.439581,-0.553559,-0.335382,-1.462346,-1.060359,-19.505297,147.345620
60.806262,-0.344008,-0.335616,-1.810402,-1.433712,-19.513438,148.719538
62.176744,-0.041335,-0.345142,-0.004550,-0.977293,-19.521018,148.350384
62.942479,-0.936479,-0.342773,-0.327310,-0.325331,-19.480190,145.680751
63.000043,-0.535102,-0.337473,-0.797460,-0.209114,-19.483882,147.447718
63.371262,-0.073019,-0.338852,-0.989172,-0.114853,-19.472881,146.474973
61.119359,-0.602241,-0.345602,-0.117964,-0.390488,-19.550439,151.107419
60.954921,-0.408171,-0.335216,-1.738953,-1.021605,-19.509003,149.133855
61.788384,-0.241865,-0.343427,-1.436624,-0.556882,-19.525669,148.579038
60.655505,-0.022967,-0.350716,-1.172530,-1.458163,-19.567479,151.871816
62.745949,-0.185412,-0.345965,-0.314161,-1.036048,-19.494176,146.315883
62.432388,-0.113155,-0.339640,-0.961795,-0.968158,-19.505729,148.245823
61.726663,-0.693217,-0.345716,-1.999720,-0.500156,-19.452708,143.792544
60.613378,-0.676258,-0.348346,-0.299175,-0.387064,-19.562158,152.024725
53.761451,-1.038244,-0.337182,-1.857876,-1.012964,-19.471230,146.058804
62.974500,-0.069201,-0.342179,-1.594246,-0.315205,-19.490091,146.861202
62.292484,-0.649481,-0.347286,-1.913728,-0.201180,-19.482702,146.682444
63.156115,-0.402750,-0.345860,-0.841221,-0.843571,-19.470003,145.613993
61.849776,-0.406793,-0.345404,-0.790087,-0.930505,-19.510593,147.932919
60.874226,-0.437432,-0.340262,-1.533434,-1.488502,-19.487552,146.664528
62.525121,-0.371092,-0.332184,-1.880456,-0.497932,-19.484801,147.988081
62.827508,-0.870836,-0.345499,-1.268889,-0.212081,-19.460854,144.727656
62.248083,-0.398611,-0.326522,-0.456663,-1.194928,-19.509702,148.932407
62.575241,-0.071756,-0.345858,-1.167789,-0.643472,-19.500145,147.178327
58.995861,-1.575781,-0.335422,-1.001595,-0.262033,-19.525242,149.475179
61.855068,-0.693356,-0.334890,-0.095310,-0.359503,-19.531094,150.869053
60.366773,-0.883859,-0.342851,-1.191293,-0.351410,-19.527356,148.971558
62.764191,-1.008080,-0.334494,-0.193871,-0.660583,-19.481010,146.741946
62.937886,-0.349943,-0.348252,-0.062739,-0.450376,-19.488736,147.344329
63.407258,-0.142790,-0.338758,-1.584324,-0.832226,-19.474559,146.111050
61.232906,-0.041548,-0.346196,-1.183571,-1.462016,-19.552248,150.404629
61.885537,-1.343891,-0.341518,-0.348576,-0.478167,-19.481872,146.583303
57.579581,-1.654006,-0.337028,-1.280067,-0.343403,-19.476379,145.660680
63.390523,-1.595099,-0.346808,-0.340942,-0.230841,-19.448664,142.943785
61.423910,-0.682519,-0.340149,-1.541784,-0.475270,-19.492741,146.546279
53.464994,-2.360381,-0.342457,-1.738957,-0.173605,-19.549302,150.859825
58.788732,-0.955465,-0.341438,-1.403921,-0.526749,-19.524629,149.697770
63.524303,-0.695198,-0.341609,-0.852262,-0.328689,-19.453473,144.006918
62.517469,-0.327398,-0.342994,-0.131905,-1.233127,-19.506973,148.169227
62.752646,-0.160197,-0.334534,-1.052993,-0.659527,-19.503957,147.595070
55.506773,-2.101595,-0.334284,-1.832731,-0.208804,-19.461299,145.842010
62.536870,-0.446907,-0.345950,-1.962102,-1.305544,-19.418992,142.492800
60.401193,-0.609508,-0.341902,-1.503758,-0.488291,-19.532291,149.397662
64.223472,-0.370653,-0.345083,-0.703558,-0.696025,-19.437149,143.118371
59.058291,-1.415241,-0.339145,-1.128163,-0.324944,-19.503923,148.671455
59.161337,-0.738231,-0.342338,-1.802042,-0.717552,-19.504119,148.215116
61.835740,-0.032871,-0.347357,-1.067083,-0.735663,-19.531568,149.484860
55.254064,-2.741280,-0.350712,-1.571886,-0.115944,-19.546248,149.942803
61.126141,-0.215014,-0.347541,-1.611339,-0.907488,-19.547123,149.984619
59.230409,-0.463999,-0.341918,-1.864616,-1.393638,-19.526746,149.623505
63.145306,-0.322685,-0.345899,-0.657480,-0.226622,-19.481887,145.501656
56.749027,-1.528888,-0.347235,-1.710578,-0.326919,-19.500254,147.255592
61.761458,-0.533217,-0.341929,-1.382850,-0.467567,-19.502267,148.171607
61.387468,-0.197543,-0.349193,-1.475586,-1.442042,-19.532979,149.575014
62.138180,-0.224928,-0.342094,-0.188756,-1.054698,-19.522693,148.196322
63.216860,-0.170327,-0.347005,-0.967479,-0.470009,-19.481512,145.287426
63.607734,-0.548084,-0.340761,-0.536072,-0.898533,-19.437832,143.786296
56.276016,-1.192662,-0.326436,-1.046371,-0.782494,-19.525159,148.563795
64.374247,-0.293792,-0.342896,-0.178129,-1.036184,-19.439559,143.446697
63.101181,-0.190340,-0.344245,-0.942329,-0.226112,-19.486967,146.692920
61.092446,-0.210578,-0.345763,-0.257555,-0.239821,-19.553003,150.964727
62.443469,-0.400259,-0.345157,-0.864491,-0.787687,-19.498228,147.053964
60.792117,-0.436010,-0.348387,-0.855745,-0.316474,-19.557663,150.699089
50.708207,-2.109226,-0.344401,-1.835654,-0.355654,-19.466977,143.867353
63.444394,-0.556742,-0.340945,-1.572810,-0.161312,-19.459993,145.337122
65.520670,-0.042467,-0.343287,-0.569734,-0.340869,-19.407537,140.576822
62.118331,-0.622010,-0.344119,-0.630306,-0.200788,-19.510181,148.479633
61.333765,-0.105018,-0.351930,-0.756607,-0.248560,-19.541252,149.998132
58.873767,-1.411810,-0.335097,-1.249520,-0.310134,-19.506038,147.794741
61.791180,-0.075503,-0.346425,-0.353575,-0.264561,-19.530111,148.582654
56.962585,-0.900184,-0.340774,-1.244333,-1.127462,-19.517741,147.839831
61.190859,-0.252826,-0.338911,-1.789992,-1.226760,-19.534038,149.713896
63.529143,-1.110152,-0.338792,-0.175904,-0.273776,-19.467395,145.491537
64.232082,-0.983769,-0.342129,-0.028500,-0.497587,-19.451916,143.578022
61.366062,-0.048335,-0.348112,-0.896446,-0.112599,-19.549578,150.044638
62.759361,-0.048063,-0.337196,-0.938189,-0.379881,-19.500921,148.679937
61.407455,-0.595250,-0.340740,-1.079190,-0.188658,-19.534623,150.491028
60.262915,-0.452917,-0.337754,-1.880685,-1.246244,-19.499581,148.829756
59.040880,-0.928506,-0.347235,-1.451772,-0.440779,-19.544486,149.674234
62.605437,-0.349639,-0.348529,-1.395955,-0.777697,-19.485361,146.376548
62.005519,-0.388340,-0.348115,-0.326866,-0.681711,-19.522101,147.830494
59.764182,-0.511740,-0.352572,-1.025850,-0.521316,-19.583356,151.736909
62.874646,-0.740879,-0.351974,-1.614558,-0.446448,-19.431031,141.718663
63.323858,-0.730496,-0.339789,-0.237579,-0.982739,-19.461109,145.528477
53.497467,-1.059819,-0.336588,-1.694984,-1.077136,-19.479229,146.314792
63.096994,-0.259165,-0.342676,-1.760920,-0.331271,-19.476663,146.413769
62.284680,-0.453360,-0.343963,-1.896800,-0.819281,-19.458576,144.926823
61.693255,-0.701977,-0.349711,-0.741936,-1.112249,-19.468263,144.485355
64.066157,-0.584523,-0.334604,-0.548635,-0.232169,-19.447603,144.182598
61.465497,-0.439485,-0.338284,-1.446361,-1.450701,-19.474051,145.979546
62.793569,-0.340762,-0.342629,-1.957762,-0.406989,-19.480758,145.150674
62.812129,-0.679260,-0.341746,-1.323930,-0.405365,-19.454468,144.387101
59.716643,-1.369606,-0.332683,-0.564559,-0.670559,-19.497061,147.552270
63.986135,-0.432695,-0.336012,-0.685917,-0.385100,-19.447118,144.404190
55.956663,-2.302586,-0.334724,-1.254626,-0.181609,-19.535808,150.610882
57.811556,-0.969759,-0.341343,-1.144993,-0.609708,-19.568410,152.288169
58.470922,-0.885841,-0.346294,-0.092930,-0.589011,-19.649468,157.774594
63.085286,-0.471003,-0.345556,-1.409208,-1.014893,-19.440829,143.083490
62.949061,-0.637890,-0.341889,-1.124219,-0.216870,-19.478094,145.961663
64.179163,-0.354310,-0.339732,-1.108964,-1.287174,-19.420148,142.700942
62.019271,-0.249461,-0.345141,-1.422808,-0.944904,-19.507817,147.050333
57.916975,-2.723038,-0.335938,-1.021453,-0.122333,-19.507813,149.063788
57.085137,-1.843750,-0.335567,-1.418318,-0.289235,-19.463997,144.767762
64.729913,-0.567086,-0.360414,-0.225514,-0.104081,-19.425241,141.011583
61.993882,-0.505534,-0.337247,-1.174628,-0.376061,-19.509108,148.255169
55.590922,-1.948926,-0.342809,-1.484623,-0.242472,-19.533137,149.849850
60.633831,-0.593660,-0.335059,-0.841934,-0.600464,-19.542677,150.647301
64.612504,-0.551226,-0.347843,-0.239070,-0.866759,-19.429027,142.191286
62.313430,-0.334627,-0.340094,-0.657852,-1.356337,-19.503936,148.265260
61.305218,-0.483320,-0.341173,-1.340603,-0.287978,-19.537377,149.921757
59.017867,-1.604388,-0.338048,-0.634247,-0.479970,-19.497551,148.392537
63.734414,-0.442252,-0.345097,-1.853591,-0.580749,-19.428644,142.585872
60.955267,-0.607251,-0.331665,-0.828379,-0.194421,-19.559348,152.639376
64.268669,-0.312571,-0.349142,-0.908230,-0.254769,-19.438515,143.720946
60.860088,-0.796455,-0.347486,-1.252304,-0.519257,-19.503480,148.023938
55.800745,-0.903444,-0.338726,-1.831754,-0.705396,-19.569880,153.373756
60.821675,-0.263317,-0.340845,-0.820711,-0.264157,-19.563767,152.561464
55.457705,-2.802265,-0.350119,-1.570467,-0.109634,-19.540186,149.578785
61.413148,-0.344106,-0.345694,-1.482004,-0.367209,-19.540699,149.464618
59.182479,-0.462463,-0.343332,-1.937414,-1.455252,-19.525397,149.341811
63.416685,-0.043921,-0.343044,-0.391785,-0.124671,-19.476626,146.181325
55.900558,-1.695191,-0.342904,-1.902935,-0.296363,-19.465361,145.417306
63.675919,-0.339001,-0.328390,-0.419293,-0.109549,-19.475361,147.232204
62.141197,-0.494620,-0.342606,-0.410771,-0.902602,-19.500416,147.938548
61.948133,-0.612958,-0.341252,-0.314362,-0.679584,-19.520019,148.059794
61.512073,-0.297473,-0.335984,-1.186306,-1.240980,-19.516994,149.345409
62.180753,-0.659547,-0.349751,-0.994210,-0.389513,-19.489077,146.883022
55.900788,-1.853547,-0.339254,-1.062587,-0.364872,-19.522169,148.109922
62.402761,-0.069916,-0.351222,-0.944124,-0.975914,-19.509052,147.352571
62.739574,-0.139751,-0.348949,-1.051248,-0.178128,-19.500338,147.349251
61.211235,-0.417209,-0.346126,-0.395525,-1.282103,-19.544262,149.886960
63.510994,-0.759023,-0.346751,-0.370640,-1.240773,-19.429026,142.791896
62.491967,-0.059700,-0.339691,-1.690659,-0.839436,-19.506416,148.005786
51.686614,-2.016221,-0.342785,-1.745764,-0.352058,-19.481641,145.597438
60.946953,-0.555485,-0.342351,-1.628938,-0.359574,-19.535871,149.685278
64.385884,-0.212952,-0.337927,-1.270501,-0.680756,-19.442481,142.943539
61.874295,-0.688121,-0.344613,-0.328304,-0.289035,-19.517173,148.899882
62.564684,-0.265943,-0.346823,-0.691395,-0.551521,-19.494453,146.853763
58.129895,-1.472008,-0.335120,-0.785974,-0.595697,-19.502653,146.898481
61.377585,-0.257650,-0.345942,-0.255964,-0.263722,-19.542971,149.929752
55.810638,-1.152653,-0.340554,-0.980377,-1.137575,-19.509549,146.962511
61.296205,-0.227294,-0.342603,-1.374210,-1.183300,-19.535391,150.355409
64.788512,-2.005113,-0.332871,-0.218201,-0.145101,-19.412169,142.341018
63.382346,-0.919282,-0.341789,-0.040486,-0.547113,-19.481160,145.295507
62.625514,-0.404032,-0.353654,-1.013684,-0.495328,-19.489223,145.451161
61.130978,-0.182950,-0.334055,-0.980900,-0.471997,-19.561461,152.485296
61.786242,-0.618465,-0.331904,-0.902896,-0.256662,-19.522592,149.712761
59.355589,-0.507095,-0.336143,-1.921932,-1.167512,-19.519595,150.191568
60.076961,-0.612576,-0.345976,-1.508693,-0.645541,-19.531329,148.775074
61.385018,-0.535435,-0.353769,-0.361914,-0.576192,-19.530519,148.583400
62.728884,-0.021739,-0.339393,-1.380737,-1.189948,-19.499931,147.735783
62.689261,-0.216520,-0.347129,-0.554950,-0.238671,-19.500796,146.742472
59.469041,-1.344777,-0.345111,-0.872214,-0.623199,-19.456791,143.741007
63.309173,-0.488272,-0.332780,-0.613090,-1.426896,-19.448646,144.623485
53.601086,-1.051210,-0.336723,-1.695385,-1.065901,-19.481697,146.485617
61.527496,-0.401714,-0.343236,-0.477686,-0.202418,-19.535681,150.292125
61.521802,-0.626928,-0.345217,-1.846465,-0.679691,-19.460081,144.784774
62.029819,-0.455050,-0.349439,-0.812344,-1.305175,-19.486075,145.649753
63.381567,-0.350441,-0.336681,-0.365952,-0.959490,-19.469647,146.186229
61.489700,-0.602841,-0.344248,-1.438530,-1.113571,-19.447344,144.074207
60.427502,-0.713861,-0.345797,-1.564241,-0.127943,-19.570251,151.644449
63.734899,-0.324308,-0.345941,-1.728990,-0.486541,-19.453872,144.193891
60.706357,-1.107036,-0.328176,-0.367280,-0.914782,-19.510466,149.408190
61.816636,-0.639477,-0.337937,-1.413854,-0.125175,-19.514781,149.225122
51.416238,-2.768925,-0.332465,-1.724951,-0.142287,-19.584724,154.009889
52.586111,-2.604970,-0.354789,-1.948771,-0.119004,-19.622413,154.789367
60.782470,-0.710916,-0.343928,-0.698901,-0.532081,-19.538123,150.141327
63.542182,-0.476515,-0.341281,-1.094563,-0.281533,-19.460114,145.259225
63.137727,-0.445731,-0.343399,-0.924541,-0.515199,-19.470470,145.238204
63.703341,-0.064493,-0.342286,-1.156174,-1.229439,-19.462325,145.550870
63.504138,-0.110215,-0.340196,-0.723538,-1.024335,-19.472735,145.628596
58.897636,-2.497675,-0.335591,-0.868407,-0.151781,-19.495061,148.254912
57.498502,-1.913159,-0.335089,-1.308170,-0.283262,-19.453961,144.051272
62.766229,-0.855359,-0.346927,-1.505049,-0.217896,-19.457304,143.954510
62.646646,-0.883061,-0.331801,-0.701179,-0.459034,-19.470551,145.721205
51.909776,-2.772600,-0.335555,-1.091419,-0.245722,-19.550843,151.103567
61.762615,-2.136287,-0.339827,-0.383209,-0.196840,-19.487358,147.191039
61.737161,-0.431563,-0.345533,-0.283531,-0.638146,-19.530546,149.400273
62.902455,-0.423121,-0.339404,-0.346570,-0.894184,-19.481634,147.255738
61.175922,-0.605612,-0.340801,-1.611638,-0.485793,-19.507295,147.048909
58.449120,-1.237645,-0.334889,-0.956990,-0.510216,-19.531831,150.362564
63.765656,-0.327921,-0.326199,-1.060750,-1.344297,-19.439842,146.266092
60.283046,-0.950991,-0.339206,-0.637804,-0.277321,-19.563038,152.566370
62.350500,-0.139577,-0.341014,-0.673659,-0.179204,-19.511160,149.151612
61.569388,-0.041094,-0.342530,-0.414448,-0.971377,-19.539965,151.218065
59.096815,-0.751233,-0.337899,-1.353095,-0.967027,-19.499108,148.108837
60.497541,-0.697704,-0.341134,-1.306385,-0.346617,-19.537861,150.551956
55.585362,-2.752643,-0.350083,-1.538332,-0.115964,-19.539788,149.551028
61.358894,-0.282551,-0.351691,-1.054953,-0.568878,-19.543086,148.968042
61.481402,-0.530957,-0.342229,-1.278743,-0.906865,-19.490870,146.857316
64.698526,-0.086642,-0.344419,-0.019114,-0.109638,-19.432993,143.072346
54.947087,-1.690392,-0.343143,-1.802595,-0.341467,-19.483516,146.122248
62.450043,-0.245683,-0.338009,-0.377560,-0.354724,-19.509208,148.563299
60.969094,-0.083269,-0.342968,-0.542317,-0.821170,-19.560339,151.460759
64.593734,-0.690636,-0.339193,-0.683688,-0.211148,-19.429356,142.220216
62.491412,-0.170394,-0.349383,-1.627076,-1.066905,-19.498428,146.657505
62.368961,-0.992328,-0.348097,-1.138373,-0.123578,-19.486574,146.590092
57.607967,-1.365477,-0.337427,-1.445181,-0.367060,-19.514838,148.040036
62.327155,-0.111601,-0.341465,-0.767995,-1.176907,-19.511804,148.767769
62.438699,-0.523423,-0.351268,-0.645471,-0.376379,-19.497735,147.447360
62.930110,-0.634789,-0.347778,-0.200802,-1.109924,-19.477745,145.492767
61.440776,-0.656479,-0.350829,-0.268454,-1.259660,-19.517054,148.400012
62.227475,-0.397970,-0.350569,-0.787063,-0.553730,-19.498903,145.302317
51.247549,-2.015543,-0.343843,-1.806419,-0.361120,-19.483979,145.695972
62.164773,-0.473895,-0.337695,-1.586205,-0.476855,-19.493915,147.381229
64.340763,-0.236326,-0.346435,-1.552594,-0.824670,-19.433804,142.130034
60.719719,-1.008053,-0.338165,-0.282784,-0.554028,-19.547964,151.844339
63.195618,-0.412851,-0.350120,-0.271941,-0.297167,-19.477608,145.272189
61.448523,-0.990977,-0.341181,-0.486417,-0.843417,-19.483412,146.143960
61.855484,-0.081167,-0.343522,-0.137423,-0.240137,-19.532539,148.824376
55.876830,-1.122835,-0.340113,-0.991806,-1.117770,-19.515581,147.457596
59.754489,-0.398773,-0.341275,-0.986174,-1.490738,-19.561494,151.830024
64.709913,-1.131735,-0.333608,-0.243006,-0.122033,-19.428987,143.295116
63.924967,-0.221249,-0.348283,-0.296917,-1.261399,-19.460520,144.400408
62.322014,-0.422070,-0.350301,-1.462878,-0.204861,-19.505148,147.439836
60.046368,-0.251070,-0.344604,-1.600844,-0.229175,-19.588408,152.997499
61.612626,-0.202269,-0.348893,-1.410764,-0.649862,-19.529654,150.026963
61.981094,-0.372951,-0.337215,-1.543689,-1.378100,-19.475913,146.643588
61.632609,-0.143118,-0.344949,-1.583259,-1.045238,-19.532550,148.714239
60.776776,-0.332348,-0.346175,-0.417114,-0.384552,-19.564843,151.679583
62.296813,-0.234989,-0.338514,-1.677992,-0.402786,-19.510084,148.822790
62.401298,-0.226822,-0.344608,-0.298121,-0.139427,-19.509744,147.228306
58.362946,-1.519911,-0.341453,-1.009849,-0.465674,-19.474914,145.464961
62.128523,-0.500732,-0.322449,-0.246339,-1.106563,-19.516440,150.174547
53.387316,-1.059075,-0.336471,-1.702856,-1.081304,-19.482141,146.520264
61.349073,-0.578996,-0.347195,-0.117040,-0.338209,-19.546643,150.451210
63.328157,-0.831378,-0.346966,-1.797496,-0.277409,-19.424694,142.225673
57.997408,-0.768134,-0.338097,-0.935264,-1.209939,-19.560040,151.743923
62.843299,-0.378509,-0.345067,-0.241308,-0.541094,-19.492356,146.791096
62.255071,-0.613902,-0.343392,-1.155082,-0.866994,-19.453913,144.311078
60.789367,-0.931685,-0.348591,-1.555058,-0.163350,-19.537855,149.418360
64.166814,-0.547020,-0.342059,-1.530940,-0.305776,-19.426922,142.722841
60.863842,-1.101946,-0.332544,-0.455292,-0.784633,-19.498000,148.099341
61.757751,-0.461451,-0.344189,-0.249665,-0.346059,-19.526384,149.669093
51.606913,-2.779489,-0.333025,-1.688011,-0.147213,-19.571021,153.191825
56.050845,-2.259625,-0.347705,-1.508584,-0.138070,-19.565193,151.505166
61.217010,-0.866939,-0.349481,-0.053662,-0.305928,-19.553756,150.818070
63.071180,-0.187382,-0.340141,-1.439366,-0.132225,-19.490675,146.677469
62.110510,-0.185828,-0.342165,-1.145917,-0.559303,-19.517801,148.254610
64.382431,-0.291386,-0.341679,-0.511661,-1.134530,-19.435143,143.751162
63.269098,-0.241303,-0.341311,-1.222309,-1.243534,-19.471105,145.311329
56.523925,-2.439364,-0.337280,-1.261431,-0.174172,-19.504499,148.038966
58.994050,-1.481883,-0.338149,-0.979173,-0.454199,-19.468696,145.014251
61.834345,-0.521175,-0.349321,-0.660616,-0.436135,-19.518797,148.422223
63.240743,-0.658710,-0.339965,-0.235727,-0.229232,-19.477483,145.582952
61.582070,-1.208823,-0.336245,-0.538817,-0.676419,-19.453872,144.580733
56.550178,-2.286913,-0.337783,-1.064618,-0.205607,-19.531303,150.002060
61.411975,-0.694498,-0.346199,-0.237610,-0.267201,-19.540242,149.910614
62.060925,-0.859776,-0.342338,-1.554043,-0.449233,-19.442245,143.464236
60.767976,-0.698795,-0.341912,-1.963530,-0.391118,-19.508476,147.496891
50.092482,-2.365093,-0.327973,-1.523778,-0.262386,-19.558292,152.287651
63.554264,-0.502050,-0.336129,-0.023184,-1.124082,-19.469362,146.728786
60.861457,-1.036415,-0.338611,-0.961243,-0.180242,-19.531749,150.856178
62.733169,-0.345218,-0.348380,-0.764101,-0.165694,-19.492708,147.055765
63.490412,-0.152348,-0.347368,-0.352747,-0.902888,-19.468794,144.742706
61.266161,-0.548550,-0.337391,-1.928223,-0.693660,-19.481966,147.659091
60.323871,-0.602734,-0.344088,-1.446089,-0.392373,-19.543829,150.435451
55.578184,-2.751527,-0.350034,-1.538361,-0.116164,-19.539874,149.561335
55.293186,-1.098252,-0.354336,-1.152226,-0.499068,-19.660373,156.823722
63.181237,-1.101043,-0.341311,-0.536632,-0.309711,-19.450042,143.725246
61.854974,-0.006197,-0.347355,-0.026453,-0.298944,-19.532557,149.149133
58.053269,-1.259635,-0.343437,-1.755289,-0.456114,-19.453747,144.401104
61.918077,-0.005813,-0.337604,-0.156077,-0.382376,-19.532340,149.468647
58.775945,-0.737908,-0.336974,-0.646691,-0.207957,-19.631046,156.778648
61.465220,-1.525338,-0.347382,-1.495839,-0.105125,-19.488814,145.401230
61.975707,-0.187048,-0.347845,-0.332173,-0.498988,-19.525250,147.710274
62.266125,-0.923260,-0.348569,-1.757620,-0.135768,-19.484542,146.286429
62.887791,-0.247622,-0.349745,-1.977179,-0.371737,-19.486415,145.410122
62.512464,-0.354729,-0.342243,-0.944971,-0.898978,-19.493261,147.366218
61.995496,-1.376351,-0.340665,-0.923630,-0.262762,-19.449631,144.684145
63.124169,-0.444293,-0.346326,-0.086973,-1.255800,-19.480894,145.975654
61.296889,-0.352887,-0.350418,-0.476838,-0.962139,-19.535448,149.203401
60.492783,-0.715475,-0.343464,-1.119583,-0.336300,-19.547308,150.448257
50.921547,-2.066652,-0.344109,-1.817146,-0.346759,-19.483441,145.606405
62.274721,-0.099207,-0.332503,-1.873748,-0.379536,-19.516577,149.785643
64.552304,-0.158263,-0.344092,-1.510173,-0.966519,-19.434917,142.141539
58.910643,-0.516887,-0.339368,-0.158395,-0.838430,-19.634505,157.155055
62.230690,-0.717547,-0.351541,-0.256959,-0.107500,-19.508680,147.320430
62.157299,-1.364130,-0.336616,-0.410285,-0.832544,-19.421363,142.471209
61.527967,-0.159033,-0.339631,-0.093774,-0.125687,-19.542614,150.179476
54.559678,-1.148171,-0.338876,-1.167399,-1.076074,-19.519577,148.276672
60.767910,-0.095756,-0.343582,-0.802523,-1.090195,-19.570368,152.015332
63.563739,-0.876931,-0.332343,-0.113346,-0.368898,-19.471301,146.188854
59.890872,-0.299704,-0.347184,-0.532892,-0.300982,-19.596968,153.671035
62.291896,-0.784091,-0.358166,-0.941408,-0.142585,-19.495607,145.884937
60.026753,-0.825946,-0.339955,-0.927441,-0.659425,-19.524471,149.219274
61.805345,-0.569962,-0.338785,-0.789164,-0.792804,-19.495202,148.272676
62.557795,-0.095440,-0.343516,-1.645044,-1.181427,-19.503685,147.484221
62.348316,-0.147592,-0.342156,-1.313806,-1.097338,-19.509632,147.437192
65.444974,-0.159918,-0.341811,-1.717841,-0.241550,-19.404443,140.848840
61.820214,-0.516531,-0.357432,-1.967625,-0.552663,-19.490409,144.483724
62.401667,-0.095901,-0.339957,-1.176421,-0.870366,-19.516889,148.284863
50.308474,-2.707153,-0.335012,-0.757621,-0.469839,-19.527051,148.459197
61.954894,-0.222189,-0.334801,-0.471593,-1.492069,-19.527040,149.167492
51.233172,-1.060959,-0.333461,-1.722620,-1.276085,-19.482516,146.665048
63.326281,-0.159403,-0.347267,-0.219936,-0.729530,-19.479862,146.536282
60.350767,-1.314103,-0.349856,-1.936587,-0.259900,-19.442057,143.346573
54.924798,-1.241149,-0.335627,-0.786785,-0.994811,-19.577078,152.818108
63.045890,-0.520558,-0.340485,-0.466871,-0.623675,-19.474814,146.437442
61.388995,-0.765236,-0.339345,-0.862944,-1.004525,-19.462339,145.326970
61.280437,-0.860147,-0.349340,-1.845404,-0.136443,-19.519287,147.917176
59.865250,-0.649480,-0.333828,-0.418777,-0.500987,-19.587962,153.944990
63.910875,-0.666753,-0.343433,-0.306073,-0.598538,-19.438906,144.843582
60.306326,-0.044446,-0.343697,-1.702864,-0.755991,-19.587689,152.666591
53.284283,-2.772240,-0.341826,-1.519845,-0.140104,-19.564372,151.950311
57.779388,-1.526957,-0.347632,-1.944213,-0.127027,-19.579682,152.472336
61.452627,-0.641153,-0.348201,-0.643917,-0.155180,-19.540077,149.378019
62.271016,-0.224142,-0.344847,-1.307082,-0.236105,-19.506925,147.462649
64.021376,-0.399114,-0.335307,-1.326646,-0.177030,-19.457902,144.739562
61.537563,-0.204681,-0.352037,-1.034000,-0.802512,-19.530949,148.597758
62.043373,-0.096880,-0.340881,-0.669451,-1.096831,-19.522704,148.581657
59.072102,-2.581104,-0.340679,-1.175079,-0.119592,-19.478700,146.069478
60.466817,-1.307786,-0.339605,-1.124103,-0.471876,-19.430025,142.628728
63.070449,-0.258783,-0.353812,-0.916556,-1.220632,-19.470833,145.050103
63.745492,-0.465760,-0.341648,-1.540780,-0.279552,-19.444449,143.084358
60.099768,-1.456215,-0.330773,-0.602119,-0.519879,-19.483428,146.804515
59.941861,-1.605830,-0.340541,-0.964739,-0.254378,-19.489973,146.967118
64.964055,-0.442933,-0.336703,-0.144471,-0.771119,-19.426640,143.018927
64.263652,-1.108849,-0.348009,-0.409365,-0.115730,-19.433743,143.083235
63.320791,-0.321627,-0.344941,-0.529164,-0.725642,-19.469588,145.323745
50.412261,-2.362731,-0.328458,-1.515559,-0.259760,-19.555202,152.048307
62.944840,-0.302361,-0.331380,-0.100731,-1.062243,-19.494313,148.313285
61.971654,-0.572002,-0.341001,-0.818959,-0.251941,-19.512122,149.382590
63.202457,-0.178644,-0.338378,-0.661632,-0.385722,-19.480272,147.057118
62.948493,-0.060019,-0.345481,-1.227114,-1.259232,-19.488570,146.192653
63.870019,-0.296473,-0.340215,-1.896262,-0.986457,-19.433787,144.025441
61.465009,-0.900931,-0.340311,-1.893112,-0.182684,-19.497551,147.677219
53.591696,-3.265261,-0.352203,-1.485358,-0.106527,-19.563985,151.077433
57.481540,-1.343446,-0.348568,-0.840650,-0.557490,-19.560334,150.448232
63.476997,-1.027335,-0.349316,-0.556996,-0.146632,-19.462698,144.055289
61.358344,-0.022972,-0.347549,-0.043516,-0.116283,-19.547895,150.107524
61.932888,-0.621468,-0.343630,-1.255534,-0.842384,-19.458652,144.829780
63.805117,-0.547125,-0.334557,-0.744897,-0.565969,-19.449045,144.029482
61.330076,-0.264867,-0.331680,-1.785319,-0.405154,-19.539949,150.987876
59.997450,-1.684231,-0.345565,-1.278488,-0.185949,-19.483897,145.367671
61.991277,-0.236549,-0.346268,-0.815670,-0.455949,-19.520722,148.560664
62.023243,-0.919121,-0.348314,-1.753581,-0.109257,-19.491873,146.826381
61.117093,-0.759377,-0.349403,-1.339163,-0.170649,-19.536131,148.728245
61.066161,-0.306890,-0.345646,-1.439521,-1.342722,-19.530465,149.479401
60.357106,-1.066031,-0.342421,-1.108205,-0.173936,-19.543764,150.777651
63.047059,-0.538464,-0.348530,-0.069545,-1.039905,-19.486271,146.137742
62.724957,-0.514478,-0.341199,-0.494481,-0.881408,-19.489059,146.596641
62.249069,-0.523293,-0.348918,-0.346228,-1.104493,-19.505089,146.699088
50.203102,-2.092732,-0.344866,-1.891008,-0.345253,-19.489707,145.970383
61.543705,-0.376956,-0.339993,-1.887284,-0.148012,-19.535476,150.143542
62.912614,-0.138453,-0.350456,-1.677176,-1.388801,-19.482036,145.326084
61.252422,-0.306067,-0.344685,-0.712785,-1.108353,-19.538722,150.602343
61.909499,-0.605022,-0.354232,-0.073582,-0.423817,-19.525766,148.364735
60.962688,-1.430272,-0.332186,-0.480532,-0.841313,-19.430554,143.147714
62.518788,-0.044931,-0.344041,-0.066424,-0.466676,-19.512687,148.035982
53.807840,-1.281543,-0.343198,-1.507545,-0.807742,-19.494429,146.305581
60.695657,-0.311684,-0.339178,-1.560022,-0.956683,-19.546267,150.429434
62.744849,-0.839316,-0.341204,-1.054121,-0.124547,-19.486756,146.955146
62.626727,-0.045874,-0.347368,-1.688682,-0.134587,-19.501700,147.192957
63.254956,-0.249894,-0.343264,-1.119406,-1.104290,-19.471310,145.258301
61.317933,-0.746863,-0.345758,-1.104023,-0.512685,-19.498905,147.193366
62.882257,-0.077148,-0.343152,-1.178445,-0.535847,-19.493008,147.448726
62.230469,-0.126611,-0.340482,-1.791272,-1.140451,-19.508597,148.711899
64.383088,-0.085589,-0.339126,-1.802980,-1.448228,-19.439101,143.693529
62.984075,-0.710245,-0.334646,-1.611616,-0.619243,-19.410449,141.771174
61.638059,-0.575681,-0.341779,-1.639939,-0.636746,-19.482968,146.339560
63.084856,-0.039656,-0.344058,-1.259843,-0.706949,-19.488374,146.007018
55.377163,-1.555069,-0.337689,-0.920266,-0.604540,-19.537671,149.689991
60.579719,-0.028717,-0.356319,-0.139009,-1.214186,-19.574844,150.996918
51.169112,-1.052600,-0.333769,-1.778409,-1.266643,-19.478873,146.392942
64.035680,-0.719310,-0.336505,-0.074076,-0.260236,-19.456801,145.244064
60.165628,-1.419755,-0.346815,-1.535388,-0.237293,-19.464397,145.338070
58.034402,-1.322361,-0.336089,-0.526666,-0.852964,-19.547393,150.676739
62.803937,-0.782274,-0.344426,-0.297283,-0.340492,-19.486613,146.561670
62.004772,-0.527835,-0.337036,-1.338944,-1.264818,-19.447745,144.212257
61.658272,-0.774904,-0.349380,-1.692493,-0.132198,-19.517200,147.661685
61.899637,-0.353262,-0.343243,-0.476154,-0.771552,-19.519264,149.213880
64.806476,-0.116489,-0.346233,-1.080046,-0.932346,-19.425383,141.825443
61.534243,-0.091275,-0.341668,-1.724782,-0.534619,-19.543403,149.621834
52.126748,-3.316554,-0.343099,-1.424680,-0.126574,-19.553829,150.915977
58.025222,-1.539902,-0.349056,-1.932344,-0.154387,-19.550413,150.568348
63.007651,-0.783056,-0.344654,-0.991061,-0.144705,-19.477237,145.217434
65.031841,-0.008222,-0.341542,-0.342312,-1.223500,-19.423636,141.642377
62.506468,-0.957677,-0.331168,-0.867797,-0.211086,-19.481419,146.182163
62.477241,-0.638025,-0.348509,-0.201821,-0.288916,-19.500900,147.248822
62.386526,-0.033146,-0.343502,-1.698356,-1.321495,-19.510713,148.055564
59.979708,-2.425324,-0.338316,-1.230294,-0.108094,-19.466644,145.409556
59.143868,-1.811070,-0.340026,-1.392938,-0.285911,-19.409268,140.981727
64.375259,-0.321996,-0.350288,-1.002458,-1.090769,-19.419911,141.994972
63.371705,-0.032328,-0.346567,-1.583721,-0.609593,-19.483237,145.458685
62.531520,-1.333027,-0.339851,-0.398243,-0.214206,-19.485270,146.273092
62.117835,-0.034103,-0.337662,-1.695506,-0.508521,-19.518252,149.311924
63.396781,-0.361255,-0.339991,-0.814551,-0.730012,-19.466183,145.170095
63.130347,-0.970241,-0.353242,-0.291619,-0.389319,-19.466574,144.465294
63.020158,-0.080142,-0.348292,-0.382188,-1.439026,-19.475622,146.552074
51.206030,-2.693300,-0.329741,-1.565215,-0.189238,-19.537995,150.681895
61.355225,-0.477090,-0.337163,-0.989303,-0.997721,-19.513396,148.886463
65.323965,-0.089525,-0.339928,-0.587947,-0.654081,-19.407556,142.040285
64.052906,-0.477479,-0.338359,-0.092616,-0.282939,-19.451923,144.910484
63.585502,-0.071471,-0.351415,-1.959870,-0.310684,-19.468338,143.743215
63.064314,-0.157216,-0.341855,-0.847109,-1.015281,-19.483951,147.197776
62.547798,-1.001410,-0.340519,-1.369034,-0.172651,-19.464115,145.053792
55.325664,-3.033509,-0.348542,-1.425737,-0.106184,-19.538261,149.576987
61.908168,-0.635491,-0.340353,-1.027057,-0.770562,-19.474843,145.442628
62.566820,-1.024177,-0.350339,-0.313410,-0.150838,-19.494023,146.075123
62.767034,-0.373759,-0.339184,-0.551906,-0.488538,-19.493812,146.054012
60.852068,-0.715064,-0.347015,-1.356050,-0.673587,-19.488294,147.019416
61.927299,-0.807739,-0.341394,-0.805328,-0.601498,-19.472031,145.602635
62.877096,-0.096780,-0.343726,-1.097631,-1.200183,-19.490524,146.794071
60.894769,-1.190622,-0.341052,-1.182458,-0.227704,-19.503754,147.549299
62.190213,-0.023465,-0.350641,-0.287599,-0.936343,-19.513758,148.412573
62.712440,-0.291558,-0.342185,-1.908058,-0.240176,-19.493602,147.035603
64.344507,-0.184196,-0.335243,-1.878547,-1.035544,-19.436059,143.361748
57.717311,-0.784650,-0.349112,-0.995669,-1.349090,-19.545069,150.077850
60.887073,-0.706433,-0.337699,-1.102670,-0.202133,-19.549588,151.638614
63.038385,-0.470319,-0.349133,-0.074893,-1.181106,-19.487408,146.029678
61.979069,-0.240391,-0.342348,-0.023588,-0.288232,-19.529940,149.217180
62.349351,-0.461573,-0.352473,-0.182018,-1.051659,-19.507040,146.723659
53.951042,-1.821734,-0.342587,-1.668405,-0.370795,-19.472147,145.175857
61.193530,-0.389221,-0.345499,-1.717533,-0.591627,-19.528071,148.818838
62.756656,-0.180048,-0.353329,-1.512174,-1.388364,-19.487689,144.728392
61.091203,-0.718305,-0.349548,-0.656952,-0.649412,-19.523084,148.774034
63.617006,-0.233692,-0.345524,-0.802846,-0.328867,-19.469833,144.944731
59.944917,-1.496407,-0.332350,-0.413515,-0.909286,-19.461674,145.068480
61.900767,-0.426902,-0.340381,-0.506269,-0.359504,-19.528164,149.061026
54.320707,-1.297662,-0.342077,-1.474863,-0.730110,-19.502176,146.886899
61.074522,-0.350406,-0.352689,-1.240721,-1.329589,-19.527176,148.198145
62.273207,-0.684507,-0.346196,-0.521615,-0.407092,-19.494806,147.938778
64.411234,-0.334681,-0.345286,-1.594335,-0.272043,-19.433473,142.419571
63.751677,-0.206234,-0.342542,-0.764933,-1.352745,-19.467180,144.134341
61.432758,-0.906719,-0.345920,-0.600108,-1.069623,-19.453827,143.977825
63.674988,-0.194242,-0.340577,-1.886153,-0.647008,-19.457201,144.717133
61.811478,-0.741440,-0.347297,-0.099553,-0.125878,-19.527342,149.750247
64.393555,-0.059491,-0.339740,-1.897517,-1.259089,-19.440765,144.016802
63.890486,-0.283651,-0.337170,-1.779731,-0.260290,-19.449266,144.528101
62.752564,-0.611256,-0.342024,-1.994309,-0.700279,-19.412337,141.401090
61.237983,-0.017833,-0.341573,-1.261909,-0.376493,-19.553640,150.524320
60.386685,-1.043458,-0.341889,-0.707390,-0.519195,-19.516666,148.360460
61.930669,-0.420707,-0.349946,-0.050414,-0.844838,-19.524360,148.691768
51.031295,-1.055089,-0.333576,-1.809355,-1.265447,-19.478374,146.362394
63.743701,-0.749238,-0.335137,-0.454874,-0.152751,-19.460542,145.275582
60.552971,-1.481507,-0.348574,-1.347990,-0.187806,-19.481644,146.707001
59.242984,-1.099372,-0.338684,-0.608263,-0.798082,-19.528593,149.283050
62.375336,-1.274836,-0.351801,-0.070199,-0.207672,-19.506718,148.561807
62.594909,-0.489437,-0.335135,-1.232714,-1.136549,-19.448808,144.188878
62.401444,-0.421102,-0.341886,-1.052416,-0.112593,-19.510206,148.653579
61.749628,-0.033397,-0.346206,-1.647557,-0.520610,-19.537852,149.231583
63.024348,-0.549648,-0.340432,-0.857599,-0.114317,-19.491795,146.366716
61.524335,-0.114214,-0.342755,-1.733421,-0.540850,-19.540951,149.420655
51.185572,-3.618268,-0.342380,-1.364217,-0.125728,-19.551788,150.768281
58.982590,-1.462322,-0.350403,-1.818090,-0.114841,-19.556039,150.852595
64.223495,-0.314956,-0.345975,-1.566079,-0.767364,-19.437529,141.403685
62.256228,-0.153986,-0.333942,-1.274979,-0.785862,-19.514206,148.307018
61.541835,-0.944365,-0.338439,-0.851323,-0.447465,-19.487547,146.835086
62.782218,-0.143077,-0.336225,-1.152342,-0.220110,-19.499146,147.712744
62.162395,-0.052799,-0.343196,-1.688258,-1.252316,-19.515912,148.503697
61.487138,-2.075423,-0.334314,-1.142098,-0.115723,-19.446548,144.335429
59.607657,-1.664448,-0.340724,-1.392148,-0.311533,-19.407793,140.808370
60.934010,-0.320563,-0.342486,-1.500884,-1.427253,-19.530439,148.628470
60.998552,-0.002696,-0.337469,-1.540298,-0.451067,-19.562395,151.379731
61.530326,-1.550166,-0.337020,-0.449621,-0.260381,-19.501217,146.991301
62.037263,-0.588587,-0.339047,-1.761164,-0.272839,-19.494584,147.954253
63.914874,-0.432577,-0.340319,-0.316803,-1.309812,-19.453238,144.395382
60.805012,-1.501162,-0.339571,-0.854087,-0.311730,-19.472841,145.548779
62.397519,-0.509142,-0.348218,-1.392947,-0.491762,-19.478499,145.955957
51.483001,-2.814084,-0.332301,-1.569533,-0.169206,-19.540071,150.671945
62.541307,-0.052212,-0.336231,-1.877368,-1.080066,-19.504867,148.016444
62.990344,-0.629623,-0.350071,-1.146756,-0.238615,-19.477148,145.246389
63.404653,-0.403952,-0.319365,-0.748206,-0.134823,-19.481909,148.246325
63.248729,-0.383712,-0.347556,-1.445994,-0.751348,-19.453789,144.536182
62.591937,-0.042135,-0.341901,-1.931076,-0.978664,-19.508077,148.394075
61.193879,-1.581381,-0.340390,-1.373938,-0.139374,-19.479812,145.876805
56.585532,-2.036896,-0.349537,-1.257656,-0.182712,-19.565844,150.934112
61.309473,-0.710056,-0.338415,-1.321430,-0.950124,-19.450198,143.758812
63.046675,-1.071270,-0.352401,-0.166154,-0.103529,-19.486763,145.325178
62.242612,-0.820432,-0.343006,-0.095193,-0.140839,-19.521776,147.920812
60.713794,-0.776501,-0.348776,-1.645233,-0.510262,-19.480763,146.469732
64.167427,-0.972493,-0.341162,-0.329114,-0.873411,-19.411238,141.305577
61.102142,-0.143844,-0.346341,-0.963927,-1.413326,-19.554990,150.852699
58.843790,-0.722466,-0.340141,-0.952166,-0.774094,-19.577596,152.319744
61.620174,-0.000060,-0.344537,-0.537347,-1.420708,-19.537839,150.291638
62.880038,-0.605550,-0.348508,-1.372974,-0.499435,-19.451176,144.087727
62.236155,-0.478676,-0.334336,-0.417450,-0.515337,-19.511425,148.033704
60.649752,-0.726229,-0.347432,-1.094101,-0.704693,-19.507411,147.383908
62.884631,-0.260733,-0.338799,-1.426373,-0.742064,-19.483859,146.197732
64.035529,-0.574617,-0.348167,-0.160544,-1.494827,-19.443851,143.008762
63.361014,-0.109567,-0.338082,-0.043617,-0.448717,-19.480511,146.878347
62.200195,-0.604794,-0.350721,-0.047628,-0.864451,-19.516575,147.539943
50.786583,-2.533535,-0.340505,-1.400780,-0.323415,-19.447268,143.924526
60.513076,-0.038831,-0.345940,-0.503375,-0.338672,-19.583057,151.847998
63.173981,-0.200254,-0.340447,-1.208317,-0.965791,-19.482794,145.636093
61.624872,-0.141185,-0.340560,-1.037037,-0.681886,-19.536219,150.046887
64.876899,-0.080935,-0.345699,-0.330211,-1.424873,-19.419162,142.591126
58.928259,-1.228919,-0.332283,-0.633471,-1.140527,-19.458096,144.437677
64.332710,-0.234843,-0.339765,-0.361554,-0.600531,-19.447190,144.442141
54.904282,-1.285710,-0.338166,-1.846966,-0.645164,-19.445403,143.182935
60.652144,-0.648945,-0.341717,-1.045101,-1.122550,-19.494769,146.469817
61.447527,-0.952433,-0.352289,-1.738758,-0.191838,-19.495533,146.312349
63.103847,-1.124173,-0.349757,-0.727275,-0.221915,-19.458310,143.709476
62.916691,-0.227585,-0.339360,-1.107954,-1.014645,-19.487796,146.175060
61.932525,-0.744328,-0.343321,-0.852440,-0.591363,-19.483715,146.338117
62.679135,-0.292685,-0.342486,-1.724629,-0.700662,-19.480223,146.555074
58.526130,-0.878298,-0.330785,-1.057148,-0.334640,-19.604288,155.498988
64.948143,-0.017135,-0.343145,-1.874982,-1.040186,-19.421278,142.388939
62.598516,-0.167322,-0.340123,-1.979844,-1.375038,-19.493056,147.037155
63.645559,-0.704524,-0.337344,-0.950534,-0.616124,-19.427788,142.634176
59.451814,-0.820291,-0.346079,-0.677713,-0.590896,-19.573642,152.104253
59.054597,-1.332153,-0.349985,-1.471626,-0.132826,-19.571685,151.925061
60.578948,-0.530742,-0.348772,-0.090396,-0.324606,-19.567552,152.391040
51.329000,-1.068334,-0.333512,-1.760458,-1.253189,-19.477506,146.285681
62.390364,-0.933318,-0.332379,-0.319748,-0.211693,-19.497271,148.262727
60.369470,-1.680076,-0.342070,-1.458005,-0.194555,-19.450250,145.104857
57.533764,-1.272362,-0.338201,-0.710098,-0.659269,-19.563553,151.703547
61.428760,-1.201349,-0.344051,-0.569317,-0.222923,-19.516439,148.235334
60.416583,-0.881292,-0.339316,-1.054818,-0.798020,-19.472751,146.042672
61.633109,-0.122397,-0.347291,-1.181420,-0.522335,-19.528412,150.127610
