66.166283,-9.136647,-0.203616,-1.224504,-0.697060,-19.447397,148.760117
66.275549,-7.896996,-0.191496,-1.293385,-0.844579,-19.439866,148.744827
68.864766,-9.011793,-0.147258,-0.886225,-0.807060,-19.351289,142.509410
66.654833,-10.020952,-0.192651,-0.858855,-0.780686,-19.429939,147.377209
66.526913,-7.924355,-0.129742,-1.015946,-0.833033,-19.430640,147.086713
66.027835,-8.715380,-0.137746,-0.827330,-0.857015,-19.439485,148.691113
65.159624,-7.957793,-0.172209,-1.421412,-0.677465,-19.479074,150.514416
69.144042,-8.577984,-0.195459,-1.362124,-0.717512,-19.359638,142.180215
68.345357,-8.416534,-0.127652,-1.199894,-0.641135,-19.367271,143.506379
69.098887,-10.820403,-0.177811,-0.900863,-0.638342,-19.355353,143.410899
69.538938,-11.047725,-0.203697,-0.952319,-0.643111,-19.343280,142.040395
66.308083,-9.018874,-0.136953,-1.038042,-0.653734,-19.442804,148.645914
68.802951,-7.863355,-0.160706,-1.037785,-0.963967,-19.355745,142.942377
66.627139,-7.438351,-0.151294,-1.226915,-0.837277,-19.425982,145.614240
66.300152,-10.002695,-0.156375,-1.046822,-0.549152,-19.437299,146.580638
65.955668,-8.491925,-0.168493,-0.917514,-0.918958,-19.452495,148.599455
68.361341,-10.380407,-0.210872,-0.979232,-0.726416,-19.374558,144.302693
66.993716,-7.279795,-0.140036,-1.066287,-0.978000,-19.414179,145.493623
67.700635,-10.850502,-0.188801,-0.923137,-0.624530,-19.389866,144.773375
69.044220,-9.999804,-0.244433,-1.124465,-0.809164,-19.366817,143.615785
67.435939,-8.190939,-0.165422,-0.953665,-0.946926,-19.403365,143.960012
67.953335,-7.038107,-0.149469,-1.111573,-1.059756,-19.386980,143.786544
66.947607,-7.949385,-0.103952,-1.215246,-0.621518,-19.400470,144.913268
66.554967,-8.677588,-0.236589,-1.181421,-0.940872,-19.439247,148.092708
69.287292,-8.215197,-0.185622,-1.003145,-1.019041,-19.342027,142.263488
67.234031,-10.125008,-0.164471,-0.844153,-0.715242,-19.412249,147.337938
66.537007,-7.369489,-0.145551,-1.509669,-0.688142,-19.441826,146.965888
69.757641,-9.679651,-0.200838,-0.878674,-0.913916,-19.338458,142.353721
68.619956,-9.890826,-0.182994,-0.795790,-0.862505,-19.368811,142.760126
69.838203,-9.122829,-0.196190,-0.945063,-0.928713,-19.325556,140.654022
66.811209,-7.414259,-0.166588,-1.136101,-0.984880,-19.427354,147.509221
68.673985,-7.052984,-0.122456,-1.086693,-0.981537,-19.356336,143.199245
66.239134,-7.659085,-0.196680,-1.270415,-0.931121,-19.437978,149.173229
67.644637,-9.595730,-0.201477,-0.904348,-0.871538,-19.398990,146.059367
68.172997,-9.524163,-0.166891,-0.949237,-0.721070,-19.384318,142.558580
68.003011,-9.349263,-0.159967,-0.961438,-0.732587,-19.387850,145.387306
68.702648,-8.958493,-0.183519,-1.336772,-0.630903,-19.361146,143.223944
67.918799,-8.973079,-0.170973,-1.251645,-0.641734,-19.391837,145.410936
66.501243,-10.341880,-0.202678,-1.086392,-0.610519,-19.444237,147.844824
66.042777,-8.871960,-0.185421,-1.298458,-0.646447,-19.455768,149.273305
67.585755,-8.153297,-0.157837,-1.232645,-0.726766,-19.402835,145.380048
67.494274,-8.564118,-0.169240,-1.050349,-0.809494,-19.397821,144.840947
66.270305,-9.872872,-0.231657,-1.211185,-0.683320,-19.440655,148.199489
67.228022,-9.901511,-0.187641,-0.891197,-0.783676,-19.415480,148.051084
68.750727,-10.102698,-0.200520,-1.058849,-0.676540,-19.366639,143.631505
68.993132,-7.806442,-0.163753,-1.348157,-0.767618,-19.359687,141.892263
68.366106,-8.419746,-0.163998,-1.277724,-0.670110,-19.367672,142.480498
67.715207,-8.306925,-0.164443,-1.296769,-0.681128,-19.391747,143.758855
67.793027,-7.546758,-0.183145,-1.131563,-1.021775,-19.389271,144.324800
69.009267,-7.765064,-0.193583,-1.142035,-1.027194,-19.353387,141.911069
67.162719,-6.772892,-0.114960,-0.934092,-1.138353,-19.400247,142.947531
69.054276,-9.554861,-0.220118,-0.924170,-0.942922,-19.352424,142.744440
66.839528,-9.320112,-0.201535,-0.859666,-0.950979,-19.426073,147.279522
67.748750,-10.293822,-0.138525,-0.894880,-0.598937,-19.391935,145.990563
66.980671,-10.119049,-0.134371,-0.937411,-0.563993,-19.423082,145.888781
65.816309,-7.699327,-0.192556,-1.309096,-0.875776,-19.461475,149.974938
70.577061,-9.073569,-0.153017,-1.213940,-0.615788,-19.301980,139.303601
67.083424,-7.990354,-0.179207,-1.276315,-0.801263,-19.419344,146.571159
65.723884,-7.362817,-0.156736,-1.455694,-0.738408,-19.452345,149.527002
69.987790,-8.939303,-0.135114,-1.102738,-0.643900,-19.316062,139.461781
67.175129,-10.079207,-0.176935,-0.954062,-0.671879,-19.412525,147.354247
66.239204,-7.868506,-0.184509,-1.339971,-0.781215,-19.439844,147.882981
67.683315,-8.564496,-0.174856,-0.886760,-0.986863,-19.390029,145.047311
67.399159,-8.669336,-0.212971,-1.069894,-0.933573,-19.403742,145.520062
68.760352,-7.269986,-0.097810,-0.988738,-0.953690,-19.355162,143.080409
65.214997,-7.650933,-0.100626,-0.927086,-0.878788,-19.471377,150.369566
67.796970,-9.113177,-0.166657,-1.176401,-0.626994,-19.385571,143.138005
66.533554,-10.018451,-0.195840,-0.827101,-0.835623,-19.431208,148.190456
67.416373,-8.056486,-0.169886,-1.156484,-0.828178,-19.398305,145.424587
68.265569,-9.044193,-0.102241,-0.872748,-0.697132,-19.367269,143.407459
65.501189,-9.441434,-0.178808,-1.019481,-0.689754,-19.458537,149.832838
67.638519,-7.981345,-0.185563,-1.372275,-0.756061,-19.390589,145.020738
68.522781,-9.083825,-0.164817,-0.927829,-0.814350,-19.366357,143.720114
66.705484,-10.542494,-0.237511,-0.975868,-0.768295,-19.430775,147.978995
67.645193,-7.949955,-0.101831,-0.920091,-0.838495,-19.386624,144.615130
66.322225,-8.991573,-0.148959,-0.822949,-0.859743,-19.432141,148.601703
69.229715,-9.162068,-0.164473,-1.157347,-0.653172,-19.346240,142.033691
69.101822,-9.528405,-0.208577,-1.297580,-0.640898,-19.355293,142.263492
67.297217,-8.694827,-0.140783,-1.198647,-0.619980,-19.400834,146.544466
68.920989,-9.570067,-0.178556,-0.824460,-0.888005,-19.359428,143.030737
68.805610,-10.544922,-0.184239,-1.034605,-0.588232,-19.359045,142.398340
67.963537,-8.575891,-0.104880,-1.052449,-0.644260,-19.388087,144.171895
67.800544,-7.718065,-0.162228,-1.172700,-0.874241,-19.390971,144.884589
67.235317,-7.133579,-0.143628,-1.247982,-0.878618,-19.404425,144.490597
67.252620,-8.922033,-0.177435,-1.265372,-0.638344,-19.409008,145.684333
66.426413,-8.772585,-0.128064,-0.934197,-0.729119,-19.432971,147.156651
69.810568,-10.637683,-0.210338,-0.997748,-0.685525,-19.331299,141.426248
66.456180,-7.575962,-0.167217,-1.224321,-0.853586,-19.429316,145.674757
67.729653,-10.505111,-0.172582,-0.948616,-0.611004,-19.391724,145.004770
71.366670,-10.293775,-0.212581,-0.832790,-0.925932,-19.292929,139.695598
67.610217,-8.636939,-0.178845,-0.912567,-0.959830,-19.398556,144.939089
68.594005,-6.562900,-0.140472,-1.297793,-1.018853,-19.364188,142.621315
67.444579,-8.019117,-0.134108,-1.296398,-0.657669,-19.396421,144.833150
68.205224,-8.298932,-0.208303,-1.095911,-0.991474,-19.380496,143.979863
67.751367,-8.904530,-0.180519,-0.945083,-0.889326,-19.392782,146.011860
68.178015,-10.254817,-0.181804,-0.895477,-0.720036,-19.383171,145.158533
66.620121,-7.694278,-0.155985,-1.445650,-0.691124,-19.432365,146.897628
69.505874,-9.507453,-0.217704,-0.963892,-0.914568,-19.345794,141.960742
68.489760,-9.070812,-0.171753,-0.877315,-0.888284,-19.370011,143.062532
69.207539,-9.025947,-0.173741,-0.998762,-0.807074,-19.349473,141.675331
67.321039,-7.629963,-0.167235,-1.169812,-0.914404,-19.409887,145.780167
68.609489,-7.152907,-0.132874,-1.414344,-0.765494,-19.364802,142.718243
66.396474,-7.453332,-0.183814,-1.308401,-0.903865,-19.433839,148.338842
68.598472,-9.636517,-0.204367,-1.229485,-0.648012,-19.363635,144.400033
66.931099,-9.662240,-0.167358,-0.865006,-0.767387,-19.422957,146.867421
66.437981,-9.627067,-0.208739,-1.003382,-0.785616,-19.444274,148.767316
69.084154,-8.808079,-0.177067,-1.279134,-0.667979,-19.347733,141.937403
67.913663,-8.770986,-0.189563,-1.286260,-0.693165,-19.392405,144.641024
68.032217,-10.781147,-0.237862,-1.095389,-0.675624,-19.390787,144.617190
64.804264,-8.063295,-0.204213,-1.356497,-0.792171,-19.491474,151.425958
67.029923,-8.603408,-0.177534,-1.329146,-0.653706,-19.424799,145.830521
68.543199,-8.835740,-0.170475,-1.203087,-0.680143,-19.363293,142.598699
67.278600,-9.657882,-0.222496,-1.262181,-0.666047,-19.408248,146.109083
67.780008,-8.493489,-0.168662,-1.088659,-0.806426,-19.400641,145.703650
68.781265,-10.037888,-0.177630,-0.891194,-0.753612,-19.367201,144.167792
69.996221,-7.755252,-0.148977,-1.347260,-0.748469,-19.328275,140.029492
66.780579,-8.662886,-0.202771,-1.376418,-0.685469,-19.428227,146.602294
68.460252,-8.293753,-0.204303,-1.185438,-0.899570,-19.373175,142.604837
67.332645,-8.493859,-0.188115,-1.065058,-0.874830,-19.402733,145.503478
69.036626,-8.108324,-0.187938,-0.997056,-1.050831,-19.350851,142.105075
67.392276,-6.775222,-0.119028,-0.980273,-1.114876,-19.392799,143.027549
67.862518,-10.478257,-0.209979,-0.843590,-0.812387,-19.391658,145.714603
66.018607,-9.309658,-0.199496,-0.877345,-0.914768,-19.452616,148.861015
69.362197,-10.216504,-0.130117,-0.893933,-0.589508,-19.334421,140.984276
66.954345,-9.300365,-0.121988,-0.981657,-0.612336,-19.415820,146.077851
66.883551,-7.751361,-0.189082,-1.124101,-0.999369,-19.425165,147.352991
69.023682,-9.022200,-0.136680,-1.033909,-0.668016,-19.347589,141.946672
66.824092,-7.769986,-0.167054,-1.262844,-0.795272,-19.416240,145.799230
67.469549,-7.304342,-0.141787,-1.423399,-0.742278,-19.398661,145.249743
68.368768,-9.439785,-0.163921,-1.046328,-0.662735,-19.374852,141.903630
67.431506,-9.447560,-0.189396,-0.901546,-0.848997,-19.405132,146.669094
67.132633,-8.745878,-0.187054,-1.094794,-0.795167,-19.404502,145.430754
67.141254,-8.902351,-0.186118,-0.937978,-0.894007,-19.407183,145.976407
69.152156,-8.841372,-0.208305,-1.032750,-0.938570,-19.355120,142.739029
67.939914,-7.265796,-0.111915,-0.995258,-0.963230,-19.381831,143.805864
66.998480,-8.079570,-0.162792,-0.950357,-0.980924,-19.413262,146.392569
67.682726,-9.440994,-0.184256,-1.167773,-0.635290,-19.388768,144.772558
65.866153,-10.672007,-0.179850,-0.778657,-0.732996,-19.453030,150.164605
67.128305,-8.549065,-0.149755,-1.213234,-0.647955,-19.410447,145.676410
67.471877,-9.280178,-0.108945,-0.832302,-0.702680,-19.390499,145.855912
66.958635,-9.254490,-0.186266,-1.236957,-0.624892,-19.412683,146.052887
67.707854,-8.074626,-0.160564,-1.314928,-0.702122,-19.387739,144.836202
68.941342,-9.524350,-0.187474,-0.838367,-0.914501,-19.357112,143.466378
66.835806,-10.606548,-0.231931,-1.011767,-0.718726,-19.428381,147.778784
68.377145,-8.082373,-0.101538,-0.919607,-0.823014,-19.366100,143.254937
67.345468,-8.983198,-0.157438,-0.840040,-0.880037,-19.400828,145.168056
69.576931,-9.479458,-0.193620,-1.081513,-0.741737,-19.340366,142.005083
69.082247,-9.930484,-0.188598,-0.922631,-0.772994,-19.358897,142.937425
67.628626,-8.487041,-0.119635,-1.184308,-0.610801,-19.392038,144.978851
70.994116,-9.262539,-0.182015,-0.823900,-0.985128,-19.299019,138.969494
67.642969,-10.021875,-0.171515,-1.098195,-0.570089,-19.395570,144.648846
68.668366,-8.900151,-0.124061,-1.067393,-0.639973,-19.367325,143.106203
68.480479,-7.730729,-0.175744,-1.214999,-0.913966,-19.376915,144.122672
69.447622,-7.889630,-0.150617,-1.327629,-0.721102,-19.334678,140.240712
65.520716,-8.564301,-0.147201,-1.225234,-0.609283,-19.455045,148.451840
67.173921,-8.764696,-0.146214,-0.945389,-0.782219,-19.410221,145.981676
68.774255,-10.619650,-0.229188,-1.050878,-0.701205,-19.365045,143.339070
65.133545,-8.661946,-0.179120,-1.199220,-0.690099,-19.474020,148.757123
65.914152,-10.556197,-0.189965,-1.007894,-0.594480,-19.450466,148.774772
69.401744,-9.508042,-0.180972,-0.836549,-0.902865,-19.345228,142.192600
70.159927,-8.831650,-0.173252,-1.001637,-0.846088,-19.320328,139.393014
68.835129,-6.451247,-0.136405,-1.316934,-1.026045,-19.355172,142.072151
66.552011,-7.482114,-0.126272,-1.294318,-0.710139,-19.425075,146.176193
65.782878,-8.323124,-0.218787,-1.101520,-0.981677,-19.462835,149.606110
67.965684,-8.719573,-0.173128,-1.065186,-0.795834,-19.391808,145.191706
69.695318,-10.343108,-0.202545,-0.930668,-0.758091,-19.334495,142.094295
66.728042,-7.771368,-0.156739,-1.494368,-0.656459,-19.427834,146.957483
69.057949,-9.102447,-0.184251,-1.055237,-0.775645,-19.353028,142.099058
68.434650,-9.395464,-0.184735,-0.788997,-0.958849,-19.373857,142.557111
69.002351,-8.205749,-0.171594,-0.967119,-0.988498,-19.350034,141.405553
67.438857,-8.254746,-0.162836,-1.179059,-0.760878,-19.405863,145.072618
67.433524,-7.497811,-0.144560,-1.343757,-0.744327,-19.403106,144.614688
68.826392,-7.752408,-0.172712,-1.273434,-0.844337,-19.358132,142.507778
69.450801,-9.070767,-0.179639,-1.285199,-0.636640,-19.335611,141.506069
65.835543,-10.272776,-0.187206,-0.914380,-0.683778,-19.463106,149.506385
69.230789,-9.542445,-0.198963,-1.256939,-0.631646,-19.343198,141.537464
67.098738,-8.519716,-0.173880,-1.337057,-0.645770,-19.414191,145.887345
68.126284,-8.056708,-0.180016,-1.478860,-0.680650,-19.384135,143.412432
69.316865,-10.655128,-0.221546,-1.010680,-0.714267,-19.351125,142.857657
65.192815,-7.209297,-0.170138,-1.321702,-0.893939,-19.477925,151.109033
67.426766,-8.602022,-0.161086,-1.312198,-0.621306,-19.399855,145.763156
67.094506,-9.148596,-0.197909,-1.344428,-0.618908,-19.412257,145.568329
68.067250,-9.458491,-0.209289,-1.248601,-0.675301,-19.385857,144.719800
67.691755,-8.433925,-0.142392,-1.089936,-0.731981,-19.397842,145.149652
69.363958,-10.640972,-0.192558,-0.936986,-0.673500,-19.351815,143.053552
67.698485,-7.632104,-0.173123,-1.226511,-0.896448,-19.399162,144.944460
68.505121,-9.660078,-0.232797,-1.318141,-0.680477,-19.375653,143.243205
67.355694,-8.395600,-0.211757,-1.103433,-0.953181,-19.408418,144.760157
67.422429,-8.548444,-0.200308,-1.034430,-0.935313,-19.401530,145.549401
69.567598,-6.962265,-0.159616,-1.116805,-1.129654,-19.325457,140.054896
69.172188,-7.528167,-0.151993,-0.960969,-1.087605,-19.348480,141.300880
67.693950,-10.679303,-0.223271,-0.846011,-0.825845,-19.399551,145.626444
64.718528,-9.600329,-0.226633,-0.951573,-0.885414,-19.504538,152.906286
67.956235,-9.377352,-0.160210,-1.063846,-0.657649,-19.387234,144.212438
65.933492,-8.420485,-0.142894,-1.284043,-0.605720,-19.448528,148.109670
65.418854,-7.256590,-0.185803,-1.218312,-1.031357,-19.467038,151.496392
68.146513,-8.757894,-0.134419,-1.036255,-0.692364,-19.375515,143.524233
67.809361,-8.058497,-0.183764,-1.289157,-0.782501,-19.385447,143.162101
66.336365,-7.308332,-0.153464,-1.539583,-0.700791,-19.432549,148.295304
68.625706,-9.259205,-0.172682,-1.048442,-0.714013,-19.364098,142.085590
66.220716,-9.281185,-0.167881,-0.904312,-0.784073,-19.443205,148.078439
68.308478,-9.385867,-0.197178,-1.023052,-0.790614,-19.373508,143.415843
66.141431,-9.018734,-0.159775,-0.862019,-0.831861,-19.436532,146.819735
69.052211,-8.972805,-0.192009,-1.144456,-0.766965,-19.352946,142.514128
67.123447,-8.172008,-0.175000,-1.119403,-0.874744,-19.423464,147.898680
66.972536,-8.908718,-0.169156,-0.866481,-0.906456,-19.416922,146.937502
67.912513,-9.791440,-0.184090,-1.025535,-0.679546,-19.385617,144.774115
67.246649,-10.262395,-0.170789,-0.826559,-0.732212,-19.412263,147.355787
65.388879,-9.235253,-0.161355,-1.120388,-0.613550,-19.470276,149.806547
68.204716,-9.263537,-0.121990,-0.921260,-0.668602,-19.371881,143.695663
66.333851,-8.905212,-0.211885,-1.349766,-0.680395,-19.436347,147.647933
67.254201,-8.012558,-0.179292,-1.392175,-0.736049,-19.407794,146.740409
67.659566,-9.292221,-0.181229,-0.996555,-0.774524,-19.397775,146.649261
67.378412,-10.777570,-0.232621,-1.071353,-0.664850,-19.410716,146.460133
68.249433,-7.994178,-0.096334,-0.920720,-0.829708,-19.370970,144.008889
64.736969,-7.883174,-0.117705,-0.961850,-0.815013,-19.482679,150.287485
68.577650,-9.826502,-0.221028,-1.177982,-0.709412,-19.371661,145.077827
68.198218,-10.520766,-0.205928,-0.863871,-0.767895,-19.380529,143.375737
66.754131,-7.872349,-0.072894,-1.172149,-0.595281,-19.413293,146.200497
68.494292,-8.232710,-0.200612,-1.099046,-0.976042,-19.373872,143.642894
67.741300,-10.444546,-0.172483,-1.020600,-0.567980,-19.396088,145.075460
67.010736,-8.659654,-0.141890,-1.119063,-0.666338,-19.415627,146.064767
70.402219,-7.847686,-0.190853,-1.268805,-0.913686,-19.321012,139.780158
68.610258,-7.880370,-0.158478,-1.339505,-0.723134,-19.362107,141.604051
67.170846,-9.360659,-0.192393,-1.193268,-0.658445,-19.404624,146.228606
65.858160,-8.318088,-0.159488,-1.121296,-0.756833,-19.455771,148.964424
68.776614,-10.375908,-0.221604,-1.003461,-0.745033,-19.364686,143.210032
65.432057,-9.280282,-0.202781,-1.083166,-0.739621,-19.462093,148.845838
65.164570,-10.815006,-0.189504,-0.929351,-0.598429,-19.474282,149.802203
68.832198,-10.205792,-0.200640,-0.803404,-0.881604,-19.370829,144.360022
68.944488,-8.868570,-0.204415,-1.113922,-0.845219,-19.358564,141.667858
68.628429,-6.475143,-0.136494,-1.314738,-1.019695,-19.361857,142.463020
66.955712,-7.708421,-0.146830,-1.250586,-0.768596,-19.422831,146.400398
67.223405,-8.394633,-0.211186,-1.111605,-0.959359,-19.416121,147.048390
65.770079,-8.908732,-0.176957,-1.179305,-0.664573,-19.451650,148.880132
71.275942,-10.353264,-0.198440,-0.885960,-0.789456,-19.278592,138.756984
64.978487,-7.735785,-0.147823,-1.600137,-0.584298,-19.489076,151.100800
67.925814,-8.899095,-0.157191,-1.067751,-0.708400,-19.383324,144.041674
69.788570,-9.322047,-0.219634,-0.899576,-1.043362,-19.343025,141.249610
68.994265,-8.727935,-0.177569,-0.905253,-0.956987,-19.347798,141.969303
65.590673,-8.890113,-0.138108,-1.030549,-0.664047,-19.461431,149.275472
66.589370,-6.977538,-0.125176,-1.352370,-0.780845,-19.427965,145.513418
71.100704,-8.035320,-0.150516,-1.127372,-0.840519,-19.284460,137.965806
68.301276,-10.235506,-0.184058,-1.102741,-0.588878,-19.378774,144.568113
66.818761,-9.836694,-0.167231,-0.883114,-0.710484,-19.422000,146.257150
68.490235,-9.067555,-0.163520,-1.197741,-0.631935,-19.371177,143.120486
66.018106,-9.061240,-0.175609,-1.208315,-0.632458,-19.449801,147.934913
67.889354,-7.952590,-0.184320,-1.502166,-0.698409,-19.388605,143.786462
68.146992,-10.485931,-0.209011,-1.130791,-0.607983,-19.388948,145.185591
66.093300,-7.565654,-0.190662,-1.254958,-0.935665,-19.451440,148.459684
69.047744,-8.496378,-0.165014,-1.200397,-0.730011,-19.347929,142.507913
66.009497,-9.453256,-0.210170,-1.366489,-0.586886,-19.456446,148.020779
68.211619,-9.609414,-0.201503,-1.148620,-0.692485,-19.381613,145.328869
65.033179,-8.157023,-0.191492,-1.251055,-0.794072,-19.487218,150.821099
67.521148,-9.371266,-0.167286,-0.899665,-0.779483,-19.409217,144.785798
67.814471,-8.310863,-0.191417,-1.047500,-0.935687,-19.395734,143.001456
69.117478,-9.756345,-0.242125,-1.334716,-0.705147,-19.363461,142.235930
67.764016,-9.228999,-0.205594,-0.977141,-0.883987,-19.393486,144.687555
67.915033,-8.222866,-0.212829,-1.266178,-0.878803,-19.387980,144.539724
68.535921,-6.942124,-0.176548,-1.190536,-1.132532,-19.355635,142.630659
68.423822,-7.768777,-0.163918,-0.967732,-1.066042,-19.372137,143.237335
67.621506,-10.763853,-0.226263,-0.819820,-0.841969,-19.399857,145.645014
67.968988,-9.018007,-0.220775,-0.901968,-1.087656,-19.400144,145.939281
67.558719,-9.851682,-0.151189,-1.047681,-0.566547,-19.399420,144.575433
65.811625,-8.209003,-0.139056,-1.317645,-0.611498,-19.452312,148.610933
66.721250,-7.453231,-0.180727,-1.089978,-1.077544,-19.427244,147.827862
67.294117,-8.213035,-0.140445,-1.209344,-0.677542,-19.397528,144.330825
67.226661,-9.631890,-0.191268,-1.097497,-0.668875,-19.413669,145.824732
65.032238,-7.244134,-0.157497,-1.567731,-0.698182,-19.476022,150.752419
68.882118,-9.486954,-0.191491,-1.007532,-0.764574,-19.355104,141.184016
64.870463,-9.234448,-0.153792,-0.905558,-0.731478,-19.487669,150.007792
69.647499,-10.229164,-0.190726,-0.875585,-0.779096,-19.341161,141.443394
67.232351,-8.551736,-0.188532,-1.025657,-0.899640,-19.406178,145.525596
68.155740,-8.647570,-0.187616,-1.111888,-0.825712,-19.382217,144.548958
66.921224,-9.542989,-0.198124,-1.138618,-0.682521,-19.429076,148.039351
67.374930,-9.043156,-0.149753,-0.829157,-0.845788,-19.400582,145.035018
67.014976,-9.815044,-0.218218,-1.133700,-0.704188,-19.416279,147.490601
67.182898,-9.219737,-0.153605,-0.864461,-0.801853,-19.412683,146.437425
67.398261,-9.715051,-0.196494,-1.091257,-0.677361,-19.408300,145.932805
68.220715,-8.645634,-0.102168,-0.946824,-0.697572,-19.369409,143.217505
69.222127,-9.292577,-0.207212,-1.337510,-0.650492,-19.346010,142.284179
66.310342,-7.646954,-0.171304,-1.238807,-0.858097,-19.435548,148.183644
66.157819,-9.275830,-0.182801,-0.903083,-0.843194,-19.445391,149.209830
67.446246,-10.923504,-0.235582,-1.052914,-0.666433,-19.408285,146.332455
68.102156,-8.052545,-0.081026,-0.943244,-0.764108,-19.375171,144.397974
63.845587,-8.075537,-0.153378,-1.056838,-0.791161,-19.510725,152.387083
67.297352,-10.013909,-0.231758,-1.188064,-0.691906,-19.409058,146.651523
67.845232,-10.850702,-0.210448,-0.867834,-0.726550,-19.391130,144.231469
66.442514,-7.643393,-0.074765,-1.146598,-0.648915,-19.427218,146.787820
68.674514,-7.949933,-0.189681,-1.185546,-0.910154,-19.364504,141.861263
67.696338,-10.220457,-0.204375,-1.134743,-0.617123,-19.399228,145.683035
66.374049,-8.177035,-0.122134,-1.001159,-0.762871,-19.431469,146.858795
69.478177,-7.789634,-0.197537,-1.319241,-0.903641,-19.344455,141.621203
68.789322,-7.686934,-0.180930,-1.534218,-0.732672,-19.357036,142.256275
67.281559,-9.417122,-0.162113,-1.170012,-0.577490,-19.401568,144.810922
66.959809,-8.331727,-0.185683,-1.020929,-0.934619,-19.423058,146.286422
68.327634,-10.048819,-0.211253,-1.035442,-0.731631,-19.379175,145.410722
68.638727,-9.642801,-0.219742,-0.964522,-0.886606,-19.370920,143.898509
65.980014,-10.571861,-0.191647,-0.904473,-0.664908,-19.451056,148.918057
67.328453,-8.683711,-0.141425,-0.845594,-0.887001,-19.410812,146.379586
68.792296,-8.904007,-0.197460,-1.026015,-0.887070,-19.366851,143.341855
68.242514,-6.948428,-0.145307,-1.314364,-0.924498,-19.377819,143.535804
68.148535,-7.509533,-0.157381,-1.312028,-0.823805,-19.386031,144.350002
66.963413,-9.128945,-0.227025,-1.001180,-0.973179,-19.426819,148.786388
66.250398,-9.675743,-0.209414,-1.165855,-0.674281,-19.446541,149.115170
70.436758,-10.644819,-0.211279,-1.003516,-0.689407,-19.310615,140.653377
64.780900,-7.781604,-0.145310,-1.606331,-0.566982,-19.494365,151.497149
69.043564,-9.048448,-0.177258,-1.373353,-0.584951,-19.352852,142.195100
68.206160,-8.771052,-0.209326,-0.923038,-1.069524,-19.393764,144.476453
67.812937,-8.582424,-0.179979,-0.973035,-0.920805,-19.388019,144.621805
64.508171,-8.574928,-0.183407,-1.317058,-0.648057,-19.501250,151.626667
66.337405,-7.286045,-0.125680,-1.279981,-0.764123,-19.438321,146.363400
69.500236,-8.611936,-0.200587,-1.194374,-0.838514,-19.341777,142.628934
69.519490,-11.388256,-0.188873,-0.953293,-0.570656,-19.343319,142.656691
66.359887,-9.552992,-0.157480,-0.867250,-0.740118,-19.436922,147.461128
69.880804,-8.175212,-0.177631,-1.500473,-0.662489,-19.318450,139.777150
64.756984,-9.883261,-0.154685,-0.869039,-0.662071,-19.483933,150.885092
67.723099,-8.338857,-0.207387,-1.529886,-0.690690,-19.397082,144.547433
68.107273,-10.888034,-0.211100,-1.034563,-0.626970,-19.390254,145.685904
66.934776,-8.137662,-0.201003,-1.392033,-0.774003,-19.423420,146.778550
66.530886,-7.913397,-0.116582,-1.124334,-0.720328,-19.425510,147.701884
66.040699,-9.479100,-0.202126,-1.307084,-0.597521,-19.454800,147.792118
71.073640,-9.280028,-0.181223,-1.184152,-0.691309,-19.292525,138.737928
67.706425,-8.675198,-0.180343,-1.263963,-0.694896,-19.397693,145.128518
65.213710,-7.214008,-0.139498,-1.436613,-0.707598,-19.475288,148.882513
67.657443,-8.025810,-0.170535,-0.983177,-0.988622,-19.397869,144.216108
72.765291,-10.123221,-0.258435,-1.252714,-0.794397,-19.248411,135.439814
68.093147,-10.154090,-0.217474,-0.900351,-0.829524,-19.380445,143.791323
68.621271,-7.730469,-0.196587,-1.254812,-0.950854,-19.361532,143.659620
67.251698,-6.957409,-0.179329,-1.250513,-1.069442,-19.404216,145.679032
69.156487,-7.595883,-0.171921,-1.006872,-1.124601,-19.351431,142.961728
67.279981,-10.685456,-0.212533,-0.880029,-0.753189,-19.409125,146.084176
68.378460,-8.883698,-0.219137,-0.886251,-1.133593,-19.385161,145.428500
66.938591,-9.555538,-0.147556,-1.060975,-0.582913,-19.417660,145.944060
65.831244,-9.556288,-0.152011,-1.035411,-0.596227,-19.451879,148.397270
66.466809,-7.367989,-0.178192,-1.089741,-1.088651,-19.434728,148.402118
68.489849,-8.377113,-0.146775,-1.244421,-0.661883,-19.361921,142.384604
66.147978,-8.528847,-0.156888,-1.204270,-0.657564,-19.446888,147.333693
66.744101,-7.763835,-0.176522,-1.482645,-0.718125,-19.425792,146.847784
68.372681,-8.983660,-0.183748,-1.120446,-0.746284,-19.376675,143.449247
64.772736,-8.432952,-0.148296,-1.104696,-0.696781,-19.486868,151.058904
68.891542,-9.686600,-0.194447,-0.899793,-0.846937,-19.366294,142.818751
68.645943,-8.913080,-0.213044,-0.973503,-0.999949,-19.370230,144.535736
69.984052,-8.660912,-0.204801,-1.263852,-0.799911,-19.328613,140.913626
66.415558,-9.648855,-0.213249,-1.319316,-0.605462,-19.448797,148.381225
67.759278,-8.065647,-0.140589,-0.934269,-0.928154,-19.387953,144.776654
68.050408,-8.621345,-0.200527,-1.248201,-0.777096,-19.387311,145.287367
67.992238,-9.444952,-0.174169,-0.884867,-0.821979,-19.387837,144.876395
68.441306,-9.800586,-0.192614,-0.959918,-0.758004,-19.370429,142.864745
66.811604,-9.471903,-0.143435,-0.882334,-0.707482,-19.419348,146.824746
69.538240,-9.720716,-0.184533,-1.270425,-0.573389,-19.336219,141.411081
64.297079,-7.428443,-0.147451,-1.076724,-0.909555,-19.501907,151.983801
65.879891,-9.427715,-0.196145,-0.888483,-0.866215,-19.457376,149.535699
66.350415,-10.899190,-0.254270,-1.195158,-0.633766,-19.445290,148.575887
67.707236,-8.754042,-0.096184,-0.897281,-0.708433,-19.388137,144.983623
66.693906,-8.218959,-0.170306,-1.103869,-0.814106,-19.425522,145.761327
65.621709,-7.889939,-0.182498,-1.243920,-0.823539,-19.454100,148.797694
68.316697,-11.105311,-0.223582,-0.922401,-0.696280,-19.376367,143.570066
66.096822,-7.674356,-0.084112,-1.158554,-0.652909,-19.437427,147.431154
68.721596,-7.619794,-0.180103,-1.267132,-0.902183,-19.363784,141.907582
67.055768,-9.789487,-0.199609,-1.270708,-0.578401,-19.420126,146.600093
65.809182,-8.564586,-0.156337,-0.889824,-0.885091,-19.452619,148.733014
70.616207,-7.873623,-0.195438,-1.281155,-0.922520,-19.306529,139.544508
68.716294,-8.007704,-0.186643,-1.532521,-0.691945,-19.355985,142.537632
67.186214,-8.702033,-0.175932,-1.422816,-0.588007,-19.405173,145.950874
66.135547,-8.916076,-0.191072,-1.022330,-0.816438,-19.445910,147.321881
67.971081,-9.127054,-0.179703,-1.156342,-0.689698,-19.386108,145.018292
69.597678,-11.042354,-0.209840,-0.916008,-0.688608,-19.335890,141.584733
66.733079,-10.120805,-0.178931,-1.004174,-0.633779,-19.427789,147.597061
69.253110,-7.591940,-0.138980,-1.086744,-0.922236,-19.350074,141.276788
67.910896,-9.076577,-0.202092,-1.152090,-0.769010,-19.394414,145.292982
69.375520,-6.666522,-0.146912,-1.310798,-1.020160,-19.342602,141.279443
67.087291,-7.946696,-0.159265,-1.261598,-0.753451,-19.422804,145.902965
67.033912,-9.181275,-0.224660,-1.053433,-0.900321,-19.422474,147.975340
68.155767,-8.469378,-0.185580,-1.235522,-0.767508,-19.387038,144.292086
70.621979,-9.583408,-0.198122,-1.154132,-0.703813,-19.306984,140.600315
65.740842,-7.981960,-0.171128,-1.627123,-0.603220,-19.468228,149.981102
66.359274,-8.112559,-0.163339,-1.363125,-0.666379,-19.439603,147.320453
69.174988,-9.634078,-0.232551,-0.979244,-0.941534,-19.358963,142.943662
66.583771,-9.038313,-0.187966,-1.029019,-0.786413,-19.425673,146.944684
66.559740,-8.455736,-0.184902,-1.502000,-0.615069,-19.438544,148.681336
68.054064,-7.045651,-0.150653,-1.235474,-0.958309,-19.384853,143.564019
67.145814,-8.189544,-0.178862,-1.343213,-0.719014,-19.412667,145.334100
69.904257,-10.989255,-0.186589,-0.944852,-0.618406,-19.329061,141.651014
68.641895,-9.881851,-0.168379,-0.873397,-0.746163,-19.364172,143.406938
69.266959,-8.278214,-0.203297,-1.443758,-0.749283,-19.348082,142.368581
66.764348,-9.963559,-0.146529,-0.846152,-0.669678,-19.419549,146.799272
67.652897,-8.087796,-0.202098,-1.711103,-0.643701,-19.399353,144.696698
68.770391,-10.959871,-0.190240,-1.006550,-0.573654,-19.369470,143.686124
66.093577,-8.716016,-0.205098,-1.381499,-0.687073,-19.452555,149.785533
66.604477,-8.510171,-0.126491,-1.171492,-0.613169,-19.416600,146.439030
65.829198,-9.496017,-0.183604,-1.326242,-0.535894,-19.449166,148.299040
68.996198,-9.495185,-0.158010,-1.076239,-0.635130,-19.352679,142.596721
68.458832,-8.707317,-0.206384,-1.493835,-0.654209,-19.379562,142.746467
66.274171,-7.916587,-0.177123,-1.452075,-0.696045,-19.441703,147.627337
67.603432,-8.207881,-0.151775,-0.974773,-0.894903,-19.398466,144.903548
68.740824,-9.783508,-0.229589,-1.225822,-0.715926,-19.369691,144.035392
68.707644,-9.621582,-0.187567,-0.892801,-0.832073,-19.357776,142.340326
68.124364,-7.980379,-0.198169,-1.250006,-0.896072,-19.380205,144.371845
69.274290,-7.141151,-0.183902,-1.195095,-1.119792,-19.345025,142.063938
71.286456,-7.777770,-0.210224,-1.088465,-1.227153,-19.291698,139.736134
68.007476,-10.618520,-0.220756,-0.852266,-0.820875,-19.387953,144.688231
68.001502,-8.814362,-0.219475,-0.939235,-1.098733,-19.394396,146.288670
67.769940,-9.075908,-0.112451,-0.990969,-0.619229,-19.390320,143.647762
67.284444,-9.479204,-0.162696,-1.130738,-0.604838,-19.408404,146.925779
65.063611,-7.483805,-0.181986,-1.097903,-1.047212,-19.479880,151.213391
67.995995,-9.104622,-0.143139,-1.169582,-0.584738,-19.384801,143.526820
67.788237,-8.190802,-0.181491,-1.334123,-0.727228,-19.391241,144.245646
66.714879,-8.602967,-0.206525,-1.535313,-0.648846,-19.429981,149.124513
68.761496,-9.142752,-0.207217,-1.155574,-0.777779,-19.368598,142.442981
65.405493,-8.108499,-0.164649,-1.176548,-0.771377,-19.473190,150.462651
68.417194,-9.927129,-0.198452,-0.834975,-0.865305,-19.374981,143.030350
70.204280,-9.109362,-0.210017,-0.996335,-0.944725,-19.317497,140.341765
65.530642,-8.426399,-0.194203,-1.279852,-0.749890,-19.474214,150.820276
65.481588,-9.930754,-0.231104,-1.281890,-0.630094,-19.477891,150.427503
66.892001,-8.515547,-0.171915,-0.916897,-0.950795,-19.418931,147.029978
68.658081,-8.825861,-0.198095,-1.222831,-0.749945,-19.364795,142.712455
68.108679,-9.306300,-0.168489,-0.956938,-0.774397,-19.383863,144.816473
67.218383,-9.145143,-0.172222,-0.930981,-0.805573,-19.406480,145.552394
67.388760,-9.215366,-0.145652,-0.991906,-0.673782,-19.400208,144.721250
68.398144,-9.315255,-0.198729,-1.235446,-0.681204,-19.378442,144.750470
65.505870,-8.497957,-0.186817,-0.949506,-0.956823,-19.466258,149.757165
65.904690,-8.606230,-0.171618,-0.917251,-0.902249,-19.458755,148.357487
66.845703,-10.891045,-0.236177,-1.136872,-0.622875,-19.428216,147.489300
67.621166,-8.702706,-0.096111,-0.915556,-0.693956,-19.391074,145.194757
66.971589,-7.949722,-0.170993,-1.166599,-0.849287,-19.416786,146.073686
68.765029,-8.213239,-0.200612,-1.118464,-0.972794,-19.362096,143.633689
67.041684,-10.799612,-0.214622,-0.865328,-0.740267,-19.415892,145.983564
64.951445,-7.557299,-0.047784,-1.088497,-0.622725,-19.469310,148.844381
67.809140,-8.090308,-0.139509,-1.027310,-0.820076,-19.384322,142.986202
68.425070,-10.441475,-0.218103,-1.206116,-0.594284,-19.382862,143.743468
67.584970,-9.139673,-0.168093,-0.886635,-0.851363,-19.397689,145.928436
69.562966,-7.778245,-0.195025,-1.343327,-0.881965,-19.345626,141.878950
68.727545,-8.294586,-0.198471,-1.430104,-0.733804,-19.360266,143.325615
67.281157,-8.690421,-0.162834,-1.383591,-0.574375,-19.400798,145.062542
66.268911,-8.154728,-0.179934,-1.050633,-0.916901,-19.439795,147.623671
67.616430,-9.639238,-0.218654,-1.046541,-0.802158,-19.396721,145.552970
69.763612,-11.036747,-0.197483,-0.874332,-0.684294,-19.325174,140.817472
66.784675,-9.864153,-0.178846,-0.990086,-0.677619,-19.426020,147.820737
67.693328,-7.752620,-0.120044,-0.967095,-0.901456,-19.394564,144.669546
67.255461,-8.848761,-0.196168,-0.997848,-0.899258,-19.416454,146.619984
69.029758,-6.564342,-0.132582,-1.315633,-0.988741,-19.354066,142.048470
69.401324,-8.657566,-0.164063,-1.162423,-0.714278,-19.338655,140.990726
68.519038,-9.483090,-0.237969,-1.082379,-0.906595,-19.377808,145.611605
67.614986,-8.948693,-0.208137,-1.115437,-0.831416,-19.406164,146.036820
67.508215,-9.046558,-0.188973,-1.151697,-0.722009,-19.402558,145.878300
66.419586,-8.456353,-0.148766,-1.462726,-0.549045,-19.439932,148.292813
67.293979,-7.935630,-0.153149,-1.245767,-0.742000,-19.411598,145.080296
70.402130,-9.280172,-0.240582,-1.059487,-0.993986,-19.322171,140.569321
68.588625,-8.984322,-0.218839,-1.118650,-0.875502,-19.365911,144.257803
67.691713,-7.646769,-0.213925,-1.509434,-0.866862,-19.403422,145.216907
69.226226,-7.100824,-0.173939,-1.215954,-1.067254,-19.345909,141.373002
67.424241,-8.132749,-0.183227,-1.418410,-0.706115,-19.406440,145.068295
69.192821,-10.872323,-0.175332,-0.904625,-0.619614,-19.347822,142.698143
65.710141,-9.196093,-0.138990,-0.914117,-0.699968,-19.456416,149.209875
69.609714,-8.037931,-0.170060,-1.378265,-0.736868,-19.338007,141.053952
67.008265,-10.082664,-0.155751,-0.867129,-0.668367,-19.413058,146.539916
67.745155,-8.290834,-0.210772,-1.738775,-0.627296,-19.396962,144.902236
68.679849,-10.497787,-0.187039,-1.053728,-0.598856,-19.367016,144.024051
66.568969,-9.467985,-0.193370,-1.402848,-0.548634,-19.433392,149.359259
67.712123,-8.543039,-0.172365,-1.124163,-0.779668,-19.392555,145.099136
67.103340,-9.120689,-0.191356,-1.354606,-0.604941,-19.414206,146.449851
69.329676,-9.331414,-0.183830,-1.021452,-0.786445,-19.347535,142.817142
68.034540,-9.070535,-0.197287,-1.503107,-0.576155,-19.388721,144.035324
65.571543,-8.229247,-0.173417,-1.539088,-0.590520,-19.459128,149.518964
67.800414,-7.404519,-0.122271,-1.059580,-0.880027,-19.387042,142.690148
68.982768,-10.022875,-0.232305,-1.303132,-0.657446,-19.364126,144.125260
68.674879,-10.211997,-0.221494,-0.959905,-0.799514,-19.367738,143.187684
67.065543,-7.891677,-0.210382,-1.261714,-0.939920,-19.412363,146.883016
68.677704,-8.165675,-0.205358,-1.003514,-1.119061,-19.367031,144.183625
72.481775,-7.862696,-0.225100,-1.092745,-1.302586,-19.258358,138.110279
67.929877,-10.564028,-0.223907,-0.881116,-0.814101,-19.391407,145.127249
68.401901,-9.121291,-0.227130,-0.908011,-1.103981,-19.382155,145.513696
67.981599,-9.493378,-0.119022,-1.076080,-0.539894,-19.384125,143.022730
66.758838,-9.290521,-0.212562,-1.345809,-0.647335,-19.429166,148.579468
65.684419,-6.809821,-0.169760,-1.250925,-1.043122,-19.459820,149.592086
69.532159,-9.146962,-0.183542,-1.165896,-0.700933,-19.336063,140.655124
68.235492,-8.357986,-0.211099,-1.283242,-0.840932,-19.380551,143.819430
67.078917,-8.770257,-0.211922,-1.595248,-0.621206,-19.419777,148.330177
66.010449,-8.734982,-0.156054,-1.125014,-0.669252,-19.449163,147.808064
66.143314,-7.598471,-0.138459,-1.187005,-0.803151,-19.444760,148.762267
67.936547,-8.800751,-0.160496,-0.860491,-0.907812,-19.388058,143.335081
69.234048,-9.007352,-0.207804,-0.935951,-0.997576,-19.346006,142.149297
67.429909,-8.735390,-0.198309,-1.116695,-0.832732,-19.407044,146.215783
66.535220,-9.199705,-0.220756,-1.309130,-0.706885,-19.443819,148.983824
67.453164,-8.493118,-0.170935,-0.843542,-1.032816,-19.400536,146.065322
69.269981,-7.878533,-0.167886,-1.298929,-0.799451,-19.347558,141.304249
67.575873,-8.511767,-0.117901,-1.073445,-0.670146,-19.399844,145.604676
67.768396,-9.285197,-0.179092,-0.822730,-0.901899,-19.385861,144.170229
67.639934,-10.119446,-0.194115,-0.891755,-0.754858,-19.394287,144.538367
69.698421,-10.252141,-0.203877,-1.070017,-0.669449,-19.339988,142.097439
66.015369,-8.849520,-0.198645,-0.905804,-0.975788,-19.450161,148.930495
66.161396,-8.723504,-0.162377,-0.837232,-0.930341,-19.449541,147.660101
66.126956,-10.961580,-0.227442,-1.061135,-0.621638,-19.449498,148.668971
67.758198,-8.838649,-0.109905,-0.987612,-0.657587,-19.388505,145.354326
65.907605,-7.820553,-0.173001,-1.177443,-0.858935,-19.455655,148.563038
69.883259,-8.419644,-0.203286,-1.117809,-0.961654,-19.328673,142.591745
66.758798,-10.628648,-0.212474,-0.900544,-0.725311,-19.425846,146.389595
65.534517,-8.263321,-0.093420,-1.102142,-0.609476,-19.457624,148.468612
69.082517,-8.607152,-0.191825,-1.065186,-0.891018,-19.346529,142.122273
69.429966,-9.625363,-0.186638,-1.156878,-0.648175,-19.347189,141.302742
67.531467,-9.244653,-0.200050,-0.953620,-0.890224,-19.405008,146.921665
68.140947,-8.169632,-0.190317,-1.396523,-0.750281,-19.388785,145.246697
68.657700,-8.283932,-0.200784,-1.541078,-0.690738,-19.362292,143.422124
65.883251,-8.321532,-0.156592,-1.362074,-0.611701,-19.446382,148.404037
66.260074,-7.853677,-0.163014,-0.964950,-0.990608,-19.436659,147.085793
67.693422,-8.910366,-0.200986,-1.079638,-0.835478,-19.395093,145.088679
68.786467,-11.108377,-0.201992,-0.849583,-0.703587,-19.359186,143.225219
63.901320,-9.358399,-0.160430,-1.249093,-0.522395,-19.519727,153.995332
67.866812,-7.661696,-0.118404,-0.976758,-0.915660,-19.387600,144.804177
69.183090,-8.472828,-0.171188,-1.019899,-0.883171,-19.351463,142.017406
67.996998,-6.772023,-0.138316,-1.402730,-0.868478,-19.387430,144.656348
65.467586,-7.973021,-0.142158,-0.980494,-0.870097,-19.468521,149.002673
68.886191,-10.298732,-0.259320,-1.029977,-0.895575,-19.369411,145.423375
69.306923,-8.806053,-0.212364,-1.247520,-0.805307,-19.354182,142.582431
69.100755,-8.886460,-0.160447,-1.170899,-0.670737,-19.347651,141.756348
65.550704,-9.234911,-0.180250,-1.534869,-0.487289,-19.468173,150.870666
66.102549,-8.627107,-0.168774,-0.998217,-0.815748,-19.444810,147.929374
69.612361,-8.916617,-0.198612,-0.994012,-0.928712,-19.339338,141.790553
67.065744,-9.377784,-0.203849,-0.923206,-0.887704,-19.419638,147.183563
67.784411,-7.531530,-0.208156,-1.558675,-0.845943,-19.404198,145.177385
69.966161,-7.071987,-0.177787,-1.202820,-1.115814,-19.321870,139.483524
67.458905,-8.255998,-0.191662,-1.447873,-0.698419,-19.409251,145.533068
69.063418,-10.782044,-0.163172,-0.904981,-0.604128,-19.350825,142.701769
65.091034,-8.880021,-0.130993,-0.900537,-0.739653,-19.475861,150.180670
68.686198,-8.181634,-0.186755,-1.498878,-0.685760,-19.365210,143.339494
66.335016,-10.195346,-0.153348,-0.893608,-0.614287,-19.434078,148.102280
67.348538,-7.902387,-0.206232,-1.759172,-0.663139,-19.408595,145.665508
68.233546,-10.892541,-0.196452,-1.025957,-0.585319,-19.381539,144.831937
68.146370,-9.553925,-0.201867,-1.392352,-0.581740,-19.383388,145.998647
68.643143,-8.173386,-0.177391,-1.195890,-0.823460,-19.359653,143.182786
66.703087,-8.634507,-0.166221,-1.139997,-0.719696,-19.422576,146.887648
67.078241,-8.347068,-0.174977,-1.027321,-0.893589,-19.418968,147.057721
66.970579,-8.816928,-0.194158,-1.597729,-0.549852,-19.421497,146.173890
65.288245,-8.307493,-0.184764,-1.516900,-0.614623,-19.468995,149.960118
68.486851,-7.665871,-0.131385,-1.096726,-0.839903,-19.362016,141.614275
69.746157,-10.355867,-0.254016,-1.424262,-0.633438,-19.344975,143.110353
69.315884,-9.956301,-0.210797,-0.876744,-0.884278,-19.348882,141.369088
66.747028,-7.476489,-0.195806,-1.324776,-0.926772,-19.419831,146.934691
66.472372,-8.940176,-0.154618,-0.833134,-0.871646,-19.429765,148.004548
69.786796,-7.875506,-0.202372,-1.064726,-1.148198,-19.336099,142.078068
68.430212,-10.661323,-0.234366,-0.875190,-0.850988,-19.374595,144.255173
67.947017,-9.265534,-0.232255,-0.906439,-1.080572,-19.396623,146.489376
68.165169,-10.011411,-0.127467,-0.984754,-0.540806,-19.378001,143.145388
66.450447,-9.144625,-0.195046,-1.281112,-0.640052,-19.439068,148.326649
65.000950,-6.839431,-0.171655,-1.325703,-0.979753,-19.482120,150.522124
70.110979,-9.005900,-0.193086,-1.173377,-0.762896,-19.322730,140.665954
66.629933,-7.667036,-0.210860,-1.379245,-0.899794,-19.427868,146.597571
67.976025,-8.459411,-0.215095,-1.617320,-0.660980,-19.387783,145.182503
67.620659,-8.287566,-0.185650,-1.400288,-0.706600,-19.402192,145.577751
66.928187,-7.368495,-0.165343,-1.403474,-0.813906,-19.419916,148.552948
68.923930,-8.719375,-0.165484,-0.886637,-0.918036,-19.348538,141.099920
68.201951,-8.671389,-0.198705,-0.956882,-0.998343,-19.378677,143.658896
67.451596,-8.669356,-0.210690,-1.108712,-0.911500,-19.404604,147.273032
67.334850,-9.360861,-0.231880,-1.277165,-0.748354,-19.418391,147.869042
68.721286,-8.696116,-0.158056,-0.820437,-0.987743,-19.357891,143.134528
68.374823,-8.684725,-0.169160,-1.332320,-0.636201,-19.376575,144.728865
66.965159,-8.654257,-0.133385,-1.155053,-0.626583,-19.419888,146.515603
70.698242,-9.097207,-0.195191,-0.855776,-1.020435,-19.294689,138.683612
68.024444,-9.962510,-0.192647,-0.952649,-0.730975,-19.381846,144.504031
68.197684,-9.081936,-0.171652,-1.073805,-0.727885,-19.388372,144.905932
68.005440,-9.611313,-0.193238,-0.784082,-0.972453,-19.386874,145.687597
66.179586,-7.929103,-0.161678,-0.936082,-1.014507,-19.448350,149.015104
67.256066,-10.928498,-0.227318,-0.996020,-0.674789,-19.415144,146.341326
68.098621,-8.672696,-0.135364,-0.979381,-0.772969,-19.382519,145.275687
65.890435,-8.167990,-0.142331,-1.039280,-0.801176,-19.450908,148.417653
67.978678,-9.092631,-0.203157,-0.846388,-1.049547,-19.390563,145.679871
67.586805,-9.935751,-0.186989,-0.872948,-0.776943,-19.395545,144.401209
66.266056,-8.108543,-0.074160,-1.035308,-0.631444,-19.434169,146.922005
67.455777,-8.541111,-0.191780,-0.983396,-0.951085,-19.404031,145.467332
68.313574,-10.642912,-0.207715,-0.983369,-0.669957,-19.383427,143.946432
64.214891,-8.851741,-0.215271,-0.886730,-1.052478,-19.512963,153.285178
69.199115,-8.088566,-0.150958,-1.191873,-0.763137,-19.350612,142.016666
66.786079,-7.582245,-0.206057,-1.677566,-0.747465,-19.428034,147.036629
66.213753,-8.506550,-0.167941,-1.374159,-0.616980,-19.439781,147.958225
66.563451,-8.179488,-0.165068,-0.988717,-0.912400,-19.427188,146.422260
66.964500,-9.146139,-0.215326,-1.253840,-0.720712,-19.418314,147.311493
67.717655,-10.701810,-0.225773,-0.875704,-0.796751,-19.394102,145.833690
66.760715,-9.903429,-0.197288,-1.120782,-0.635921,-19.429428,147.892931
67.630028,-7.888666,-0.118841,-1.010724,-0.834927,-19.394755,145.360604
70.193702,-9.199818,-0.213285,-1.109825,-0.835899,-19.327705,139.640971
68.708539,-6.669076,-0.147379,-1.378132,-0.956336,-19.363744,142.862120
68.957573,-9.169612,-0.201443,-0.967722,-0.911664,-19.352439,144.512914
69.363587,-9.692989,-0.227575,-1.007741,-0.880541,-19.348696,142.149139
68.246086,-8.588158,-0.178882,-1.125531,-0.796746,-19.383596,144.523647
69.260617,-8.590464,-0.178841,-1.263506,-0.718089,-19.345280,142.005150
67.571371,-9.140914,-0.192093,-1.584032,-0.519471,-19.402103,146.431236
67.683246,-8.958349,-0.193071,-1.096190,-0.793750,-19.404131,145.026606
70.612483,-9.433692,-0.232018,-1.070370,-0.915945,-19.313100,140.373518
66.742290,-9.958182,-0.226277,-1.060299,-0.758407,-19.436130,148.576833
68.501825,-7.901206,-0.219252,-1.514596,-0.850511,-19.384953,144.062265
68.739431,-7.190169,-0.192665,-1.298507,-1.042795,-19.360769,142.014185
67.298892,-8.740856,-0.219967,-1.240262,-0.827104,-19.423163,146.589472
68.905500,-10.258895,-0.143248,-0.853566,-0.648800,-19.354581,143.002236
66.359607,-8.066598,-0.130381,-0.957421,-0.855171,-19.434851,147.723402
68.608082,-7.999517,-0.156887,-1.466241,-0.647630,-19.363307,142.115916
66.754683,-10.099235,-0.169608,-0.900992,-0.672544,-19.419443,146.565978
67.987069,-8.010782,-0.211779,-1.797546,-0.654870,-19.389824,144.732051
69.280337,-10.811754,-0.181036,-0.995586,-0.586512,-19.346684,142.745024
67.764234,-9.335212,-0.185859,-1.374633,-0.570626,-19.392515,146.670089
67.120792,-8.703257,-0.199556,-1.110336,-0.838863,-19.413585,146.780043
68.273300,-8.348785,-0.174521,-1.147612,-0.814944,-19.374175,144.930249
68.230986,-8.656299,-0.194451,-1.009020,-0.935569,-19.384030,145.077341
66.813076,-8.877562,-0.211056,-1.636740,-0.569453,-19.423846,145.912113
67.155433,-7.768384,-0.189423,-1.633700,-0.681078,-19.410599,146.018984
65.887648,-7.596422,-0.128695,-1.190666,-0.742469,-19.438676,146.189431
69.082281,-9.868765,-0.246572,-1.493699,-0.630971,-19.363308,144.040688
67.990041,-9.511720,-0.197736,-0.916553,-0.858480,-19.393892,144.589362
68.547045,-9.559665,-0.213073,-1.042796,-0.804842,-19.366349,144.032401
66.260869,-9.350041,-0.190133,-0.845807,-0.901216,-19.441404,147.879243
69.305351,-7.479263,-0.188364,-1.063176,-1.178289,-19.347803,142.078671
69.646489,-10.295045,-0.230338,-0.906958,-0.867472,-19.331062,139.919957
68.067080,-9.468293,-0.224730,-0.857516,-1.056713,-19.391131,146.114504
68.148241,-9.678391,-0.114714,-0.967942,-0.567081,-19.377246,143.271293
65.792586,-9.155452,-0.184812,-1.205261,-0.644583,-19.455573,149.185925
66.188216,-6.780475,-0.149493,-1.350916,-0.916273,-19.444577,148.064550
69.518742,-8.636752,-0.206964,-1.354292,-0.755751,-19.343599,142.542739
66.496538,-7.598103,-0.192495,-1.337630,-0.871126,-19.430422,146.856249
68.814861,-9.448697,-0.235959,-1.487834,-0.648947,-19.367075,144.247573
66.829744,-8.012233,-0.127644,-1.240686,-0.670376,-19.423202,147.419002
68.501076,-7.422756,-0.180159,-1.388899,-0.882678,-19.375207,145.046993
67.583468,-9.160115,-0.162083,-0.888964,-0.811492,-19.394563,144.636681
66.496852,-8.641209,-0.194234,-0.903806,-1.010677,-19.437067,147.248258
67.168121,-8.425978,-0.169773,-1.035374,-0.846836,-19.406616,146.156594
65.786580,-9.266066,-0.203064,-1.181561,-0.700197,-19.461577,150.310219
65.734992,-8.812539,-0.161756,-0.695860,-1.074740,-19.458272,148.109862
68.324713,-9.181421,-0.177933,-1.285587,-0.617132,-19.381795,145.455300
67.791183,-8.341999,-0.145293,-1.056751,-0.783121,-19.395295,145.402924
68.667539,-8.917823,-0.177790,-1.022265,-0.807576,-19.365695,142.659890
66.007188,-10.270436,-0.146487,-0.817968,-0.653804,-19.447161,149.060449
67.050296,-8.750629,-0.178891,-1.323158,-0.643643,-19.425517,147.273964
68.828289,-10.677227,-0.200230,-0.787746,-0.822809,-19.361691,144.559233
66.511842,-8.137757,-0.164285,-0.821151,-1.118969,-19.438806,148.426482
66.660892,-10.362699,-0.222053,-1.145094,-0.627075,-19.431735,147.839963
66.819097,-9.145580,-0.154431,-0.848328,-0.825257,-19.419332,147.354844
65.069997,-7.362152,-0.121733,-1.185136,-0.789131,-19.479463,150.910139
67.524867,-9.492912,-0.177204,-0.750554,-0.952297,-19.403639,145.352204
67.858944,-10.153007,-0.201054,-1.010109,-0.692651,-19.388978,144.940519
66.115504,-8.345393,-0.089627,-1.033978,-0.634460,-19.439314,147.254491
67.540516,-8.626548,-0.177972,-0.988387,-0.888232,-19.399562,145.886532
68.560303,-10.362462,-0.186490,-1.069480,-0.597620,-19.372568,143.196982
64.073279,-8.697695,-0.245128,-1.007298,-1.092460,-19.519977,154.455593
68.091753,-9.189351,-0.190453,-1.148970,-0.716486,-19.388763,145.298601
65.942290,-7.260117,-0.183267,-1.537214,-0.801004,-19.457557,148.846820
66.927909,-7.927123,-0.148278,-1.393344,-0.657968,-19.416037,146.393304
67.182398,-7.947486,-0.187286,-0.998038,-1.046965,-19.410216,144.957956
69.446462,-8.644565,-0.194089,-1.233438,-0.774389,-19.340619,141.453944
68.284152,-10.570078,-0.216957,-0.923301,-0.753124,-19.374028,143.993459
65.989743,-9.411016,-0.184719,-1.096749,-0.668575,-19.448858,149.148091
67.329761,-7.599736,-0.108740,-1.023115,-0.848549,-19.399999,146.062052
68.631971,-8.390778,-0.190059,-1.226569,-0.801759,-19.372751,142.785738
68.561550,-6.742395,-0.157979,-1.378551,-0.975435,-19.371278,143.480250
69.471254,-9.814799,-0.219732,-1.067876,-0.784509,-19.344812,142.680431
68.788520,-9.524220,-0.208123,-1.078187,-0.777879,-19.367369,143.626547
68.326869,-8.356828,-0.182346,-1.280421,-0.759558,-19.383844,144.789160
69.062327,-9.587561,-0.171436,-1.083426,-0.650635,-19.349119,142.122061
68.523697,-9.080303,-0.184769,-1.565768,-0.529974,-19.370610,144.192717
67.027965,-8.568548,-0.196147,-1.144750,-0.835351,-19.425395,146.372049
68.047802,-8.793987,-0.215600,-1.214371,-0.829758,-19.389276,145.067642
66.843751,-10.093455,-0.205554,-0.935310,-0.760889,-19.426838,147.693252
68.106017,-7.706305,-0.205980,-1.499258,-0.837012,-19.391267,144.872613
68.507759,-7.375194,-0.195638,-1.242882,-1.043462,-19.367070,142.402945
66.721011,-8.314089,-0.169333,-1.112103,-0.814049,-19.431567,147.898971
67.273451,-9.807950,-0.142363,-0.702312,-0.808598,-19.400730,143.026201
64.297663,-7.739591,-0.124701,-0.832368,-0.982394,-19.499663,151.362346
68.272034,-7.541691,-0.157743,-1.548317,-0.680867,-19.376161,143.374485
66.438823,-10.346506,-0.169347,-0.913074,-0.622642,-19.430612,147.092227
67.924035,-7.815090,-0.194234,-1.776707,-0.644844,-19.386283,144.330243
68.875519,-10.567773,-0.168247,-0.994607,-0.576022,-19.354592,142.887014
68.365195,-9.341937,-0.193925,-1.362746,-0.602146,-19.373354,145.362569
66.083631,-8.304136,-0.193905,-1.080289,-0.915273,-19.443469,148.957010
69.517657,-7.750976,-0.188737,-1.209842,-0.962884,-19.339049,142.050942
68.895941,-9.208504,-0.173153,-0.963110,-0.808615,-19.359794,143.803327
66.798715,-8.739955,-0.204627,-1.620816,-0.579322,-19.425638,146.109640
68.293087,-7.613559,-0.186476,-1.610698,-0.728630,-19.374828,143.658234
67.149043,-8.507362,-0.168298,-1.120823,-0.766687,-19.409304,146.531441
68.951571,-9.797952,-0.243672,-1.485386,-0.635637,-19.366955,144.250274
67.616266,-8.450096,-0.183892,-1.025186,-0.900877,-19.397063,145.267470
68.435021,-9.726625,-0.227492,-1.117477,-0.777461,-19.372661,145.192200
66.044178,-9.670687,-0.186168,-0.789878,-0.879659,-19.444707,148.023970
68.743525,-7.473309,-0.179682,-1.049659,-1.138856,-19.365039,143.226783
68.844889,-10.249503,-0.208042,-0.894400,-0.801761,-19.360386,141.922762
70.677786,-10.064033,-0.250732,-0.906511,-1.054754,-19.312317,141.808322
68.515391,-10.012272,-0.130560,-0.993498,-0.548102,-19.364924,142.860796
65.288170,-9.060189,-0.197013,-1.312532,-0.628779,-19.473785,150.486061
67.829251,-6.790886,-0.131008,-1.330282,-0.883484,-19.387004,144.460446
69.848754,-8.350659,-0.224068,-1.325673,-0.897112,-19.335736,142.223761
66.597738,-7.469064,-0.193585,-1.263304,-0.952639,-19.424887,146.173455
68.267547,-8.587722,-0.233413,-1.621181,-0.711176,-19.384063,144.827774
66.036958,-7.588675,-0.121796,-1.353313,-0.664870,-19.452925,148.533797
71.761017,-7.511192,-0.222530,-1.480183,-1.028813,-19.270725,139.843852
66.270918,-8.607925,-0.147730,-0.985789,-0.763033,-19.434193,147.123171
67.871503,-9.029570,-0.210914,-0.890067,-1.024144,-19.386797,143.068879
67.056413,-8.038550,-0.182627,-1.141162,-0.891641,-19.416255,146.936341
68.661194,-9.388675,-0.207469,-0.951276,-0.896421,-19.370226,143.813915
66.297869,-8.994435,-0.153218,-0.716584,-0.992517,-19.437788,146.891473
68.458071,-9.784099,-0.209665,-1.298306,-0.617666,-19.381682,145.827058
69.966869,-8.739950,-0.178143,-0.962070,-0.923173,-19.330177,140.921391
69.703974,-9.601736,-0.167923,-1.102548,-0.634885,-19.332910,140.588465
66.115488,-10.785582,-0.173781,-0.755876,-0.718975,-19.450261,149.811262
66.226969,-7.887291,-0.146646,-1.187682,-0.755477,-19.440551,146.697147
67.967914,-10.327656,-0.192808,-0.781188,-0.846655,-19.387975,145.458374
66.544362,-8.182629,-0.164762,-0.826006,-1.108771,-19.439361,147.961382
67.407687,-10.590270,-0.234662,-1.080051,-0.689954,-19.411201,147.509457
66.900167,-9.005740,-0.148978,-1.022183,-0.693715,-19.416252,146.587087
65.189779,-7.005676,-0.116343,-1.208414,-0.831622,-19.474774,150.301220
67.585252,-8.817111,-0.170940,-0.800176,-1.019649,-19.400577,145.615071
68.685227,-10.239573,-0.221888,-1.240734,-0.616272,-19.353134,142.581834
66.566306,-8.862079,-0.117457,-1.147453,-0.563548,-19.429996,147.298453
66.821475,-8.496641,-0.181484,-0.958385,-0.947290,-19.418090,147.266747
66.322450,-9.460100,-0.140475,-1.093666,-0.566009,-19.447716,147.971997
66.526801,-8.180976,-0.223892,-1.172159,-1.011240,-19.440537,149.074651
69.297175,-9.071751,-0.171820,-1.181453,-0.671652,-19.345177,141.948529
64.816107,-7.241604,-0.180050,-1.438940,-0.820013,-19.490515,150.706854
67.923531,-7.663233,-0.180591,-1.517703,-0.738128,-19.383382,144.269771
69.034020,-7.769828,-0.163234,-1.036258,-0.992041,-19.350663,140.509153
69.834851,-8.903307,-0.202545,-1.260519,-0.753909,-19.328007,140.899516
68.230719,-10.638405,-0.225925,-0.981155,-0.728058,-19.377214,144.265077
68.671863,-10.251848,-0.171804,-0.982388,-0.622352,-19.363250,142.585446
70.056704,-7.463515,-0.128268,-1.138963,-0.870191,-19.314671,139.115962
67.720370,-8.030877,-0.212198,-1.436059,-0.808241,-19.401108,144.271621
68.304135,-7.310501,-0.197683,-1.409974,-0.950424,-19.383064,144.274275
67.176494,-9.348772,-0.193829,-1.029943,-0.776055,-19.413463,147.645103
66.548081,-9.340394,-0.192518,-1.045627,-0.748626,-19.438543,147.795890
69.776980,-9.825764,-0.196170,-1.084512,-0.696497,-19.331822,141.659927
66.861767,-9.480638,-0.174939,-1.168372,-0.604020,-19.420572,146.785511
68.624868,-8.755747,-0.176073,-1.607538,-0.535931,-19.366134,143.178571
65.672014,-9.156861,-0.186208,-0.851609,-0.897832,-19.463131,147.693597
68.190371,-8.529632,-0.220573,-1.258676,-0.866669,-19.384963,144.389606
66.505711,-8.948642,-0.181926,-0.836952,-0.969370,-19.434629,148.231097
68.108340,-7.469147,-0.191123,-1.492867,-0.830263,-19.387508,144.225075
65.584666,-8.376908,-0.215868,-1.116716,-0.936139,-19.460057,149.928316
66.221685,-8.160852,-0.189383,-1.173874,-0.857643,-19.446322,148.607847
67.342273,-10.484470,-0.169838,-0.720851,-0.789417,-19.406606,145.571336
63.964946,-7.712756,-0.119925,-0.849490,-0.957821,-19.509741,151.990018
69.462471,-7.405798,-0.175022,-1.575996,-0.765708,-19.340546,140.600343
66.081179,-10.215550,-0.178728,-1.017874,-0.595979,-19.446750,147.994108
68.361163,-7.602086,-0.184732,-1.716849,-0.681500,-19.372087,143.107074
68.100013,-10.338147,-0.140770,-0.849952,-0.630861,-19.375855,144.699962
66.078152,-9.076242,-0.183455,-1.337623,-0.599454,-19.445646,149.785561
68.592170,-8.175851,-0.206901,-1.314463,-0.842981,-19.367871,143.456099
67.199474,-8.152344,-0.220302,-1.140438,-1.031180,-19.420160,147.012913
67.805000,-8.722019,-0.170587,-0.873545,-0.953721,-19.393256,144.749954
67.865347,-9.174167,-0.223889,-1.604781,-0.594417,-19.396254,144.660339
68.343905,-7.314175,-0.188370,-1.545147,-0.821147,-19.371907,143.296174
67.396014,-9.068176,-0.201352,-1.150655,-0.760746,-19.408098,146.755994
69.356837,-9.643791,-0.249554,-1.594634,-0.629137,-19.354172,143.425067
68.896214,-8.175034,-0.197581,-1.030709,-1.028420,-19.357283,142.154906
67.277339,-8.636634,-0.189836,-0.989043,-0.924370,-19.410696,147.020918
65.739911,-9.604378,-0.181962,-0.779830,-0.882551,-19.453339,148.599781
68.801643,-7.552249,-0.172306,-1.015458,-1.119659,-19.363317,142.956197
67.547635,-10.785482,-0.204025,-0.896645,-0.688273,-19.400560,144.564353
69.569993,-10.205152,-0.237153,-0.834666,-1.011109,-19.343893,143.331544
68.077466,-9.814792,-0.133866,-1.006052,-0.565171,-19.380703,143.982676
66.105867,-8.828752,-0.204295,-1.289484,-0.715755,-19.451186,148.864091
68.488809,-6.618314,-0.103391,-1.379999,-0.823438,-19.362183,142.843196
70.035530,-8.916466,-0.231439,-1.230766,-0.880357,-19.327273,141.589192
66.090122,-7.994711,-0.189698,-1.161719,-0.896538,-19.444969,147.678412
68.764850,-7.208490,-0.187759,-1.619210,-0.821241,-19.366638,143.139845
66.285058,-7.224537,-0.107062,-1.309995,-0.703887,-19.431029,146.821609
69.292511,-7.408388,-0.214855,-1.466544,-0.972166,-19.346456,142.683303
66.225548,-8.948227,-0.172973,-0.978323,-0.794643,-19.438989,147.966161
66.790374,-8.946665,-0.204748,-0.958757,-0.933239,-19.419874,145.671962
66.512944,-7.431308,-0.148660,-1.205573,-0.842613,-19.428012,145.870977
68.165039,-9.231170,-0.205731,-0.955038,-0.912653,-19.390675,144.484435
66.088866,-8.919735,-0.145747,-0.687211,-1.006647,-19.442793,146.919092
68.593835,-10.394957,-0.220003,-1.169635,-0.634793,-19.376679,145.625873
69.184189,-9.584859,-0.186628,-0.894059,-0.847479,-19.350891,142.116985
69.287568,-10.190906,-0.201172,-1.161128,-0.611392,-19.349239,142.154268
65.869662,-10.760094,-0.180966,-0.760483,-0.725590,-19.456242,148.977147
67.928002,-8.387795,-0.202622,-1.410517,-0.733121,-19.393363,145.308860
67.437339,-10.597639,-0.183224,-0.717592,-0.833582,-19.405325,146.844955
67.652280,-8.105833,-0.160474,-0.786400,-1.177145,-19.405702,145.706179
67.631132,-9.775037,-0.225982,-1.203551,-0.712387,-19.405546,147.652764
66.930146,-9.070627,-0.130234,-1.000982,-0.644992,-19.413687,145.940451
67.436949,-7.421096,-0.135613,-1.141167,-0.873609,-19.401148,145.312878
67.051370,-9.208400,-0.182275,-0.811980,-0.956568,-19.416805,146.965297
67.396232,-9.858082,-0.212779,-1.245710,-0.624699,-19.400893,145.997160
67.701824,-9.352509,-0.149572,-1.159882,-0.576058,-19.397167,144.837900
67.217985,-8.588820,-0.155544,-0.897846,-0.893914,-19.403665,145.579045
64.922494,-9.214499,-0.164720,-0.946378,-0.717887,-19.485864,149.222650
65.292653,-7.144794,-0.179489,-1.377155,-0.902585,-19.478377,150.988022
68.912356,-9.144360,-0.165382,-1.185592,-0.637289,-19.355057,142.501650
66.487071,-7.114939,-0.141152,-1.283440,-0.847134,-19.428169,146.944853
67.019210,-7.640926,-0.180510,-1.823134,-0.607743,-19.405551,146.913334
68.247956,-8.541526,-0.175255,-0.877132,-1.010879,-19.379933,142.974473
68.810538,-8.878546,-0.204123,-1.397885,-0.679166,-19.359984,143.255313
67.364225,-10.342555,-0.225159,-0.954323,-0.782266,-19.403698,145.691601
71.630366,-9.839255,-0.171931,-0.959972,-0.734150,-19.274255,137.428892
68.185476,-7.466601,-0.152146,-1.181441,-0.899549,-19.374995,143.513700
68.547978,-7.627103,-0.198730,-1.614809,-0.758513,-19.369311,142.481317
68.421517,-7.395330,-0.198021,-1.428375,-0.920717,-19.377503,143.826668
67.505627,-9.394048,-0.209466,-1.268734,-0.670242,-19.404888,146.780918
66.166775,-9.131909,-0.200252,-0.923419,-0.901746,-19.441356,147.773390
69.423878,-9.176029,-0.186402,-1.044473,-0.787085,-19.339902,141.793448
66.368837,-9.319173,-0.185508,-1.107033,-0.681756,-19.438576,147.550332
68.608050,-8.440654,-0.162723,-1.606700,-0.543564,-19.363365,143.146470
65.651081,-9.330456,-0.191205,-0.824803,-0.914428,-19.461588,148.030653
67.628020,-7.945383,-0.200142,-1.333426,-0.851875,-19.400601,145.133852
64.942337,-8.182361,-0.198031,-0.996509,-1.028341,-19.485026,152.134414
68.298298,-8.693143,-0.196881,-1.241539,-0.753586,-19.378384,143.533418
66.488709,-7.876793,-0.178266,-1.192567,-0.865474,-19.429813,147.265271
66.979802,-7.598164,-0.180088,-1.285144,-0.874534,-19.419795,146.991380
69.766616,-10.854668,-0.162543,-0.710420,-0.750010,-19.329210,140.091258
65.659847,-7.161186,-0.146993,-1.161252,-0.935499,-19.459708,148.947217
68.166886,-7.567323,-0.184264,-1.530506,-0.762354,-19.386295,143.368747
66.531957,-9.856953,-0.137905,-0.861865,-0.647130,-19.427807,146.152568
68.245302,-7.514175,-0.179232,-1.811007,-0.646894,-19.374039,143.582993
68.427964,-10.820057,-0.141467,-0.767481,-0.636868,-19.367163,143.974966
67.388112,-9.379302,-0.220515,-1.383627,-0.652100,-19.409438,147.196523
68.879002,-8.687495,-0.182707,-1.136267,-0.792919,-19.356254,142.602738
67.085108,-7.965180,-0.193907,-1.068991,-1.020777,-19.417260,146.503094
69.511055,-8.625794,-0.148883,-0.910124,-0.880228,-19.331927,140.864871
66.712433,-9.355343,-0.202003,-1.426995,-0.560203,-19.432463,146.416981
68.131091,-7.172125,-0.177039,-1.775077,-0.707688,-19.374251,143.475096
67.995302,-9.011912,-0.188037,-1.133079,-0.751293,-19.388108,145.179715
70.343080,-9.911608,-0.257511,-1.480216,-0.687659,-19.323827,142.247877
69.369960,-8.862542,-0.190377,-0.977354,-0.922406,-19.341966,141.886745
67.559388,-9.138886,-0.181013,-1.029853,-0.767602,-19.402154,145.603877
67.489596,-9.493501,-0.189507,-0.901042,-0.835801,-19.400584,145.681617
68.580650,-7.406890,-0.159897,-1.146940,-0.967127,-19.365604,143.075691
66.937503,-9.856521,-0.202292,-0.893617,-0.813828,-19.419362,145.948282
68.793512,-9.444135,-0.216172,-0.870793,-1.017498,-19.366022,144.291738
68.665248,-10.588342,-0.132008,-0.930232,-0.536099,-19.362887,143.711661
66.546662,-10.427588,-0.182268,-0.885621,-0.682888,-19.428596,148.571184
67.189355,-6.909022,-0.145940,-1.372233,-0.870528,-19.408102,145.442876
68.081139,-8.130336,-0.225878,-1.312416,-0.944262,-19.388660,145.257473
66.103372,-8.245871,-0.215485,-1.122928,-0.972514,-19.445289,148.433139
68.025423,-6.761425,-0.154243,-1.506474,-0.872860,-19.384093,144.879582
66.127404,-7.191239,-0.117985,-1.326475,-0.735744,-19.438763,147.496325
68.730573,-7.627460,-0.214705,-1.391652,-0.966503,-19.364372,143.826968
66.952693,-9.957168,-0.212245,-0.998419,-0.753854,-19.415745,147.271163
68.115817,-8.825121,-0.215703,-0.986417,-0.997006,-19.378381,144.049040
65.665395,-7.444538,-0.151342,-1.186130,-0.841496,-19.455011,147.290640
69.875190,-8.982053,-0.188686,-1.127662,-0.786358,-19.328963,141.786429
66.013751,-8.916466,-0.146150,-0.690978,-1.003538,-19.445414,146.912228
69.043831,-10.654838,-0.205822,-1.084960,-0.614658,-19.360102,143.672450
71.119510,-9.954704,-0.199471,-0.925923,-0.814000,-19.292899,137.878876
68.271242,-9.731056,-0.175080,-1.125688,-0.599564,-19.374219,142.252139
66.498743,-10.444943,-0.182284,-0.785952,-0.759551,-19.434262,147.524264
67.774732,-8.126144,-0.161876,-1.354341,-0.680086,-19.386965,145.206630
68.195834,-10.559060,-0.177793,-0.697011,-0.862804,-19.381910,145.536914
64.290437,-7.890220,-0.149657,-0.801328,-1.087431,-19.495774,152.158142
68.300122,-9.580192,-0.214432,-1.135895,-0.731815,-19.379348,143.882508
67.675348,-9.281511,-0.134849,-1.117701,-0.566081,-19.390551,145.200364
68.382712,-8.429993,-0.179607,-0.991584,-0.954708,-19.377417,144.509811
67.298554,-9.104120,-0.200364,-0.966310,-0.900171,-19.411480,147.508219
68.124966,-9.926002,-0.183210,-1.128611,-0.599369,-19.376016,144.255604
67.609446,-9.059644,-0.181538,-1.409053,-0.564021,-19.405494,144.903734
65.689266,-8.600499,-0.153409,-0.877459,-0.872106,-19.452126,148.252621
66.843043,-8.296480,-0.158360,-1.043496,-0.830886,-19.426188,146.342252
66.225578,-7.400270,-0.185434,-1.139269,-1.048380,-19.447456,148.243416
68.664836,-9.471829,-0.168390,-1.071925,-0.662930,-19.366029,143.319439
63.258012,-7.782524,-0.142774,-1.052117,-0.817584,-19.533246,153.555617
67.002417,-7.723555,-0.187368,-1.814774,-0.622086,-19.406767,146.971990
66.144667,-8.700812,-0.192746,-1.042817,-0.844715,-19.449354,147.130157
67.532039,-8.664417,-0.178545,-1.048724,-0.823365,-19.395840,145.196102
68.551023,-10.677743,-0.244851,-1.020500,-0.765539,-19.364914,143.075645
68.910435,-9.068535,-0.194665,-1.316435,-0.668345,-19.364189,143.956157
68.182775,-7.398827,-0.160674,-1.365085,-0.812048,-19.375987,144.098613
68.193188,-7.955867,-0.207144,-1.480886,-0.798866,-19.382509,143.973493
69.443712,-7.114016,-0.198093,-1.586415,-0.914084,-19.346737,141.974449
68.309840,-8.940448,-0.226232,-1.375083,-0.738859,-19.382307,144.233518
66.412764,-8.767615,-0.196959,-1.129441,-0.797869,-19.440797,147.771147
69.088809,-9.988977,-0.165730,-0.957275,-0.654250,-19.346488,140.998474
66.948656,-7.992435,-0.175257,-1.357051,-0.726762,-19.417287,145.819918
68.943027,-8.361545,-0.148455,-1.638552,-0.506906,-19.351452,141.976000
65.230107,-8.764879,-0.170710,-0.886031,-0.891897,-19.469116,150.290843
68.034806,-8.308649,-0.228635,-1.389513,-0.855470,-19.391713,145.567852
65.243673,-7.260121,-0.167459,-1.045809,-1.086476,-19.472723,150.466369
68.731041,-8.699018,-0.190317,-1.276230,-0.723531,-19.364344,143.203329
67.888171,-8.056137,-0.163979,-1.269285,-0.762493,-19.385954,145.246997
68.355557,-7.368208,-0.168737,-1.362183,-0.853275,-19.368819,143.561888
69.205305,-10.827934,-0.178859,-0.734275,-0.776630,-19.349397,141.308580
67.718880,-8.108766,-0.135220,-0.959501,-0.869929,-19.392654,144.318697
68.208431,-7.385157,-0.154471,-1.380875,-0.791213,-19.379584,143.139883
66.239054,-9.740010,-0.140016,-0.893556,-0.642414,-19.439204,146.966213
67.856665,-7.253542,-0.183686,-1.821887,-0.696262,-19.386549,144.306446
68.154515,-10.565735,-0.139793,-0.774432,-0.652990,-19.377292,144.563263
67.430981,-9.414903,-0.237239,-1.517805,-0.632093,-19.407356,147.559041
68.704620,-7.520169,-0.146482,-1.200887,-0.856108,-19.360125,143.095808
67.133462,-7.965881,-0.190054,-1.028279,-1.040136,-19.418182,146.572458
67.590144,-8.081376,-0.148914,-0.985529,-0.896221,-19.393667,144.396533
67.180958,-8.678149,-0.207496,-1.762234,-0.550005,-19.422707,145.994198
67.543394,-7.032538,-0.159861,-1.472876,-0.821155,-19.390030,144.614878
69.060594,-9.188787,-0.194002,-1.264821,-0.675862,-19.354605,143.821751
71.083529,-10.077997,-0.268598,-1.506931,-0.696182,-19.302416,141.005514
69.056363,-9.025519,-0.196304,-0.943532,-0.931715,-19.348886,143.147960
65.636818,-8.204673,-0.215395,-1.244079,-0.896215,-19.467870,150.928442
69.755500,-9.963143,-0.180169,-0.966566,-0.707924,-19.335477,141.663300
67.312654,-7.118794,-0.167769,-1.460450,-0.842112,-19.404866,145.468812
66.873945,-10.083000,-0.210052,-0.932032,-0.779443,-19.422710,146.734833
69.398280,-9.640726,-0.206278,-0.812572,-1.008443,-19.346001,142.565825
68.908421,-10.482499,-0.131075,-0.977328,-0.517360,-19.354423,143.048254
66.043901,-10.922134,-0.186720,-0.858258,-0.635048,-19.446495,149.313070
65.365788,-6.943237,-0.121782,-1.316653,-0.790844,-19.460178,148.760093
69.428751,-8.369247,-0.227384,-1.291595,-0.930319,-19.342869,142.900642
67.061217,-8.879146,-0.231009,-0.996533,-1.025159,-19.416103,146.130832
69.545964,-7.107389,-0.204937,-1.660113,-0.918039,-19.348282,142.881499
67.282273,-6.705335,-0.148042,-1.628094,-0.779578,-19.400031,145.430164
68.356873,-6.469721,-0.174011,-1.501543,-1.015614,-19.371510,143.914019
67.205759,-10.048218,-0.212832,-0.984526,-0.751913,-19.407860,146.587345
68.571177,-8.586020,-0.177632,-0.932438,-0.957829,-19.358997,143.383175
65.896758,-7.027424,-0.158783,-1.504363,-0.777847,-19.448230,147.830562
69.440480,-8.350078,-0.173059,-0.939883,-0.997797,-19.344301,141.335467
67.307146,-9.477824,-0.169398,-0.742906,-0.936076,-19.408695,145.106154
68.538724,-10.363396,-0.223341,-1.121411,-0.686621,-19.379611,145.282093
68.232956,-9.689615,-0.206866,-0.964854,-0.823824,-19.381231,144.786290
68.557894,-10.311081,-0.174393,-1.101270,-0.549456,-19.367664,142.615693
64.517375,-10.440460,-0.204880,-0.797814,-0.791846,-19.499993,152.247319
68.218128,-9.179829,-0.196564,-1.284980,-0.657989,-19.376256,145.645931
69.087985,-10.772241,-0.161039,-0.652029,-0.830459,-19.352609,143.660929
65.185910,-8.310892,-0.173943,-0.853509,-1.046746,-19.477876,150.880796
67.126619,-8.440107,-0.187713,-1.122007,-0.837882,-19.411939,145.741331
67.649065,-9.573767,-0.128881,-1.091665,-0.542161,-19.394297,145.582024
68.693723,-8.698453,-0.210729,-1.102343,-0.916032,-19.367850,144.174498
67.610860,-8.450620,-0.191939,-0.903047,-1.071923,-19.403612,145.623254
67.751115,-9.547746,-0.199799,-1.199520,-0.652764,-19.390189,145.062402
67.888558,-9.105976,-0.180381,-1.346781,-0.589942,-19.389029,144.273791
67.080573,-7.752117,-0.140510,-0.970725,-0.944123,-19.410647,145.152014
67.947117,-8.772993,-0.172461,-0.877708,-0.952146,-19.392351,144.590111
65.266923,-7.886488,-0.232312,-1.136265,-1.124393,-19.472750,151.144187
68.314222,-8.026330,-0.130670,-1.059470,-0.794411,-19.368317,142.429463
67.167151,-8.606327,-0.201992,-1.006883,-0.967318,-19.416298,147.334201
67.656346,-7.531794,-0.197051,-1.792690,-0.689451,-19.391429,145.248307
68.601943,-8.662838,-0.196003,-1.032838,-0.911417,-19.371520,142.302235
67.985968,-8.678436,-0.173442,-1.112595,-0.753204,-19.381451,143.351811
67.895777,-10.731950,-0.241153,-1.071170,-0.705154,-19.392154,146.022777
67.150646,-8.983326,-0.170600,-1.214964,-0.638274,-19.413597,145.723997
66.846221,-7.344893,-0.141872,-1.352000,-0.749744,-19.415919,146.278460
68.529945,-8.551249,-0.194608,-1.355115,-0.708762,-19.370989,143.369859
70.514572,-7.161535,-0.211287,-1.650250,-0.937635,-19.315434,140.239603
69.505190,-9.669154,-0.221911,-1.340645,-0.641962,-19.341873,140.938559
63.496607,-9.060698,-0.165819,-0.956870,-0.730383,-19.528767,153.470343
68.915101,-9.983171,-0.184161,-1.154604,-0.583953,-19.359819,142.308653
66.505788,-7.839065,-0.197058,-1.209069,-0.936378,-19.431867,147.690939
68.657216,-8.329924,-0.155082,-1.620624,-0.536988,-19.361047,142.685033
65.962546,-9.097784,-0.209756,-1.007827,-0.879488,-19.453359,150.411528
66.954984,-8.353474,-0.224196,-1.366332,-0.828330,-19.426402,147.239636
67.556075,-7.696184,-0.179845,-1.013017,-1.094106,-19.398940,145.842626
69.844673,-8.984293,-0.184249,-1.222209,-0.709862,-19.329594,141.623281
68.259808,-8.023417,-0.192391,-1.300696,-0.847611,-19.375703,145.145764
65.315003,-8.212749,-0.167178,-0.945846,-0.936334,-19.468994,150.023239
68.888985,-10.261957,-0.192746,-0.882214,-0.756471,-19.358923,141.885332
66.731365,-8.040023,-0.134636,-0.897943,-0.931524,-19.425394,146.384964
68.349611,-6.953573,-0.166701,-1.563868,-0.827127,-19.372515,143.067751
65.592463,-10.088857,-0.132444,-0.818553,-0.625463,-19.458923,147.996765
67.653010,-7.310911,-0.162541,-1.698585,-0.671693,-19.400283,143.924222
68.122174,-10.466533,-0.150540,-0.777869,-0.705765,-19.380246,144.785758
67.834512,-9.138092,-0.206761,-1.344573,-0.661164,-19.393246,145.621455
66.812104,-7.788827,-0.156338,-1.202414,-0.805907,-19.420857,146.498463
69.276004,-8.205568,-0.190010,-0.936363,-1.106625,-19.348970,141.695583
68.740385,-7.728917,-0.130619,-1.047660,-0.870139,-19.360144,141.251706
67.885554,-8.470694,-0.184250,-1.735780,-0.535933,-19.394241,144.385405
67.887087,-7.211078,-0.213541,-1.547168,-0.937243,-19.382140,144.497192
67.857321,-9.390272,-0.187368,-1.005164,-0.763528,-19.391005,145.026992
69.140167,-9.640058,-0.245721,-1.470021,-0.672081,-19.357922,144.253287
70.231684,-9.020149,-0.207279,-1.072687,-0.874451,-19.313873,139.930309
66.767973,-7.616556,-0.184394,-1.243592,-0.917490,-19.427042,147.285230
68.589558,-9.778172,-0.190297,-0.961643,-0.756503,-19.369610,143.857518
64.597995,-7.522403,-0.158534,-1.231501,-0.813688,-19.491545,150.501251
67.305385,-8.333643,-0.168125,-0.951431,-0.937999,-19.409120,145.831147
70.035694,-9.841977,-0.207036,-0.822111,-0.977334,-19.325875,141.740605
70.044159,-10.564876,-0.138458,-0.951983,-0.553852,-19.318382,141.094906
66.752238,-9.846614,-0.209809,-0.999014,-0.762937,-19.426136,147.593274
66.629808,-6.889493,-0.133550,-1.320966,-0.864277,-19.426597,146.653569
69.981823,-7.608619,-0.222464,-1.553404,-0.922601,-19.329581,141.578813
67.904917,-8.760782,-0.220497,-1.018758,-1.002816,-19.389735,144.529121
69.183886,-6.740886,-0.186949,-1.639165,-0.932763,-19.357585,143.135502
67.317234,-6.683220,-0.145524,-1.608838,-0.794975,-19.400889,145.671759
68.958793,-6.687933,-0.169651,-1.570142,-0.909353,-19.351481,142.576116
66.211235,-9.417639,-0.189921,-1.041889,-0.714470,-19.437921,147.664846
68.503638,-8.613507,-0.201974,-0.936361,-1.045919,-19.365860,143.667613
66.749898,-6.953006,-0.151746,-1.382359,-0.852717,-19.423946,145.883238
70.040676,-8.446700,-0.172280,-0.877967,-1.044763,-19.315934,139.724016
68.540831,-9.451217,-0.177190,-0.746926,-0.989382,-19.372085,143.026476
66.955259,-9.684468,-0.212118,-1.307735,-0.614812,-19.427427,148.238652
68.324212,-9.486020,-0.190376,-1.007634,-0.770490,-19.377376,143.965327
68.634805,-10.367774,-0.193903,-1.153820,-0.566060,-19.367436,142.504314
65.293832,-10.128130,-0.196911,-0.767987,-0.863509,-19.475315,150.524053
