52.080657,-1.549930,-0.336190,-0.904710,-19.522467,148.959919
60.926308,-0.874747,-0.334787,-0.410226,-19.511008,148.986318
59.676190,-0.851981,-0.336606,-1.012326,-19.486397,147.448304
58.909608,-0.835648,-0.344267,-0.706448,-19.558648,150.916175
59.697781,-0.746689,-0.345604,-1.123479,-19.507381,147.110079
58.042226,-1.410845,-0.338165,-0.717642,-19.434845,142.886375
58.175115,-0.939073,-0.340629,-1.427287,-19.444399,144.055467
57.995222,-1.017931,-0.337534,-0.979072,-19.496654,147.605916
56.649653,-0.886908,-0.339537,-1.146951,-19.569129,151.756639
61.918776,-0.564521,-0.341827,-0.586109,-19.499774,146.839560
62.611939,-0.625823,-0.337214,-0.719841,-19.460077,145.114553
56.569783,-1.279975,-0.340731,-0.879584,-19.475988,146.154071
54.029182,-1.113935,-0.337699,-1.353676,-19.534979,148.738997
60.806905,-1.180263,-0.339974,-0.294967,-19.497539,147.173647
60.785356,-0.266709,-0.352700,-1.302969,-19.555775,149.632199
61.925417,-0.445483,-0.349981,-1.301244,-19.484261,144.935318
63.361125,-0.533607,-0.331164,-0.894932,-19.444023,144.146664
62.063008,-0.362604,-0.338162,-1.428159,-19.491886,147.629836
62.412765,-0.226221,-0.348854,-0.640559,-19.501127,147.382143
62.303801,-0.446104,-0.333483,-1.237796,-19.477914,146.510549
61.352493,-0.020626,-0.341590,-1.474458,-19.556097,150.578897
60.517959,-0.529439,-0.345362,-1.422023,-19.512541,147.515096
56.445797,-1.048311,-0.342587,-1.124564,-19.526438,149.549881
54.764593,-1.533266,-0.347171,-0.678350,-19.524030,149.203796
61.149009,-0.293837,-0.351978,-1.412513,-19.534071,148.048693
52.067859,-1.289994,-0.336942,-1.448408,-19.474793,146.110629
59.434981,-0.913783,-0.353049,-1.022507,-19.484650,145.719714
61.989359,-0.111380,-0.340201,-0.962100,-19.531584,149.188859
59.067122,-0.800874,-0.339900,-1.032544,-19.519897,148.273257
56.628356,-1.076244,-0.334374,-1.287963,-19.464003,144.503499
55.576268,-1.080465,-0.337989,-1.372142,-19.490071,147.555816
51.831093,-1.284003,-0.332178,-1.306451,-19.526482,149.960049
50.245300,-2.275280,-0.329826,-0.463696,-19.543462,151.299994
58.356795,-1.082787,-0.340000,-0.801475,-19.499408,147.391141
55.490386,-1.135086,-0.340695,-1.006118,-19.543844,150.028432
58.921415,-1.059483,-0.345645,-0.850073,-19.477652,146.109523
60.339236,-0.578924,-0.332368,-1.434243,-19.503655,148.081497
55.781077,-2.065432,-0.332483,-0.348861,-19.494755,146.998486
61.749871,-0.564047,-0.338499,-1.496057,-19.460847,144.800984
61.461196,-0.602152,-0.341542,-1.205306,-19.472862,144.929152
55.734105,-1.187577,-0.340297,-1.193598,-19.470819,145.780678
60.917046,-0.752227,-0.345652,-0.291839,-19.537678,149.343613
59.508795,-0.517893,-0.344717,-1.373291,-19.555015,150.750104
52.835952,-1.177083,-0.337927,-1.443190,-19.525067,149.054148
62.877444,-1.101793,-0.340580,-0.235671,-19.449304,143.576907
62.164824,-0.248980,-0.345873,-0.341001,-19.513499,148.634390
61.463833,-1.051601,-0.332517,-0.467635,-19.452694,144.825494
64.316442,-0.150873,-0.342766,-1.430966,-19.443298,143.298330
52.788899,-1.474382,-0.338284,-1.221705,-19.416667,141.376525
56.181496,-0.875523,-0.348410,-1.326002,-19.574665,152.479176
62.472537,-0.238000,-0.337337,-1.125554,-19.504372,147.804194
62.968392,-0.595402,-0.337093,-1.113618,-19.427792,143.321850
60.510059,-1.131456,-0.338555,-0.456347,-19.480589,146.697876
61.643372,-0.868785,-0.341131,-0.110613,-19.514327,149.645841
62.476500,-0.739625,-0.338930,-0.457793,-19.468122,145.734266
57.594927,-0.970034,-0.332901,-1.291533,-19.476226,146.218841
63.440804,-0.128071,-0.349800,-0.563327,-19.463765,145.089273
59.197904,-0.798985,-0.342347,-0.976435,-19.521161,148.792544
60.897699,-0.456762,-0.349862,-1.332704,-19.519064,148.159690
59.007801,-0.662903,-0.335009,-1.451276,-19.520239,149.543354
55.972990,-0.972024,-0.339738,-1.344659,-19.530451,149.205960
62.814060,-1.082681,-0.330291,-0.168579,-19.456441,146.736715
60.649901,-0.648021,-0.346802,-0.205467,-19.559744,151.508146
59.299408,-1.078121,-0.349914,-0.279894,-19.569744,151.402275
65.757814,-0.214556,-0.351147,-0.522001,-19.387298,139.878486
60.965746,-1.094386,-0.346641,-0.399245,-19.484218,145.642334
62.923529,-0.327930,-0.344420,-1.432676,-19.466351,145.217962
59.851413,-1.250834,-0.338026,-0.224238,-19.537191,151.154420
60.397446,-1.036738,-0.343159,-0.496484,-19.496324,146.531442
54.141051,-1.325070,-0.335876,-1.218512,-19.445461,144.472259
53.868897,-1.366244,-0.334208,-0.823699,-19.559298,151.742751
61.021724,-0.953844,-0.334560,-0.277136,-19.518976,149.333090
57.639592,-0.866672,-0.344903,-0.951062,-19.561288,151.984249
60.881805,-0.665035,-0.336736,-0.635054,-19.510189,150.156895
60.124175,-0.681736,-0.342968,-1.344320,-19.494910,146.060687
59.397973,-1.455188,-0.343857,-0.448130,-19.462702,143.952825
57.229446,-1.053649,-0.347825,-1.035159,-19.511095,148.209808
57.561182,-1.370326,-0.347310,-0.491748,-19.530890,149.352870
62.657370,-0.461412,-0.329523,-1.055325,-19.464950,145.178299
62.807302,-0.477526,-0.344924,-0.645751,-19.469134,145.202925
62.896592,-0.094088,-0.337466,-0.963958,-19.496144,147.302523
58.825292,-1.018418,-0.352156,-0.692348,-19.523506,147.533440
58.664396,-0.974399,-0.341594,-1.246922,-19.454564,143.942714
58.311139,-0.927160,-0.339475,-0.913857,-19.530215,149.154167
60.692549,-0.610134,-0.344700,-0.929021,-19.518831,148.046885
62.648016,-0.619233,-0.329830,-0.791823,-19.457806,144.589322
63.137342,-0.350909,-0.336680,-0.540377,-19.478419,145.945507
61.142402,-0.238910,-0.340573,-0.924345,-19.547930,150.365847
62.767724,-0.233305,-0.343008,-1.139749,-19.488844,146.336821
64.187848,-0.680537,-0.334326,-0.400433,-19.422332,142.488174
63.191545,-0.227394,-0.345025,-1.499285,-19.473444,145.355599
62.480650,-0.291291,-0.339965,-1.381639,-19.498534,146.700842
61.579054,-0.755360,-0.343040,-0.356077,-19.505834,148.132546
63.089599,-0.158362,-0.338759,-1.245568,-19.486020,146.316746
61.223436,-0.240129,-0.350178,-1.161280,-19.546744,149.212731
52.273456,-1.302275,-0.340718,-1.405138,-19.482169,146.125168
55.712643,-1.059311,-0.344077,-1.341572,-19.507893,147.656250
60.322942,-0.091376,-0.342580,-0.149960,-19.580360,152.892180
61.081740,-1.126243,-0.333426,-0.411278,-19.475423,146.035819
59.035846,-1.096562,-0.335570,-0.698757,-19.485212,146.983134
58.865219,-0.988384,-0.339563,-0.871807,-19.498813,147.763727
56.185734,-1.234759,-0.334457,-1.000203,-19.474917,146.439980
52.293188,-2.013275,-0.332572,-0.490910,-19.535354,150.419220
61.805370,-0.766502,-0.337607,-0.451711,-19.486640,146.441516
58.103163,-1.089614,-0.332915,-0.931570,-19.467727,145.463537
60.211970,-0.833687,-0.340419,-0.965379,-19.478053,145.689985
60.601387,-0.814722,-0.327230,-0.810444,-19.480080,146.972666
57.657627,-1.669966,-0.335408,-0.383616,-19.499244,147.257264
59.887214,-0.738479,-0.343366,-1.315264,-19.484407,145.831440
58.228513,-0.864518,-0.350033,-0.730064,-19.584388,151.909976
57.955911,-1.163602,-0.345408,-0.893329,-19.473187,145.080199
60.123433,-0.878537,-0.341516,-0.413277,-19.536433,150.086428
61.073733,-0.106661,-0.346648,-1.339392,-19.557403,151.081631
52.816463,-1.070181,-0.334734,-1.490635,-19.568636,152.045592
61.455330,-1.027412,-0.336143,-0.421582,-19.471094,145.812559
60.782535,-0.006472,-0.344945,-0.240564,-19.567164,152.142416
62.223435,-0.231769,-0.337881,-0.600545,-19.514518,148.415652
63.972298,-0.106573,-0.338989,-1.350133,-19.455535,144.536609
53.276545,-1.492303,-0.338185,-1.117170,-19.426308,142.101369
61.174532,-0.623830,-0.340205,-1.030632,-19.480849,147.258107
63.471570,-0.115756,-0.334053,-1.156877,-19.474566,146.118146
62.034066,-0.543115,-0.344729,-1.302711,-19.462665,144.309002
57.765246,-1.602153,-0.337434,-0.425390,-19.494154,147.479783
61.365047,-0.559115,-0.346866,-0.734760,-19.509914,148.192340
64.270668,-0.289647,-0.337316,-0.651386,-19.440782,143.343829
59.856059,-0.763838,-0.341182,-1.199276,-19.485496,146.866040
59.835794,-0.906613,-0.342507,-0.811071,-19.492040,146.450042
61.375075,-0.525665,-0.336302,-1.377869,-19.490869,146.386006
63.279337,-0.332409,-0.333101,-1.051378,-19.463145,146.348500
60.909587,-0.376954,-0.336854,-1.443601,-19.530839,151.414091
56.398169,-0.999411,-0.340621,-1.281514,-19.517553,147.868256
61.866032,-0.187380,-0.347522,-1.212660,-19.521584,148.560581
62.070135,-0.640729,-0.340887,-0.320804,-19.500012,148.238794
61.432648,-0.987857,-0.340019,-0.198673,-19.519098,148.741634
64.738688,-0.156890,-0.348435,-0.608903,-19.428603,142.308670
57.264716,-1.184090,-0.343247,-0.945309,-19.477503,145.622978
61.679736,-0.491855,-0.341108,-1.447609,-19.483725,146.727079
61.705372,-0.937957,-0.339536,-0.591775,-19.446537,144.996416
62.160062,-1.138374,-0.343623,-0.161725,-19.487680,145.692944
55.657430,-1.052606,-0.333369,-1.414998,-19.485043,147.319136
55.401014,-1.246623,-0.337300,-0.865996,-19.537180,150.250961
62.590016,-0.316968,-0.347767,-0.828028,-19.488332,147.349653
60.023749,-0.558814,-0.343557,-1.094480,-19.540975,150.294470
58.553678,-0.635171,-0.347985,-1.149076,-19.571400,151.638753
59.780962,-0.627978,-0.345480,-1.102014,-19.532712,148.311028
63.373521,-0.475754,-0.340154,-0.273263,-19.465869,145.210979
58.139012,-0.887392,-0.348886,-1.213505,-19.507218,147.882874
60.198859,-1.739863,-0.341903,-0.164711,-19.503884,146.867046
63.313103,-0.218825,-0.339218,-1.379140,-19.473338,145.619080
60.838453,-0.579759,-0.340148,-0.302431,-19.547159,151.699167
62.509203,-0.118851,-0.341971,-0.678948,-19.506930,147.624201
60.793209,-0.825406,-0.343004,-1.054239,-19.448539,144.242734
57.953941,-1.016424,-0.349167,-1.062610,-19.487404,146.336894
59.101578,-1.074574,-0.340607,-0.619605,-19.513829,147.403130
61.329927,-0.286962,-0.345967,-0.444163,-19.544846,150.471109
64.264940,-0.118729,-0.347341,-1.407913,-19.446860,143.722728
62.525553,-0.560484,-0.340439,-0.345184,-19.494867,146.920679
60.293849,-0.203769,-0.338552,-1.072075,-19.583274,152.524558
62.288544,-0.325157,-0.343710,-1.085143,-19.494695,147.186559
61.248044,-0.617204,-0.342114,-0.360683,-19.531469,148.834413
59.752710,-0.393481,-0.343300,-1.482275,-19.569126,152.446089
64.098111,-0.007165,-0.334077,-0.694243,-19.459283,145.169864
63.000789,-0.344926,-0.340476,-0.455314,-19.481146,146.538971
62.570427,-0.131586,-0.336883,-1.406913,-19.507015,148.098921
59.161161,-0.972236,-0.338751,-0.477229,-19.554627,150.408512
52.179157,-1.319232,-0.340651,-1.405902,-19.477703,145.807745
58.217332,-0.989509,-0.345703,-1.104057,-19.490504,146.148261
60.885323,-0.080596,-0.347191,-0.247980,-19.563061,151.646415
62.605493,-1.182296,-0.338425,-0.165335,-19.461557,144.749663
59.680411,-1.041661,-0.338440,-0.946331,-19.432514,142.621830
57.928600,-0.980217,-0.337028,-1.029461,-19.502701,147.509447
53.646060,-1.461261,-0.341127,-1.026396,-19.471888,145.346062
59.106121,-1.066349,-0.334780,-0.760788,-19.476742,146.758160
60.995750,-0.327841,-0.349911,-0.209041,-19.552659,150.334852
59.027191,-1.208305,-0.341620,-0.605815,-19.484151,146.280342
60.501891,-0.566931,-0.339333,-0.564542,-19.547275,151.306656
59.734111,-0.810494,-0.338860,-1.307424,-19.457605,144.161548
61.849326,-1.241318,-0.336398,-0.233406,-19.465971,145.255746
62.182554,-0.440345,-0.340967,-0.926768,-19.486235,146.818984
61.801610,-0.370631,-0.346183,-0.252570,-19.527536,148.214134
62.026637,-0.671967,-0.339096,-0.345097,-19.501111,148.647040
60.824839,-0.956669,-0.347538,-0.205549,-19.537762,150.184861
61.469088,-0.234561,-0.342362,-1.436475,-19.531570,149.734457
53.350291,-1.079494,-0.335451,-1.459002,-19.556924,151.334916
63.218074,-1.017291,-0.335833,-0.138735,-19.463825,145.307656
60.859349,-0.032414,-0.344226,-0.494330,-19.565370,152.053017
61.272147,-0.369933,-0.340684,-0.348654,-19.548060,150.255685
62.841649,-0.373005,-0.340473,-0.117777,-19.491624,147.339799
51.215648,-1.878978,-0.333374,-0.849460,-19.406340,141.085273
61.319477,-0.645582,-0.339585,-0.666114,-19.500676,148.250593
62.462851,-0.359478,-0.333993,-1.094597,-19.489067,147.653015
62.509035,-0.585650,-0.345782,-1.483723,-19.431062,142.147037
61.109560,-1.281631,-0.338813,-0.329109,-19.463308,145.541552
61.151144,-0.380886,-0.346941,-0.649811,-19.535572,149.679510
63.723636,-0.200853,-0.344382,-0.983741,-19.457439,143.777328
60.102679,-0.778159,-0.340976,-1.246056,-19.469966,146.045136
61.192399,-0.519488,-0.344270,-0.987627,-19.511848,147.702592
61.032427,-0.559730,-0.338070,-0.961790,-19.513253,148.321740
61.990794,-0.531422,-0.343318,-1.358453,-19.462201,145.553305
59.901248,-0.384987,-0.344635,-1.481399,-19.562987,151.213004
60.887435,-0.704763,-0.343665,-0.959369,-19.486355,147.034952
59.712641,-0.411831,-0.347000,-1.378027,-19.568712,151.454560
61.167336,-0.971905,-0.340795,-0.348438,-19.500923,148.284243
58.294659,-1.849901,-0.332402,-0.285502,-19.498449,147.448806
62.392564,-0.022134,-0.351544,-0.777531,-19.506682,146.878430
59.383220,-0.878405,-0.342621,-1.003404,-19.488080,145.963684
59.490792,-0.459585,-0.349639,-1.250064,-19.568826,152.304137
57.890149,-0.910331,-0.341320,-1.072312,-19.525668,149.568272
60.921721,-0.723493,-0.339795,-0.363278,-19.535211,149.311315
59.203918,-0.843266,-0.330179,-1.113767,-19.485043,147.203861
57.562192,-0.891455,-0.336284,-1.187744,-19.525058,148.991342
62.971650,-0.475232,-0.353744,-0.354420,-19.473988,145.139948
59.796622,-0.248009,-0.338429,-1.283227,-19.595376,153.635868
61.523867,-0.360299,-0.347205,-1.496259,-19.507128,147.889813
61.968218,-0.354379,-0.345291,-1.428115,-19.490707,146.711887
62.666742,-0.179738,-0.345004,-0.825526,-19.496389,147.633419
58.664967,-0.746853,-0.339250,-1.229310,-19.528847,150.237424
59.227414,-2.272368,-0.344858,-0.132936,-19.518813,147.140534
64.200983,-0.020830,-0.343129,-0.637006,-19.452731,143.413983
62.205710,-0.241727,-0.336678,-0.232504,-19.517155,149.673567
62.426686,-0.450234,-0.337722,-0.408193,-19.503603,147.781069
63.993242,-0.663507,-0.339320,-0.649280,-19.410178,141.550382
52.463065,-1.281095,-0.351882,-1.375094,-19.517397,148.125123
57.733438,-1.641481,-0.340410,-0.273578,-19.558231,150.430666
57.216878,-1.526338,-0.347621,-0.267129,-19.598767,153.660582
64.098359,-0.049155,-0.337666,-1.428457,-19.449938,144.060171
63.211354,-0.575997,-0.341021,-0.413244,-19.464976,144.580671
63.933708,-0.941607,-0.335839,-0.236530,-19.428284,143.317133
63.378179,-0.198971,-0.350279,-1.146295,-19.467763,144.735499
63.264930,-0.785256,-0.341342,-0.279874,-19.453066,144.364702
60.451556,-0.380849,-0.345519,-1.438130,-19.548654,150.113585
63.557914,-0.056961,-0.338757,-0.522370,-19.473274,145.447427
62.837489,-0.552843,-0.336028,-0.420612,-19.470985,147.229123
67.120956,-0.094581,-0.333228,-1.176706,-19.354697,138.101306
59.520188,-1.460885,-0.337960,-0.180762,-19.547714,150.897174
51.164023,-1.282927,-0.337849,-1.494531,-19.513965,148.248901
54.903534,-1.186618,-0.340739,-1.298543,-19.475680,145.932609
62.666422,-0.198089,-0.346226,-0.593267,-19.502676,147.198292
61.878625,-0.851196,-0.348884,-0.152073,-19.512747,148.149427
58.870544,-0.864541,-0.348405,-1.149577,-19.498618,146.866052
60.298901,-0.869312,-0.332942,-0.497860,-19.520955,149.277157
52.643301,-1.241974,-0.326747,-1.110472,-19.563925,153.547627
53.996309,-1.330296,-0.339106,-0.878705,-19.548846,150.237611
61.019909,-0.739642,-0.352151,-0.221052,-19.535125,149.339455
64.414684,-0.019060,-0.335961,-0.456665,-19.449145,143.488674
59.319251,-0.735755,-0.342390,-0.890071,-19.542849,150.204616
59.132788,-0.925290,-0.339160,-1.098497,-19.471783,145.072814
61.703864,-1.155707,-0.340835,-0.301142,-19.477933,144.979141
62.959624,-0.315961,-0.341042,-1.191501,-19.470294,145.719992
63.379210,-0.422668,-0.339901,-0.810461,-19.451165,144.417290
58.845310,-0.692411,-0.348037,-1.366914,-19.531798,148.727323
61.077142,-0.491080,-0.341917,-0.564892,-19.537109,150.212145
61.279216,-0.384560,-0.339697,-0.870464,-19.533781,149.964014
53.463788,-1.067243,-0.335662,-1.448684,-19.559817,151.540410
61.769182,-1.735393,-0.337424,-0.128118,-19.476970,144.907701
62.378749,-0.148568,-0.345624,-0.772733,-19.509967,148.053456
60.231622,-0.629190,-0.335784,-0.731286,-19.539731,150.471157
63.796584,-0.826098,-0.335854,-0.285337,-19.432833,144.253060
53.978750,-1.465611,-0.338404,-0.969540,-19.470000,144.836505
62.844718,-0.399424,-0.342722,-0.737375,-19.480157,146.651218
60.369829,-0.834659,-0.338939,-1.321215,-19.429347,142.919018
60.899301,-1.089097,-0.341496,-0.484038,-19.468891,145.033474
63.214608,-1.085820,-0.331809,-0.361198,-19.415774,142.825429
62.379630,-0.354653,-0.337137,-0.180601,-19.507837,148.209824
60.601672,-0.877197,-0.344752,-0.764961,-19.480534,145.247961
62.812769,-0.570815,-0.339502,-0.960641,-19.443465,144.913941
61.460777,-0.460811,-0.345574,-0.448116,-19.536283,148.786788
59.501293,-1.044718,-0.342286,-0.546539,-19.512336,148.112302
62.088799,-0.522046,-0.341993,-1.454468,-19.461959,144.934929
60.703748,-0.471394,-0.343037,-1.376750,-19.517900,148.416991
58.575100,-1.467162,-0.333177,-0.232022,-19.555721,152.507247
56.140656,-1.525944,-0.351197,-0.575369,-19.531350,149.442000
60.548969,-0.982299,-0.348536,-0.332230,-19.516033,149.118902
61.639684,-0.454827,-0.342019,-0.680753,-19.520654,148.125788
60.404422,-0.294130,-0.349968,-0.940937,-19.569681,151.015288
59.495884,-0.657343,-0.332439,-1.165323,-19.524440,150.301376
60.129891,-0.677899,-0.340783,-0.978854,-19.511989,149.012759
60.602912,-0.444666,-0.344127,-0.904548,-19.547387,150.366565
61.072798,-0.685276,-0.332183,-0.107142,-19.547413,150.972783
61.590707,-0.467355,-0.342236,-1.487549,-19.487332,146.465798
61.526212,-0.475528,-0.341952,-1.377429,-19.497917,147.172930
64.475898,-0.171304,-0.339960,-0.452294,-19.438649,143.856077
60.849916,-0.577391,-0.336461,-0.747564,-19.527709,149.304077
62.564108,-0.264638,-0.342271,-1.427958,-19.487383,147.051145
62.474536,-0.201277,-0.346360,-1.293894,-19.501626,146.425725
60.441972,-1.053762,-0.353068,-0.278637,-19.522827,148.870303
60.120437,-0.630048,-0.337792,-1.193895,-19.518336,149.409810
60.325009,-1.799412,-0.342933,-0.149556,-19.508675,147.057486
64.743747,-0.569936,-0.336415,-0.506306,-19.405542,141.603908
61.456844,-0.061011,-0.338246,-0.275968,-19.544230,151.256695
59.750226,-0.580097,-0.347486,-1.113996,-19.543218,150.313141
66.796310,-0.119820,-0.333689,-0.800560,-19.365054,139.211822
53.865116,-1.204159,-0.345539,-1.314483,-19.514258,148.081152
59.432792,-1.251607,-0.342438,-0.329347,-19.538154,149.288999
60.582493,-1.113450,-0.336237,-0.127541,-19.552453,151.147225
61.554410,-0.527027,-0.345966,-0.819317,-19.499451,147.193193
61.657225,-0.221710,-0.343041,-1.089434,-19.527850,148.754258
61.188387,-0.516485,-0.341878,-0.513596,-19.535404,150.029534
59.491565,-0.686715,-0.352993,-1.303445,-19.516132,147.534925
61.663117,-1.159803,-0.346754,-0.297033,-19.472799,144.928541
62.752620,-0.066889,-0.344497,-0.792797,-19.502697,146.569175
62.205619,-0.600166,-0.341289,-0.273414,-19.497316,147.842373
62.102463,-0.580433,-0.334149,-0.300410,-19.505003,149.656436
63.343596,-0.320165,-0.329470,-0.994350,-19.465703,145.948111
54.692739,-1.298052,-0.339841,-0.672684,-19.599876,154.735494
52.091941,-1.264363,-0.338515,-1.409806,-19.511990,148.071006
52.107620,-1.645594,-0.340821,-0.906516,-19.479498,145.687218
62.070220,-0.348274,-0.341478,-0.504444,-19.513816,149.518063
62.200830,-0.671612,-0.347907,-0.208001,-19.501787,147.471166
58.927361,-0.833320,-0.349913,-1.241959,-19.493191,146.344860
62.319372,-0.346152,-0.328041,-1.112801,-19.495431,148.132618
57.908171,-0.898656,-0.337111,-1.189725,-19.510960,148.565553
52.638433,-1.284816,-0.337858,-1.160552,-19.549786,150.302756
61.866755,-0.516018,-0.353344,-0.835318,-19.488255,145.821374
63.208829,-0.062603,-0.337685,-0.438660,-19.487082,146.453985
55.379426,-1.152638,-0.330844,-1.000369,-19.535970,150.556830
59.659558,-0.743115,-0.339839,-1.082344,-19.509529,148.080501
64.213189,-0.275766,-0.337465,-0.574280,-19.442450,144.122163
60.791143,-0.592892,-0.345747,-1.126796,-19.497028,146.823838
62.646752,-0.234761,-0.344054,-0.730821,-19.497665,147.336296
61.845250,-0.637638,-0.343424,-0.902501,-19.472154,145.150665
61.872788,-0.163605,-0.333447,-0.492498,-19.530476,149.949703
60.421027,-0.016591,-0.352694,-0.156025,-19.576895,152.418492
54.459497,-1.056441,-0.336195,-1.386095,-19.531902,149.731095
63.092250,-1.181911,-0.339856,-0.104765,-19.465129,144.313828
59.469853,-0.838123,-0.335903,-1.054760,-19.490826,148.231881
57.877754,-0.765222,-0.337560,-0.472891,-19.626706,156.995453
63.066771,-0.149235,-0.326171,-0.871787,-19.488837,148.248042
59.281321,-1.309850,-0.339080,-0.411473,-19.507031,147.152915
63.093127,-0.081222,-0.341000,-1.171726,-19.490661,147.438399
59.521036,-1.068704,-0.333839,-0.785802,-19.467299,145.779513
58.271659,-1.257877,-0.337814,-1.033174,-19.384099,140.411402
63.703777,-1.600941,-0.338598,-0.261669,-19.359514,138.314282
63.826074,-0.842065,-0.335077,-0.154538,-19.448246,143.464602
60.694067,-0.884270,-0.336644,-0.472899,-19.511069,148.003045
61.420918,-0.153925,-0.346898,-1.440173,-19.542455,150.487739
63.045939,-0.888202,-0.340066,-0.131237,-19.477067,146.010081
60.310416,-0.895617,-0.347034,-0.642890,-19.502709,146.873283
61.059062,-0.625637,-0.342757,-1.280263,-19.474161,145.677081
58.376320,-1.010630,-0.353391,-0.823603,-19.521465,148.208410
57.803445,-1.327715,-0.344086,-0.175482,-19.624584,156.511354
55.782683,-1.697115,-0.336625,-0.486360,-19.507203,148.094807
61.607691,-1.133146,-0.338796,-0.358710,-19.465631,144.942437
61.147368,-0.338487,-0.346598,-0.875786,-19.544069,149.307707
62.397353,-0.339762,-0.344017,-0.516466,-19.508802,148.006275
60.986496,-0.662229,-0.342465,-1.104163,-19.478430,146.565550
60.437961,-0.450517,-0.343680,-1.221706,-19.541710,150.604814
61.170522,-0.543835,-0.345333,-1.370233,-19.491388,146.513258
60.682126,-1.405230,-0.339646,-0.249626,-19.492951,146.740721
63.475840,-0.055359,-0.337328,-0.959653,-19.471243,146.084618
60.781915,-0.264746,-0.328987,-1.360087,-19.557881,152.927661
62.920174,-0.519574,-0.343790,-0.457036,-19.467521,145.822781
62.527343,-0.106065,-0.343663,-1.491035,-19.500267,147.403477
62.303188,-0.193250,-0.341992,-1.398640,-19.504797,148.322296
63.190191,-0.059469,-0.353024,-1.120794,-19.480903,145.624288
60.486782,-0.374213,-0.351454,-1.236145,-19.549962,150.258768
60.091939,-0.790540,-0.341244,-0.970560,-19.491169,147.143726
60.929226,-1.494445,-0.339346,-0.108633,-19.522352,148.722207
63.862966,-0.298559,-0.340037,-0.337560,-19.456916,144.386514
60.486822,-0.123260,-0.339759,-0.243449,-19.574705,152.892166
62.574455,-0.283690,-0.354884,-0.279526,-19.497859,146.467226
61.951462,-0.051408,-0.340054,-0.614599,-19.529953,150.314250
53.235439,-1.244475,-0.343523,-1.284544,-19.517199,148.192636
60.488969,-0.567891,-0.350781,-1.165225,-19.522093,147.915182
60.351774,-1.001371,-0.336221,-0.284446,-19.538466,149.786651
60.784159,-0.706052,-0.345675,-0.610431,-19.518746,148.159167
61.797744,-0.524777,-0.340383,-0.412947,-19.511665,148.418687
58.496702,-1.230204,-0.342439,-0.498517,-19.518993,150.207125
58.789069,-0.846805,-0.353360,-0.837762,-19.550657,149.007933
62.410702,-0.808697,-0.342019,-0.437933,-19.460127,144.699113
60.341118,-1.050203,-0.340605,-0.481463,-19.499953,147.294153
63.742407,-0.934295,-0.336233,-0.243885,-19.428494,143.436386
59.816806,-1.377035,-0.345181,-0.295836,-19.510521,148.173876
62.739886,-0.185882,-0.344802,-1.042264,-19.490536,146.703998
60.607673,-0.947253,-0.345630,-0.394285,-19.515518,148.609001
52.909611,-1.243854,-0.338679,-1.343289,-19.505404,147.810636
55.686372,-1.321074,-0.343214,-0.990445,-19.470285,144.811017
63.076137,-0.005852,-0.346947,-0.167811,-19.490682,146.554135
63.048222,-0.116909,-0.350864,-1.068388,-19.485696,146.021058
59.459525,-0.916661,-0.343490,-1.046755,-19.472490,145.128049
62.435120,-0.145851,-0.341908,-1.032749,-19.508004,148.429106
60.240837,-0.533925,-0.350101,-1.353770,-19.522493,148.719111
54.674661,-1.167865,-0.338694,-1.075526,-19.546504,150.797962
62.108354,-0.263164,-0.343788,-1.064505,-19.509282,148.345988
61.718054,-0.556484,-0.342611,-0.754856,-19.496102,147.357108
59.352967,-0.737632,-0.341284,-1.083800,-19.522994,149.263505
60.754624,-0.749757,-0.326988,-1.062289,-19.468227,146.303795
63.726190,-0.109682,-0.338725,-0.191822,-19.462030,145.825885
61.867623,-0.385696,-0.332883,-1.472158,-19.491548,147.251525
62.948626,-0.327677,-0.346264,-0.138423,-19.486737,146.650940
65.029971,-0.501232,-0.342946,-0.582267,-19.392171,141.248688
60.459848,-0.499529,-0.342713,-0.943465,-19.540886,151.230190
62.593560,-0.675431,-0.347811,-0.742638,-19.456801,143.281964
52.353656,-1.160982,-0.344235,-1.291896,-19.598803,154.078168
60.629383,-1.074789,-0.336126,-0.455035,-19.489237,146.706864
60.723187,-0.598502,-0.341705,-1.214933,-19.499686,147.972764
62.017698,-0.431135,-0.329573,-0.781163,-19.500766,149.485423
62.150552,-0.488066,-0.337587,-0.783838,-19.495512,147.170295
62.392713,-0.294538,-0.339300,-0.283491,-19.506140,148.080195
62.614951,-0.011260,-0.345385,-1.433780,-19.507065,148.025122
58.829755,-0.922471,-0.335709,-1.075922,-19.484682,146.564173
64.746496,-0.849870,-0.336776,-0.274500,-19.395431,141.603220
59.765732,-1.037310,-0.344221,-0.795543,-19.467427,145.380397
61.659842,-0.656255,-0.337875,-0.532925,-19.503870,147.108228
63.606574,-0.381791,-0.342585,-0.703384,-19.452513,143.672755
62.394491,-0.400581,-0.342422,-0.893050,-19.490297,146.871904
62.811782,-0.325707,-0.343845,-0.687294,-19.479188,146.188897
60.613465,-1.020422,-0.347760,-0.505222,-19.485549,145.908337
63.732525,-0.081708,-0.345781,-1.382183,-19.466765,144.960574
62.107078,-0.865029,-0.338641,-0.720445,-19.430267,142.912464
58.497362,-1.217115,-0.341825,-0.405183,-19.551540,151.296079
52.069014,-1.545661,-0.335461,-0.908304,-19.522092,149.314997
63.403860,-0.485821,-0.331196,-0.582373,-19.458071,144.999607
63.033854,-0.438963,-0.349142,-1.105933,-19.447743,143.708795
63.958890,-0.118367,-0.338798,-0.796812,-19.458686,144.923573
60.876232,-0.277182,-0.339691,-1.270636,-19.545578,151.405358
57.221227,-0.673373,-0.342025,-1.489905,-19.587738,153.773662
60.490526,-0.624251,-0.342626,-1.170271,-19.505498,147.724331
60.960415,-1.548122,-0.339748,-0.198064,-19.480742,145.937991
63.207129,-0.238104,-0.339284,-0.394735,-19.474597,146.308761
59.315739,-0.591341,-0.338374,-1.068780,-19.556383,151.637919
63.285783,-0.618123,-0.343494,-0.383535,-19.456055,144.730900
63.844252,-0.621700,-0.341457,-0.954301,-19.398980,140.321354
61.771005,-0.215124,-0.343286,-0.702001,-19.528113,149.204688
63.500952,-0.632075,-0.349223,-0.261782,-19.464919,144.322356
61.148780,-0.565528,-0.344899,-1.319937,-19.489039,145.814472
60.717479,-0.934993,-0.339189,-0.588473,-19.483748,147.160303
60.705178,-1.313889,-0.338602,-0.319558,-19.483539,146.325514
63.595807,-0.005311,-0.333025,-0.428403,-19.474328,145.726788
62.262031,-0.087453,-0.338257,-0.160564,-19.512040,148.950241
62.657315,-0.802329,-0.340102,-0.119603,-19.495567,147.272900
61.188504,-0.051646,-0.346106,-0.597580,-19.553150,151.127688
51.315251,-1.258991,-0.343748,-1.465924,-19.539303,149.304020
59.927745,-0.226768,-0.351914,-1.062372,-19.591748,153.198142
62.875737,-0.015470,-0.343209,-1.077470,-19.489571,146.449747
61.277787,-0.123191,-0.339741,-0.828665,-19.549658,150.692914
62.643170,-0.641696,-0.343423,-0.331615,-19.481524,146.515290
59.320722,-0.954939,-0.340124,-0.640285,-19.521429,150.022161
63.854086,-0.048791,-0.341694,-1.004406,-19.460821,144.372464
61.883232,-0.536211,-0.343256,-0.414466,-19.506956,148.202463
59.499609,-1.886221,-0.337266,-0.109929,-19.546576,150.398787
63.300332,-1.598730,-0.336224,-0.103791,-19.431117,143.797449
60.785576,-1.332997,-0.345027,-0.162394,-19.523012,149.078069
63.333326,-0.209631,-0.343897,-0.658760,-19.468468,144.863497
63.752514,-0.290751,-0.338607,-0.665865,-19.462413,144.894442
56.458934,-1.566439,-0.331378,-0.690378,-19.427517,143.528891
54.589657,-1.485747,-0.349306,-0.977736,-19.454537,143.148710
64.384129,-0.184977,-0.343073,-0.603586,-19.443747,144.440145
62.164665,-0.091142,-0.359195,-0.882149,-19.510071,146.984684
58.966184,-1.220426,-0.345457,-0.743995,-19.449473,143.216515
62.780638,-0.164468,-0.343083,-1.473525,-19.492167,147.267354
59.291090,-0.851912,-0.343095,-1.052868,-19.496303,147.073704
54.007605,-1.160900,-0.333709,-1.130234,-19.556573,151.460532
63.646198,-0.011231,-0.345474,-1.202985,-19.469347,144.504239
63.476154,-0.023234,-0.342427,-0.532236,-19.475610,145.227461
61.597224,-0.334924,-0.341589,-1.256211,-19.518335,149.057288
62.077163,-0.380589,-0.335358,-1.196212,-19.496243,147.276268
64.295680,-0.174080,-0.340512,-0.470122,-19.443972,144.810794
61.251553,-0.519569,-0.342124,-1.234230,-19.497570,148.096632
61.345602,-0.263805,-0.334567,-0.688854,-19.545052,151.398448
62.659865,-0.187547,-0.345147,-0.647763,-19.498049,147.899371
60.548103,-0.722415,-0.341970,-0.986459,-19.492557,147.181323
60.177243,-1.166746,-0.343235,-0.286610,-19.531617,148.833521
56.262342,-1.074381,-0.349933,-0.806511,-19.583211,152.938903
62.106829,-0.488677,-0.339367,-1.053522,-19.482055,146.845934
63.247686,-0.447596,-0.339275,-1.109719,-19.446649,144.440606
64.318421,-0.162595,-0.334403,-0.497477,-19.446571,144.592450
62.826973,-0.492893,-0.334787,-1.229013,-19.442058,144.104350
63.199115,-0.380638,-0.333938,-0.609302,-19.474263,146.032340
63.881033,-0.143756,-0.343926,-1.156571,-19.461252,144.978779
59.407898,-0.871660,-0.339872,-1.019019,-19.493601,146.992105
62.975436,-0.735761,-0.345129,-0.114986,-19.473935,146.349058
57.300584,-0.934186,-0.345040,-1.338021,-19.504902,147.766933
61.673079,-0.264151,-0.342184,-0.709496,-19.524255,148.867796
62.234504,-0.176473,-0.339991,-1.447641,-19.515567,147.967851
64.250881,-0.229327,-0.338643,-1.493490,-19.445456,143.977517
63.049133,-0.636102,-0.344233,-0.206425,-19.476043,145.778521
55.622704,-1.763782,-0.346998,-0.515781,-19.493219,146.459725
61.465267,-0.681105,-0.341050,-1.126078,-19.458335,144.328566
58.378863,-0.902023,-0.338846,-1.052748,-19.504906,147.170662
59.412826,-1.286963,-0.343682,-0.392176,-19.512357,148.973581
52.894205,-1.429254,-0.334882,-0.923449,-19.535082,150.293560
63.659979,-0.330879,-0.339628,-0.279564,-19.461570,144.694079
62.914169,-0.417526,-0.341353,-0.685562,-19.472127,145.582464
60.728609,-0.029055,-0.338875,-1.196510,-19.570397,152.179027
62.895436,-0.282469,-0.337759,-0.837352,-19.478737,147.487554
56.115342,-1.024969,-0.340457,-1.118091,-19.542869,150.434272
57.796715,-0.756485,-0.345007,-1.183894,-19.565589,151.744629
57.624387,-2.071706,-0.342105,-0.173458,-19.560517,150.637501
62.219385,-0.553686,-0.337990,-0.500868,-19.490257,148.078086
61.909574,-0.157146,-0.341667,-1.487444,-19.528244,149.673197
61.062567,-0.710584,-0.335593,-0.460916,-19.516254,149.977752
63.352347,-0.244102,-0.343494,-1.135269,-19.459614,144.684912
61.960025,-0.254334,-0.333513,-0.192651,-19.524293,149.741000
60.558979,-0.845627,-0.350061,-0.311867,-19.537848,150.285450
60.153006,-0.840251,-0.347287,-1.005735,-19.481682,145.022249
59.469989,-0.674374,-0.335044,-0.408567,-19.587461,153.975667
59.789820,-2.133243,-0.340441,-0.149797,-19.490162,146.532192
61.794287,-0.122616,-0.334932,-0.227243,-19.535802,150.525361
61.731347,-0.064133,-0.338463,-0.168666,-19.530551,150.087830
62.876313,-0.834099,-0.339130,-0.175959,-19.473292,146.058710
61.752514,-0.329038,-0.339518,-0.196678,-19.531984,150.259869
52.591234,-1.252847,-0.343034,-1.339626,-19.524381,148.466819
61.079667,-0.113335,-0.342361,-1.348872,-19.550179,150.835646
60.500617,-0.728335,-0.342364,-0.151928,-19.565576,151.670841
62.191216,-0.152641,-0.341495,-1.014346,-19.517762,148.741275
64.488760,-0.015852,-0.345901,-1.100527,-19.438518,143.073763
61.320564,-0.384280,-0.339227,-1.093582,-19.524938,149.293614
61.429842,-0.317533,-0.348143,-1.164867,-19.519437,148.371456
60.956454,-0.721847,-0.344200,-0.256447,-19.537722,150.502847
59.764230,-1.622832,-0.339099,-0.170240,-19.535192,149.624682
61.516335,-1.499212,-0.340064,-0.117023,-19.498350,147.915882
59.400373,-1.008830,-0.349721,-0.177348,-19.584423,153.521742
63.151381,-0.420517,-0.344066,-0.452458,-19.474045,145.156272
63.196652,-0.265040,-0.336004,-0.953182,-19.476721,146.382013
56.887390,-1.402872,-0.337988,-0.766946,-19.458067,145.086581
54.882599,-1.390345,-0.346419,-1.115765,-19.443206,142.836674
63.464593,-0.052670,-0.334562,-0.339697,-19.481582,146.789036
58.658600,-0.549960,-0.347396,-0.856780,-19.598644,153.097956
62.126397,-0.538451,-0.348191,-1.062954,-19.470464,145.695631
61.937440,-1.020788,-0.339158,-0.275579,-19.483113,145.920472
57.551997,-0.954301,-0.342471,-1.311902,-19.488346,147.000244
55.510453,-1.169734,-0.336367,-0.991801,-19.530971,149.416415
60.249170,-0.436138,-0.343105,-1.057205,-19.555224,149.919732
63.589447,-0.102061,-0.340770,-0.866342,-19.469196,145.339400
63.348081,-0.206646,-0.340390,-1.282208,-19.467401,146.292566
62.629737,-0.120969,-0.342271,-1.429320,-19.498306,147.408079
58.653738,-0.902715,-0.336776,-1.047938,-19.508071,147.655726
57.258089,-0.957692,-0.338539,-0.920541,-19.552825,151.717893
61.294309,-0.637021,-0.349269,-0.575238,-19.508737,148.415163
60.557346,-0.485417,-0.343345,-0.791230,-19.546203,150.125497
61.662829,-0.616560,-0.343997,-1.077043,-19.470624,145.753173
61.702796,-0.648386,-0.341299,-0.354948,-19.514141,148.285997
59.578730,-0.770665,-0.345746,-1.327016,-19.481335,145.263709
58.807555,-0.567707,-0.338137,-1.404166,-19.564796,152.372033
61.743878,-0.618636,-0.342411,-1.114108,-19.463762,145.034491
64.732591,-0.742170,-0.339628,-0.281623,-19.410132,140.895184
61.279401,-0.544197,-0.335645,-1.085493,-19.500634,146.366501
61.658466,-0.022588,-0.346151,-0.398013,-19.541507,149.784971
63.439262,-0.307139,-0.340395,-1.224377,-19.456277,144.957031
62.082686,-0.996763,-0.337928,-0.289603,-19.481826,145.451785
62.848011,-1.621306,-0.341718,-0.119510,-19.438514,143.470704
57.874091,-0.752964,-0.346079,-1.454743,-19.538324,149.784235
60.947140,-0.434980,-0.342545,-0.947979,-19.540122,148.747274
63.153247,-0.011216,-0.338030,-0.906753,-19.494368,147.337563
62.575274,-0.475878,-0.338559,-1.296677,-19.458661,144.170682
64.623014,-0.774098,-0.349419,-0.103281,-19.423501,141.663090
59.070988,-0.943910,-0.339253,-0.749967,-19.520279,148.846198
59.679645,-0.857925,-0.337780,-1.245839,-19.450443,144.551490
59.858866,-0.967874,-0.347964,-0.828622,-19.480679,144.909651
60.337832,-1.005421,-0.351367,-0.855998,-19.448781,142.965036
51.325545,-1.463254,-0.332112,-0.952237,-19.565438,152.559326
61.248711,-0.795649,-0.337012,-0.214742,-19.530355,149.829081
62.943026,-0.831693,-0.334747,-0.438520,-19.442901,143.777628
57.577942,-0.683883,-0.345299,-0.750044,-19.626435,156.365970
61.454945,-0.532824,-0.337715,-0.844592,-19.513359,147.638711
51.973294,-1.094794,-0.338990,-1.489789,-19.595604,153.038030
56.318134,-1.192626,-0.341546,-0.730717,-19.558219,151.622034
59.102440,-1.177292,-0.344874,-0.239812,-19.571953,151.913997
60.830198,-0.557564,-0.339592,-1.256137,-19.497789,148.388200
61.618867,-0.228704,-0.340754,-1.477970,-19.528540,149.329684
62.757432,-0.316245,-0.333481,-0.700280,-19.494762,147.197763
61.163529,-0.315521,-0.348479,-0.838452,-19.537125,149.134655
63.830525,-0.121373,-0.332055,-1.305697,-19.463223,146.564586
58.348820,-1.521365,-0.344967,-0.217841,-19.570463,152.938391
61.213049,-0.759968,-0.338902,-1.208407,-19.442642,143.043789
62.897733,-0.352028,-0.334966,-0.599928,-19.489553,147.103989
59.742337,-2.163894,-0.339761,-0.158005,-19.484974,146.299739
61.759070,-0.264023,-0.347593,-1.051707,-19.526920,148.817476
61.879159,-0.006676,-0.338806,-0.196488,-19.528620,150.016429
64.347892,-0.328494,-0.340464,-0.330321,-19.439758,144.194192
59.860633,-0.821836,-0.338714,-0.640022,-19.522239,149.962811
54.711490,-1.280296,-0.344516,-1.109386,-19.494549,146.262320
62.728183,-0.247388,-0.335300,-1.106852,-19.483237,147.939920
62.966873,-0.502188,-0.344306,-0.357594,-19.479591,145.877691
59.925738,-0.668639,-0.349224,-1.149885,-19.512472,147.415011
63.244776,-0.070414,-0.340318,-0.916721,-19.481857,146.270662
60.910373,-0.078781,-0.340334,-1.330347,-19.566704,151.969934
61.491099,-0.168401,-0.345744,-1.025728,-19.530934,149.637591
62.114799,-0.873403,-0.345326,-0.333472,-19.479727,146.130604
59.381745,-2.011269,-0.334610,-0.125834,-19.532207,149.746672
61.937199,-1.317876,-0.338710,-0.122419,-19.493332,147.586491
58.094718,-0.917129,-0.349542,-0.728445,-19.565289,151.771497
61.826168,-0.680585,-0.343766,-0.390939,-19.503592,147.114217
62.899861,-0.139108,-0.337733,-0.810452,-19.495970,147.289301
56.261198,-1.517485,-0.338070,-0.683989,-19.465346,145.247144
60.056255,-1.020051,-0.341877,-0.539438,-19.501929,147.922473
62.029789,-0.174197,-0.337283,-0.625314,-19.520009,149.301637
62.977990,-0.407833,-0.342901,-1.242566,-19.464587,144.703084
63.408403,-0.015463,-0.339825,-1.352692,-19.472700,146.727734
62.328705,-0.440720,-0.343596,-0.340900,-19.502115,147.980904
61.104636,-0.704420,-0.342709,-0.479864,-19.523494,149.623060
55.755167,-1.169010,-0.333954,-1.056718,-19.508032,147.611442
57.490061,-0.710832,-0.342308,-1.416346,-19.568585,152.542387
62.015755,-0.344378,-0.347467,-0.688692,-19.514276,147.418763
65.318975,-0.070670,-0.342700,-1.166634,-19.411910,141.420218
62.528071,-0.150606,-0.340196,-0.963813,-19.501671,147.703344
58.494687,-1.137359,-0.341983,-0.785407,-19.486285,145.475204
59.762496,-1.141685,-0.351726,-0.666251,-19.471230,144.270890
62.604086,-0.005821,-0.343718,-0.317501,-19.502786,146.674210
58.114760,-0.941843,-0.332499,-0.994705,-19.506491,149.307577
60.417697,-0.604635,-0.346946,-1.499380,-19.495259,146.778271
61.937401,-0.309631,-0.355699,-0.701504,-19.515448,146.373828
59.488768,-0.689449,-0.343924,-1.238516,-19.515102,147.928227
58.958373,-0.661975,-0.340566,-1.356937,-19.533927,150.499818
60.953950,-0.868535,-0.337187,-0.883439,-19.445191,144.113329
61.586292,-0.540442,-0.342561,-0.990009,-19.496382,146.780782
61.974821,-0.552718,-0.339696,-0.342396,-19.517241,148.015031
62.879280,-0.128307,-0.347303,-1.012037,-19.491329,146.067320
63.333329,-0.522230,-0.338140,-0.985881,-19.434633,143.147230
61.620444,-1.697463,-0.342760,-0.126285,-19.480495,145.581263
64.176433,-1.832292,-0.340697,-0.120705,-19.391173,139.957415
57.138179,-0.657936,-0.345187,-1.460539,-19.601100,153.865539
61.425943,-0.162279,-0.342242,-0.498779,-19.543579,150.100337
62.918972,-0.050573,-0.333192,-0.942989,-19.499090,147.344937
62.018136,-0.218632,-0.339471,-1.140982,-19.518002,148.656176
59.637304,-0.916655,-0.347258,-0.354023,-19.559333,151.805335
62.108729,-0.189155,-0.347413,-0.398364,-19.518456,148.575534
61.333177,-0.656858,-0.342103,-1.447749,-19.453404,144.488724
60.722819,-0.906627,-0.337272,-0.764320,-19.464681,145.014083
59.430397,-0.783153,-0.350232,-1.251629,-19.497307,146.549394
55.898569,-1.006569,-0.341841,-1.276183,-19.529248,150.116829
59.914557,-1.276998,-0.348147,-0.160483,-19.553634,150.899945
58.844813,-1.255038,-0.336599,-0.551062,-19.495371,147.318660
61.879728,-0.279524,-0.342130,-0.739695,-19.517265,149.018152
63.637396,-1.037726,-0.338093,-0.131711,-19.446143,143.504034
53.731273,-1.138044,-0.339444,-1.305911,-19.550542,150.322286
61.119174,-0.779889,-0.350327,-0.229145,-19.536405,149.071876
61.963896,-0.764165,-0.337808,-0.238203,-19.497395,148.400879
60.448919,-0.539467,-0.345460,-0.453435,-19.561195,150.568457
61.243585,-0.040824,-0.350490,-1.283223,-19.547125,150.063616
60.677194,-0.492384,-0.346495,-0.419174,-19.553560,150.475961
63.617846,-0.003168,-0.346813,-1.379713,-19.464806,144.758248
63.600169,-0.539950,-0.346902,-0.208960,-19.456244,144.172884
60.358602,-1.012839,-0.343307,-0.251336,-19.534282,150.103377
63.025052,-0.520596,-0.338147,-1.418742,-19.424581,142.120704
62.209022,-0.603625,-0.334304,-0.351471,-19.500645,147.545459
59.962237,-1.359579,-0.344482,-0.259006,-19.523239,148.692476
62.489973,-0.375817,-0.353786,-0.947502,-19.484883,145.689299
61.691287,-0.210201,-0.339713,-0.295091,-19.537744,150.461910
61.414895,-0.814321,-0.342593,-0.714575,-19.467903,145.386465
60.346999,-0.574051,-0.341125,-1.400179,-19.512585,148.385117
56.695950,-1.297460,-0.341845,-0.825688,-19.484770,145.845135
62.526364,-0.073214,-0.333422,-0.687692,-19.499949,148.612031
62.643249,-0.352445,-0.341914,-1.286435,-19.478464,146.070820
61.469822,-0.508778,-0.341859,-1.311330,-19.490504,147.228746
64.332153,-0.128078,-0.349976,-0.571686,-19.438667,143.188964
60.820982,-0.484610,-0.347370,-0.612405,-19.548029,149.817984
65.433778,-0.041710,-0.343535,-1.479768,-19.411120,140.985346
61.791978,-0.843429,-0.345904,-0.406712,-19.488052,146.682215
61.317071,-1.978031,-0.336495,-0.107793,-19.479113,146.963181
60.867325,-1.046370,-0.332453,-0.297509,-19.510805,149.072208
63.495814,-0.335906,-0.338637,-1.266410,-19.452451,144.358201
60.181009,-0.504475,-0.343334,-1.171674,-19.535719,150.143930
60.681776,-0.294882,-0.334480,-1.192016,-19.555219,152.411574
56.146189,-1.750658,-0.338844,-0.507283,-19.477302,145.857944
59.783557,-1.300182,-0.337636,-0.535018,-19.447581,145.039029
62.727671,-0.399413,-0.338324,-0.157017,-19.494773,147.142542
61.331363,-0.285333,-0.341484,-0.998256,-19.533895,150.524061
62.925670,-0.087861,-0.346890,-1.217129,-19.485125,147.127486
63.091234,-0.376006,-0.336264,-0.847755,-19.469810,146.101591
60.981642,-0.474199,-0.347903,-1.066896,-19.515721,149.033702
59.044589,-0.815095,-0.331816,-1.284596,-19.483298,147.363519
57.859889,-0.691822,-0.342714,-1.118585,-19.583413,153.711659
61.695987,-0.276601,-0.347955,-0.771736,-19.521806,147.977488
63.542721,-0.119289,-0.338592,-1.480486,-19.467857,145.791743
60.976713,-0.360871,-0.347553,-0.923313,-19.534741,150.163077
58.145748,-0.867859,-0.344794,-1.201112,-19.519915,147.920207
59.122370,-0.796326,-0.347453,-1.246495,-19.506093,146.514198
62.732623,-0.199494,-0.344957,-0.437917,-19.495782,147.023305
60.425638,-0.714469,-0.340201,-0.803085,-19.506502,147.837396
62.052953,-0.819111,-0.353376,-0.654164,-19.453453,142.752569
63.305970,-0.233631,-0.342370,-1.254260,-19.465971,145.198423
62.992308,-0.282688,-0.337275,-1.187007,-19.483491,145.827143
62.512995,-0.451437,-0.337190,-1.112982,-19.469284,146.282594
62.847937,-0.371123,-0.348867,-1.419344,-19.459295,144.623759
58.047736,-1.214322,-0.343686,-0.341773,-19.587041,153.279327
61.819098,-0.227949,-0.347350,-0.278732,-19.529076,149.048395
64.328875,-0.115685,-0.333574,-1.375614,-19.448552,144.994229
59.723227,-1.080138,-0.335904,-0.515451,-19.499525,148.218715
59.730441,-2.108501,-0.347881,-0.103425,-19.530289,149.138132
64.221182,-0.736261,-0.344911,-0.133999,-19.440588,143.195205
59.846561,-0.651319,-0.344527,-0.813176,-19.543017,149.275176
60.785671,-0.759633,-0.338460,-0.818074,-19.492191,146.401462
62.305759,-0.439431,-0.336827,-0.139708,-19.512069,148.256258
60.699396,-0.937551,-0.349492,-0.567883,-19.493132,145.330923
58.210003,-1.245707,-0.353101,-0.601133,-19.513702,147.438773
63.784590,-0.197284,-0.343534,-0.140259,-19.469130,144.496178
58.876485,-0.897926,-0.345857,-0.624991,-19.552453,150.849837
59.443491,-0.732879,-0.332374,-1.156698,-19.506276,149.097156
58.817313,-0.802063,-0.343886,-0.923040,-19.535077,149.872668
53.328710,-1.197939,-0.339093,-1.298862,-19.526680,150.045081
59.347103,-1.209284,-0.357823,-0.146728,-19.589932,152.419389
57.194164,-0.901887,-0.342744,-1.295581,-19.531328,147.860149
59.521672,-0.380956,-0.342550,-1.249101,-19.585321,153.496861
61.594200,-0.663316,-0.338526,-0.521557,-19.500428,147.861927
53.575948,-1.557235,-0.347746,-0.723713,-19.556245,150.449918
62.610088,-0.340767,-0.338362,-1.275182,-19.478009,146.953123
60.629880,-0.570025,-0.343090,-0.887236,-19.525270,149.349335
60.557563,-0.483682,-0.343531,-0.667186,-19.553975,150.434744
62.065616,-0.208615,-0.350058,-0.624954,-19.517708,148.253301
62.564418,-0.328612,-0.339795,-0.891333,-19.494143,147.491108
65.102240,-0.107515,-0.334338,-0.254007,-19.417877,142.830813
63.841241,-0.659383,-0.343772,-0.223983,-19.453705,144.457236
61.018233,-0.520734,-0.334454,-0.896297,-19.520213,149.968145
61.563934,-0.729053,-0.332724,-0.918004,-19.459311,144.986149
62.463943,-0.465975,-0.326234,-0.157320,-19.512187,149.444483
59.494884,-1.698155,-0.336860,-0.189334,-19.521830,149.454282
63.651551,-0.184432,-0.349352,-0.328687,-19.466648,145.466076
63.760438,-0.289768,-0.340860,-0.539929,-19.462739,144.924195
63.616833,-0.394213,-0.352116,-0.100162,-19.466702,144.713930
59.969042,-0.444937,-0.336545,-1.411812,-19.552168,151.585241
55.137338,-1.515339,-0.337214,-0.857819,-19.448586,143.458548
62.300844,-0.070791,-0.343174,-0.687058,-19.518897,148.771398
58.229477,-0.789293,-0.344259,-1.205750,-19.535570,149.657053
61.019517,-0.121969,-0.337945,-1.225193,-19.554847,151.787454
63.558771,-0.307769,-0.344830,-0.225010,-19.464767,145.090934
63.560408,-0.477002,-0.348463,-0.783054,-19.444033,143.126849
62.387502,-0.388841,-0.344344,-1.157230,-19.483618,146.237627
62.669661,-0.705873,-0.356502,-0.577022,-19.451751,143.377236
62.342012,-1.559548,-0.339926,-0.138008,-19.461018,144.588235
61.547778,-0.450279,-0.337980,-1.323661,-19.495416,147.255912
62.068012,-0.810713,-0.344347,-0.305821,-19.488233,145.779527
64.117330,-0.319397,-0.355536,-0.694446,-19.440186,143.575401
61.370801,-0.081716,-0.332228,-0.969663,-19.547081,151.362761
51.815697,-2.341897,-0.338852,-0.439683,-19.498647,147.030203
58.767186,-1.122662,-0.343275,-0.693315,-19.497249,147.273089
59.515368,-1.094225,-0.341686,-0.318761,-19.552598,150.660096
63.084204,-0.324419,-0.352426,-1.333990,-19.454765,144.681071
64.546274,-0.146722,-0.340734,-0.964694,-19.432133,143.320059
63.727535,-0.128530,-0.343903,-0.669131,-19.468195,144.661629
65.400590,-0.381681,-0.340257,-0.218329,-19.412418,141.881948
60.404988,-0.607377,-0.330414,-0.839502,-19.526978,150.908785
61.629843,-0.180595,-0.347270,-1.479814,-19.526793,149.069690
63.633979,-0.575323,-0.342300,-0.708724,-19.430695,142.963428
63.401494,-0.084567,-0.340162,-1.075317,-19.471249,146.159948
60.690809,-0.412598,-0.344723,-0.840284,-19.553179,150.977607
55.289256,-1.081814,-0.358352,-0.884444,-19.613637,152.803169
62.452399,-0.264627,-0.335094,-1.245149,-19.497974,147.699797
61.995838,-0.615139,-0.351355,-0.520143,-19.491417,146.598190
57.974674,-1.101479,-0.343513,-0.618574,-19.542256,150.288867
62.931015,-0.533288,-0.340845,-0.739426,-19.458098,144.845278
62.010179,-0.329736,-0.345563,-1.238201,-19.501142,147.192709
61.263379,-0.378812,-0.338609,-1.327697,-19.525282,148.499210
63.814800,-0.170886,-0.341482,-0.451015,-19.464474,145.119818
62.813782,-0.492745,-0.342355,-1.189209,-19.452071,143.830129
59.096044,-0.967137,-0.341648,-0.469773,-19.559042,151.592054
62.688396,-0.290564,-0.347934,-0.144910,-19.490979,146.785507
62.889355,-0.278444,-0.336303,-1.480829,-19.477738,146.167562
59.813751,-0.773991,-0.339979,-0.258741,-19.572316,153.391693
59.826595,-1.345295,-0.347258,-0.199193,-19.545102,149.876826
63.401052,-0.995483,-0.342724,-0.166953,-19.451700,144.135166
62.549208,-0.518947,-0.341462,-0.719032,-19.474563,145.825266
59.743211,-0.663432,-0.349449,-0.902104,-19.537596,149.809058
59.847416,-0.550625,-0.338682,-0.137643,-19.589936,154.526582
61.128004,-0.260020,-0.343574,-1.318373,-19.540956,149.769268
56.472910,-1.728234,-0.347585,-0.436471,-19.514360,147.735153
63.631484,-0.371550,-0.336531,-0.332064,-19.464843,145.457177
61.039727,-0.185124,-0.344900,-1.014975,-19.551845,150.109162
61.290733,-0.264696,-0.335977,-1.418802,-19.538262,150.408549
63.699690,-0.462451,-0.341044,-0.148622,-19.466008,144.037901
55.121180,-1.187093,-0.341675,-1.172174,-19.496427,147.854307
61.168508,-0.973064,-0.349014,-0.186178,-19.529417,148.999857
53.462398,-1.542290,-0.347190,-0.794388,-19.527888,148.827500
58.348806,-0.736602,-0.345461,-1.336916,-19.538318,150.227664
60.764578,-0.860290,-0.336903,-0.702321,-19.480137,147.209727
53.332481,-1.598432,-0.350003,-0.724649,-19.554880,150.118348
63.766285,-0.346965,-0.342848,-0.602190,-19.457682,145.015875
62.048576,-0.602577,-0.349872,-1.026185,-19.460609,144.237202
62.668624,-0.480948,-0.331319,-0.708046,-19.478454,146.641351
59.970206,-0.188003,-0.345410,-0.801591,-19.595338,153.495356
58.465382,-1.102587,-0.341359,-0.528347,-19.543925,149.842313
60.036736,-0.879624,-0.342850,-0.623851,-19.514195,148.262517
60.079381,-1.042596,-0.337162,-0.290499,-19.541871,150.692490
61.365335,-0.091489,-0.347229,-0.957066,-19.550153,150.294271
60.898665,-0.739050,-0.343767,-0.779575,-19.494766,146.555967
61.495968,-0.973739,-0.339281,-0.490500,-19.467569,145.049592
57.173537,-1.880447,-0.334203,-0.221721,-19.564475,152.988409
62.763562,-0.411396,-0.349072,-0.741986,-19.470445,145.257065
62.907021,-0.522041,-0.336599,-0.118279,-19.489589,147.273985
62.348858,-0.686259,-0.339389,-0.149115,-19.493469,147.873876
60.749203,-0.575529,-0.332305,-0.681244,-19.531153,150.442383
54.479745,-1.316016,-0.338750,-1.321803,-19.419246,141.625535
57.429643,-0.962044,-0.338577,-1.045646,-19.530431,148.573669
62.119667,-0.474208,-0.338482,-1.369466,-19.473940,145.978098
63.482905,-0.196477,-0.342216,-0.767495,-19.465242,145.573048
62.590430,-0.695456,-0.344751,-0.278449,-19.483089,146.009618
62.067745,-0.524571,-0.347292,-0.277326,-19.511002,147.670167
59.624323,-0.570267,-0.347842,-0.746673,-19.571246,151.410189
61.878434,-0.826658,-0.346800,-0.746186,-19.450739,143.390700
61.715704,-2.160313,-0.338576,-0.108070,-19.456977,144.023961
61.876537,-0.371670,-0.338645,-1.379845,-19.495052,147.575942
60.739648,-1.670198,-0.347686,-0.163455,-19.500677,146.451601
63.764709,-0.298154,-0.344594,-0.614700,-19.455955,144.253209
62.378997,-0.200778,-0.342106,-0.107243,-19.514349,147.539901
58.018679,-1.500381,-0.336965,-0.659779,-19.416439,142.158302
61.570180,-0.672074,-0.351195,-0.422182,-19.511318,148.220474
58.738185,-1.331898,-0.346847,-0.227902,-19.573815,151.687427
63.665559,-0.062819,-0.341959,-1.339073,-19.468942,145.544826
65.763146,-0.292582,-0.339229,-1.483316,-19.376942,139.284534
62.460315,-0.386210,-0.344714,-0.583046,-19.495095,146.801924
58.348900,-1.010423,-0.343080,-0.949180,-19.499011,146.584343
61.269685,-1.045836,-0.330644,-0.394098,-19.483121,146.993561
61.146622,-0.231081,-0.353367,-0.867197,-19.539926,149.392059
62.986765,-0.393414,-0.344767,-0.896546,-19.468656,145.388636
62.244035,-0.422130,-0.341203,-0.718716,-19.495245,147.222637
63.459597,-0.150536,-0.351998,-0.762450,-19.463340,145.117127
55.391101,-1.416737,-0.347496,-0.575252,-19.583659,152.080350
63.920325,-0.068778,-0.343555,-1.489423,-19.459270,145.169147
61.729340,-0.387805,-0.347495,-0.170068,-19.531736,148.931044
57.932064,-1.394753,-0.346511,-0.581963,-19.487700,146.644013
57.777126,-1.527046,-0.348300,-0.257454,-19.581780,152.198792
62.429519,-0.267716,-0.336986,-0.787907,-19.507985,148.324239
63.025685,-0.363179,-0.338854,-1.097357,-19.468385,145.231368
59.139158,-0.588825,-0.338722,-1.199557,-19.558189,151.603080
65.227777,-0.515330,-0.339865,-0.434556,-19.398307,140.565121
53.474644,-2.070971,-0.333787,-0.381592,-19.559995,151.380072
63.006405,-0.226425,-0.348686,-0.599374,-19.486552,146.319268
63.256659,-0.222679,-0.347125,-1.372125,-19.468465,145.307863
60.312449,-1.840052,-0.335392,-0.124513,-19.516469,149.188717
59.703550,-1.502621,-0.346761,-0.275549,-19.509345,147.208650
61.113102,-1.653070,-0.342615,-0.103119,-19.506260,147.959382
62.584636,-0.471889,-0.342065,-0.199341,-19.499634,147.294769
61.047236,-0.251001,-0.346959,-1.102517,-19.549150,150.485018
62.939343,-0.389033,-0.343735,-0.254511,-19.484288,146.794182
59.711817,-0.698102,-0.343565,-0.609932,-19.560182,150.640890
59.427911,-1.146930,-0.345880,-0.649686,-19.480118,145.585941
60.935355,-0.135751,-0.352241,-0.276424,-19.562239,150.873492
59.655953,-0.583759,-0.348580,-1.087843,-19.550998,149.519642
59.950563,-0.559515,-0.340275,-1.317269,-19.530443,149.401238
62.114174,-0.567781,-0.340597,-0.270665,-19.512961,148.252477
54.689211,-1.139216,-0.340802,-1.374253,-19.490888,147.490850
61.193461,-1.069782,-0.350382,-0.111628,-19.532299,148.981074
54.887307,-1.365645,-0.345070,-0.931274,-19.502417,147.383466
60.638494,-0.508171,-0.340372,-1.422069,-19.513055,149.405539
62.231517,-0.988824,-0.337692,-0.313859,-19.465398,146.650079
55.083302,-1.065028,-0.352809,-1.083403,-19.582990,151.791734
61.205273,-0.536010,-0.347972,-1.282877,-19.480449,146.394037
60.583691,-0.728506,-0.345537,-0.909845,-19.501775,147.092505
62.069306,-0.759820,-0.341428,-0.252335,-19.499817,147.506821
58.699098,-0.474703,-0.354799,-0.572045,-19.614459,154.089747
58.515430,-0.705874,-0.344741,-1.260522,-19.551983,149.602134
62.233530,-0.717547,-0.337682,-0.603061,-19.467698,145.006049
60.238224,-1.581155,-0.342708,-0.259302,-19.479681,146.440162
63.473735,-0.133383,-0.335219,-0.906700,-19.474365,146.245173
60.422702,-0.797671,-0.343978,-1.185901,-19.456891,144.230553
62.615557,-0.687007,-0.340943,-0.993477,-19.423721,142.969499
60.010552,-1.112290,-0.333556,-0.121682,-19.577241,153.345685
62.781213,-0.741129,-0.347126,-0.270465,-19.476642,145.800315
62.504160,-1.389043,-0.337738,-0.161149,-19.457093,144.333321
62.664420,-0.570813,-0.343681,-0.587985,-19.465827,145.236128
63.066008,-0.615971,-0.333963,-0.449366,-19.463626,146.023032
53.264955,-1.566145,-0.342999,-1.027225,-19.431713,142.104170
59.567865,-0.773236,-0.336271,-1.365427,-19.472115,145.746110
63.224617,-0.172540,-0.336804,-1.313744,-19.485854,146.182620
62.485448,-0.071854,-0.346532,-0.617431,-19.510166,147.033505
63.664290,-1.687064,-0.340156,-0.133916,-19.403219,141.273743
63.036161,-0.244165,-0.347781,-0.198534,-19.491627,145.884206
60.532991,-0.578751,-0.348152,-0.875197,-19.534204,148.310525
62.356595,-0.511176,-0.344617,-0.257776,-19.503004,147.613913
61.349606,-1.856242,-0.337943,-0.123508,-19.479288,145.657329
61.128575,-0.215918,-0.338013,-1.239185,-19.546337,150.635447
62.197052,-1.156185,-0.341149,-0.211362,-19.469558,145.196853
62.889578,-0.483886,-0.335877,-1.182851,-19.446913,145.011366
60.508318,-0.669461,-0.339641,-0.533905,-19.540980,149.807208
57.439597,-1.648173,-0.337818,-0.481497,-19.469303,145.696443
61.720137,-0.541916,-0.347875,-0.384544,-19.509409,148.489010
60.883529,-1.271655,-0.336936,-0.227789,-19.508521,147.887652
59.340909,-1.359687,-0.338410,-0.435995,-19.485192,146.542685
63.456410,-0.316380,-0.343765,-0.557494,-19.461713,145.475393
61.832571,-0.472198,-0.338065,-0.491361,-19.522070,148.202161
60.501422,-0.706516,-0.342927,-1.058175,-19.498893,146.926871
59.286972,-1.365035,-0.333291,-0.251263,-19.542197,151.023150
61.836163,-0.905067,-0.347110,-0.246620,-19.496891,146.637890
62.439906,-0.545184,-0.341259,-1.356642,-19.449483,144.123283
62.026638,-0.284805,-0.340382,-1.429670,-19.505437,148.323476
61.627224,-0.421375,-0.343096,-1.371996,-19.488483,148.078614
57.323198,-1.611206,-0.345514,-0.359730,-19.531828,149.420827
61.344501,-0.297580,-0.348291,-1.293357,-19.525270,149.040890
60.961255,-0.439853,-0.339251,-0.286023,-19.558040,151.566063
64.209138,-0.592604,-0.342076,-0.905733,-19.392756,140.854329
59.873523,-0.908056,-0.347670,-0.607874,-19.514117,148.217380
61.161539,-0.835839,-0.335405,-0.277305,-19.527400,149.331778
61.205745,-0.653782,-0.339301,-0.724278,-19.496397,147.991731
64.833130,-0.312550,-0.338731,-0.317164,-19.428753,142.119937
62.299990,-0.167759,-0.334994,-0.116203,-19.513827,149.027321
56.866204,-1.299714,-0.336941,-0.714968,-19.505197,147.757714
64.295626,-0.276180,-0.346400,-0.605377,-19.439667,143.443229
63.299977,-0.293998,-0.348069,-1.474695,-19.461218,144.912206
61.393246,-1.453156,-0.339386,-0.193841,-19.482879,146.496812
57.559431,-1.462054,-0.338950,-0.289459,-19.574476,153.554138
61.364832,-1.725715,-0.337492,-0.107613,-19.498076,148.342807
60.420348,-0.862312,-0.339352,-0.688624,-19.491536,147.002778
59.982296,-0.399388,-0.340225,-0.967995,-19.568433,153.157034
61.972978,-0.640707,-0.351436,-0.119719,-19.516630,147.471291
63.029426,-0.315983,-0.354624,-0.377124,-19.482121,144.723782
64.775529,-0.279387,-0.341928,-0.562541,-19.423881,141.544711
62.740653,-0.329425,-0.343000,-0.228096,-19.498427,147.731672
60.874360,-0.346286,-0.339165,-0.986875,-19.545959,150.658514
61.187548,-0.487420,-0.335335,-1.060324,-19.510365,148.937543
61.826315,-0.306335,-0.345049,-0.499223,-19.524830,147.759170
55.581181,-1.186503,-0.341451,-1.123152,-19.495119,147.613686
61.803414,-0.887141,-0.349157,-0.131522,-19.516487,148.285957
56.847982,-1.097463,-0.341528,-1.228251,-19.463348,144.870585
60.620547,-0.606203,-0.345624,-1.478244,-19.478031,146.635361
63.697951,-0.476667,-0.344973,-0.368279,-19.455460,144.828486
57.599407,-1.103177,-0.344349,-0.860625,-19.515923,148.057458
59.787038,-1.203388,-0.339946,-0.460662,-19.491596,145.862827
60.889493,-1.506690,-0.345594,-0.193971,-19.482594,145.956949
64.376504,-0.097944,-0.336944,-0.452384,-19.445373,144.309435
63.252466,-0.478365,-0.341376,-0.477392,-19.464542,146.342367
58.596843,-0.779771,-0.346036,-0.803706,-19.571904,151.317234
59.446945,-1.155495,-0.339308,-0.610727,-19.488916,145.531109
57.481221,-1.980637,-0.343806,-0.282329,-19.500504,147.229768
62.802596,-0.206348,-0.338684,-0.652522,-19.494315,147.453690
58.682664,-1.193668,-0.343948,-0.492093,-19.524592,149.355875
61.660311,-0.456121,-0.345559,-0.864926,-19.505416,148.034317
62.717755,-0.664628,-0.344105,-0.138674,-19.492221,146.728617
62.119097,-0.632251,-0.350202,-0.269052,-19.492929,147.407313
60.558175,-1.179135,-0.341644,-0.299394,-19.502819,147.281512
62.791788,-0.020910,-0.350378,-1.395636,-19.492841,146.531501
63.886681,-0.291056,-0.340018,-0.274092,-19.457416,144.884761
54.112976,-1.550927,-0.342381,-0.897890,-19.456799,144.054406
60.104522,-1.035976,-0.332041,-0.984316,-19.418045,141.864967
59.481595,-0.678754,-0.343846,-1.018052,-19.537403,149.075836
62.120869,-0.232952,-0.343963,-0.148212,-19.524064,148.034869
64.218654,-1.488524,-0.337042,-0.150526,-19.394599,140.980116
63.505778,-0.316398,-0.341423,-0.458687,-19.468673,144.736212
61.447317,-0.472783,-0.344171,-0.900326,-19.514651,147.842574
63.214733,-0.007327,-0.339678,-0.774237,-19.480190,146.827116
60.899701,-1.426983,-0.338229,-0.181698,-19.505071,147.450626
62.669538,-0.514493,-0.339897,-0.451459,-19.484276,146.512185
61.028729,-1.512899,-0.339505,-0.191103,-19.489078,146.790262
61.956282,-0.524058,-0.341143,-1.210922,-19.465883,145.676862
60.942193,-1.089547,-0.339687,-0.265541,-19.510525,149.120756
52.924138,-2.167407,-0.336127,-0.452367,-19.496904,146.781504
62.903868,-0.584701,-0.346830,-0.136820,-19.483538,146.264756
63.002516,-0.446620,-0.339907,-0.172763,-19.487916,146.857717
54.899415,-1.903628,-0.339475,-0.442097,-19.517707,149.201005
61.979936,-0.057850,-0.342704,-1.052136,-19.528674,150.138289
61.869801,-0.084826,-0.337239,-0.618021,-19.524618,149.400150
61.691278,-0.099198,-0.355869,-0.378798,-19.528405,148.425675
62.608882,-0.385789,-0.341062,-0.257315,-19.499682,147.532990
64.237276,-0.411615,-0.341167,-0.188601,-19.439905,143.460873
58.570401,-1.112905,-0.338106,-0.562030,-19.533533,149.714835
62.548696,-0.178009,-0.340498,-1.483485,-19.499053,148.161087
63.647236,-0.414667,-0.339359,-0.829700,-19.438785,144.338146
55.412060,-2.143867,-0.345722,-0.275447,-19.558568,151.197412
60.725333,-0.462835,-0.336510,-0.428687,-19.561870,151.925494
60.867686,-0.475473,-0.348512,-0.201723,-19.554313,150.851826
62.072176,-0.884390,-0.342187,-0.120853,-19.502880,147.458976
61.751110,-0.579180,-0.348603,-0.688608,-19.492267,146.938741
62.045589,-0.515398,-0.341667,-0.375930,-19.502696,147.281538
61.304989,-0.566620,-0.351996,-0.304630,-19.530451,149.398597
62.690484,-0.414152,-0.336274,-0.234922,-19.495566,147.849308
61.535043,-0.048860,-0.340378,-0.264785,-19.540494,150.173052
56.879177,-1.315729,-0.339130,-0.658089,-19.517255,148.190972
63.556393,-0.423495,-0.336185,-0.358652,-19.460304,145.165625
63.102521,-0.016688,-0.354701,-1.333896,-19.484330,145.252088
60.203219,-1.379019,-0.335178,-0.146338,-19.545635,151.112839
55.651745,-1.726816,-0.340052,-0.475997,-19.515606,149.009094
61.509967,-2.131467,-0.339589,-0.110742,-19.445846,145.121467
59.039375,-0.679386,-0.336430,-0.968799,-19.560999,151.797216
59.027908,-0.679208,-0.343092,-0.639924,-19.578977,153.268147
63.950254,-0.489768,-0.340967,-0.532183,-19.438209,143.184075
61.779847,-0.593532,-0.343048,-0.483948,-19.504852,147.823942
60.287225,-0.886733,-0.344333,-0.568963,-19.511046,147.593248
63.505878,-0.419758,-0.335149,-0.106464,-19.470269,145.952219
60.221145,-0.309804,-0.330154,-1.496648,-19.565442,153.123001
60.980021,-0.987625,-0.343016,-0.482976,-19.483103,146.662773
61.908194,-0.221963,-0.345908,-0.616011,-19.529354,148.669532
55.015829,-1.255743,-0.333919,-0.917940,-19.533301,150.971468
61.722638,-0.239245,-0.350117,-0.405942,-19.527639,149.142232
56.054465,-1.059285,-0.341825,-1.498740,-19.458187,144.568758
64.376176,-0.070536,-0.340138,-1.071272,-19.435972,144.209805
60.920589,-0.979228,-0.354286,-0.555692,-19.477001,146.260568
57.277525,-0.898459,-0.340463,-1.102973,-19.545607,150.418157
62.985223,-0.901651,-0.342015,-0.244762,-19.453651,144.353971
56.139929,-2.018492,-0.343061,-0.283423,-19.549237,149.987558
62.399685,-0.434112,-0.340104,-0.168511,-19.503232,147.571523
