63.348577,-3.118250,-1.010911,-0.256803,-0.784776,-19.484872,147.084561
63.226170,-4.863277,-1.009927,-0.561820,-0.795382,-19.482366,145.996555
64.430500,-5.841383,-1.007004,-0.407621,-0.562835,-19.445461,143.385182
63.867591,-4.357639,-1.004178,-0.219434,-0.918362,-19.458728,145.201666
63.457688,-6.121935,-1.030743,-1.856275,-0.510595,-19.472953,145.527620
62.885187,-5.317716,-1.009013,-0.536871,-0.696843,-19.501595,147.212509
62.473225,-3.603053,-1.011465,-0.555285,-1.243968,-19.501993,147.952867
61.883744,-4.598601,-1.006907,-0.244266,-0.554649,-19.536420,149.866929
67.137324,-4.990989,-1.013141,-1.421906,-1.439192,-19.349261,137.978076
62.621021,-5.280015,-1.013461,-0.845221,-0.739366,-19.501247,148.768461
62.981706,-4.664155,-1.008761,-0.220799,-0.385093,-19.488618,147.048372
65.863875,-5.735623,-1.005819,-0.359446,-0.624194,-19.397246,141.075699
61.255937,-4.551000,-1.003878,-0.229469,-0.974943,-19.551439,148.958354
63.644111,-2.847497,-1.010683,-0.205257,-0.787948,-19.468126,145.227262
64.851804,-4.947718,-1.014132,-0.765809,-0.720551,-19.430712,143.256767
65.028215,-6.817144,-1.017208,-1.136306,-0.463735,-19.410781,142.347749
64.538316,-3.366073,-1.009796,-0.286111,-0.843158,-19.435027,143.808413
59.834251,-6.196469,-1.012364,-0.802750,-0.557643,-19.602585,154.477525
62.280895,-11.110936,-1.017317,-1.944272,-0.293657,-19.517544,149.985600
65.510974,-5.219547,-1.008250,-0.516477,-0.774044,-19.403123,140.395292
60.763314,-5.685150,-1.010208,-0.347649,-0.349023,-19.563658,151.580642
63.581689,-2.093110,-1.009968,-0.126380,-0.971206,-19.475424,144.876932
64.609565,-5.524816,-1.003818,-0.236423,-0.671456,-19.437343,143.783436
62.293920,-4.809287,-1.012699,-0.687730,-0.776976,-19.512242,148.099126
65.134980,-5.244467,-1.003494,-0.245270,-0.843416,-19.420272,142.974709
61.588212,-5.765937,-1.011965,-1.124204,-0.933063,-19.538531,150.743321
65.536487,-4.712312,-1.017292,-1.071886,-0.915890,-19.397406,140.480800
62.825731,-6.069675,-1.005042,-0.217682,-0.393114,-19.494051,146.888129
62.335633,-3.902746,-1.008346,-0.285357,-0.738696,-19.514726,149.709359
61.148392,-7.808177,-1.011687,-1.109917,-0.513653,-19.554224,151.218978
63.645354,-5.152709,-1.010264,-0.564197,-0.680961,-19.466726,146.063419
62.309665,-4.682489,-1.011859,-0.588765,-0.759586,-19.509786,147.492682
61.831460,-5.234412,-1.007235,-0.392176,-0.658654,-19.537939,149.031579
63.342049,-9.229962,-1.006632,-1.222688,-0.735804,-19.473176,144.252499
62.554473,-6.005433,-1.009517,-0.585728,-0.562562,-19.508875,148.601706
60.253603,-5.859840,-1.004646,-0.320000,-0.666524,-19.584973,154.338556
61.505406,-4.351571,-1.012715,-0.840117,-1.157924,-19.547256,149.887329
65.577896,-8.890737,-1.010918,-1.313517,-0.493900,-19.411171,141.965785
63.156105,-6.245722,-1.006286,-0.533494,-0.732494,-19.482114,144.478381
65.077415,-2.928575,-1.009156,-0.240183,-0.993044,-19.423465,143.695754
62.669660,-4.838089,-1.008778,-0.434172,-0.704316,-19.504533,148.277843
63.373191,-3.935084,-1.008137,-0.278277,-0.738308,-19.475650,145.158205
63.413736,-4.547719,-1.008085,-0.539920,-1.070552,-19.478589,146.495175
63.824505,-3.680017,-1.007197,-0.274335,-0.927063,-19.470637,145.983287
64.388251,-4.005036,-1.004756,-0.229624,-0.988184,-19.451369,145.522162
62.148018,-3.807048,-1.011024,-0.564262,-1.174244,-19.516702,147.646975
62.820276,-4.008207,-1.010148,-0.341910,-0.696971,-19.500034,147.077741
65.889381,-5.358404,-1.009529,-0.584150,-0.710810,-19.388224,140.108637
63.467740,-5.657369,-1.010674,-0.896200,-0.866138,-19.474343,145.877842
61.249676,-3.879374,-1.011522,-0.443105,-0.855084,-19.545413,149.851303
61.352605,-5.455150,-1.010046,-0.526290,-0.589784,-19.550683,149.685146
64.436843,-5.669486,-1.012867,-0.791652,-0.628726,-19.440795,144.026025
63.524082,-5.204231,-1.006122,-0.314302,-0.635675,-19.478792,145.455300
66.701441,-3.893845,-1.002992,-0.142739,-1.056365,-19.370081,138.579786
64.085945,-4.691858,-1.010357,-0.778472,-1.143199,-19.457935,143.410920
64.414036,-5.321098,-1.017560,-0.988303,-0.652904,-19.443566,142.346947
64.111741,-5.454998,-1.007019,-0.446027,-0.714511,-19.451245,144.229797
61.172816,-4.550811,-1.007717,-0.449203,-0.952506,-19.548150,150.072876
63.354338,-6.258278,-1.008097,-0.652042,-0.680635,-19.482769,145.389341
61.268213,-3.939009,-1.007075,-0.258369,-0.775487,-19.550699,151.279068
64.216940,-3.301814,-1.007263,-0.221409,-0.935405,-19.447588,144.008916
61.596034,-9.206893,-1.013130,-1.412838,-0.420375,-19.544164,149.094124
64.135969,-6.480605,-1.007091,-0.586711,-0.651999,-19.455112,144.800062
64.626399,-7.302731,-1.010551,-0.927041,-0.549902,-19.428358,142.362594
61.374053,-6.127087,-1.006789,-0.432964,-0.573139,-19.543312,150.067923
61.585886,-4.380043,-1.020198,-1.220906,-1.023401,-19.531909,150.102486
63.554794,-4.551321,-1.016734,-1.041848,-1.003225,-19.470187,143.816268
64.592364,-3.060576,-1.010104,-0.246703,-0.862122,-19.430502,143.326766
63.155285,-6.133383,-1.004092,-0.134855,-0.293958,-19.486688,146.855702
64.304694,-5.277215,-1.013264,-0.749612,-0.663496,-19.448296,144.287660
63.092908,-3.254752,-1.010405,-0.278555,-0.830496,-19.492984,147.745729
62.391181,-4.887428,-1.007596,-0.487128,-0.903547,-19.511639,147.349276
64.434378,-4.842852,-1.010754,-0.413120,-0.543197,-19.445022,143.732071
63.104582,-4.414924,-1.005350,-0.272261,-0.868768,-19.483645,146.108117
63.207811,-6.244251,-1.031784,-1.928844,-0.491731,-19.480973,146.258552
64.080619,-6.607277,-1.011683,-1.062877,-0.680746,-19.461465,145.785360
62.458685,-3.404594,-1.013090,-0.676182,-1.468482,-19.499695,148.718339
62.372798,-5.053704,-1.006516,-0.303762,-0.608184,-19.514655,148.366100
64.693032,-4.783288,-1.013843,-1.135147,-1.180320,-19.429472,142.990824
62.878922,-5.054573,-1.013569,-0.725346,-0.682583,-19.490949,147.770721
63.299710,-4.764421,-1.008506,-0.237490,-0.412660,-19.478101,146.271227
66.023223,-5.480643,-1.002935,-0.185658,-0.705149,-19.389367,140.130503
61.312901,-5.581923,-1.007141,-0.566857,-0.854101,-19.554071,150.009612
63.442702,-3.295681,-1.011307,-0.299616,-0.797064,-19.476878,146.006661
64.256034,-4.598227,-1.010887,-0.436187,-0.624444,-19.451843,144.432039
64.132034,-5.920827,-1.013217,-0.824266,-0.581265,-19.449114,144.539023
64.028563,-3.995219,-1.009003,-0.386692,-0.898399,-19.450728,144.155023
60.258419,-5.879541,-1.011530,-0.718909,-0.599429,-19.583043,152.809146
62.321927,-11.123916,-1.017331,-1.948833,-0.292930,-19.516253,149.902917
64.005741,-6.424985,-1.007303,-0.790083,-0.890243,-19.450263,143.164425
62.652098,-5.813036,-1.009322,-0.501209,-0.528499,-19.502526,148.010724
63.157620,-2.035552,-1.009322,-0.118761,-1.026683,-19.490852,145.697615
64.619642,-6.104794,-1.004050,-0.218740,-0.490612,-19.432661,142.586177
62.315681,-5.185376,-1.014429,-0.749814,-0.636803,-19.512846,147.862922
65.379547,-5.575738,-1.002473,-0.171586,-0.749272,-19.411057,142.482866
62.070311,-5.232355,-1.011844,-0.948664,-0.965860,-19.523660,149.171475
60.788319,-5.583661,-1.029019,-1.705985,-0.620415,-19.556943,149.917274
64.261200,-7.224167,-1.006105,-0.521016,-0.544932,-19.447839,143.476371
61.687729,-3.602941,-1.007908,-0.222484,-0.714900,-19.535028,152.010068
60.794690,-9.745052,-1.014383,-1.624555,-0.390660,-19.568952,152.024813
62.745595,-6.577905,-1.008272,-0.745236,-0.690110,-19.495405,147.647252
63.437912,-8.171436,-1.016297,-1.421472,-0.438290,-19.464188,144.848890
63.757774,-5.297764,-1.012967,-0.834755,-0.757845,-19.467968,143.895249
62.868177,-8.269859,-1.006592,-1.115076,-0.838013,-19.493273,145.738249
64.570149,-5.224041,-1.018380,-0.672939,-0.439310,-19.434461,144.125576
59.808436,-5.910042,-1.005319,-0.372430,-0.671542,-19.600228,155.219784
63.235865,-4.769118,-1.012550,-0.972786,-1.114055,-19.484666,146.271187
64.726443,-8.096404,-1.011468,-1.186195,-0.511330,-19.437028,144.445337
62.516335,-6.019560,-1.006119,-0.452044,-0.688086,-19.499543,147.050106
63.495517,-3.470967,-1.007695,-0.277673,-0.993543,-19.474612,145.866017
62.564274,-4.289167,-1.007294,-0.375987,-0.939874,-19.511146,147.716937
63.532080,-3.674192,-1.008162,-0.229054,-0.701084,-19.468723,144.703006
63.687592,-4.219444,-1.009636,-0.710971,-1.348366,-19.467111,146.560537
63.409229,-4.342084,-1.008799,-0.400216,-0.792117,-19.487491,147.462757
63.365444,-5.251345,-1.007074,-0.405979,-0.681300,-19.484116,146.622416
61.226760,-3.730490,-1.013541,-0.663554,-1.179021,-19.543799,149.662093
63.151425,-3.727173,-1.010036,-0.296376,-0.710805,-19.481410,145.483039
64.793369,-6.039712,-1.010967,-0.728610,-0.609203,-19.429386,142.503979
64.052441,-5.177841,-1.012240,-1.049315,-1.062821,-19.447947,144.509828
60.168687,-4.020372,-1.013049,-0.551846,-0.876684,-19.580119,152.378715
62.684085,-5.846920,-1.010832,-0.687736,-0.617208,-19.502958,147.071789
64.137094,-6.757549,-1.017036,-1.086754,-0.452778,-19.459061,144.757093
62.484398,-5.015046,-1.006678,-0.303678,-0.605154,-19.515812,147.505171
65.439350,-3.939533,-1.004057,-0.184574,-0.978930,-19.409618,141.524637
63.612606,-5.987080,-1.009578,-1.056579,-1.000906,-19.484372,146.864062
63.996153,-4.580336,-1.007793,-0.439049,-0.895589,-19.461931,143.849363
63.724740,-6.602304,-1.007930,-0.717970,-0.692357,-19.465865,145.063030
61.874171,-4.450657,-1.015280,-0.910234,-1.006302,-19.522279,148.554899
61.090969,-4.883634,-1.006590,-0.344998,-0.744733,-19.558930,149.235511
61.204383,-3.893761,-1.006752,-0.239368,-0.775669,-19.554184,151.328900
64.085292,-6.893600,-1.010711,-1.193488,-0.762656,-19.453523,145.468733
61.807550,-8.675843,-1.016273,-1.475753,-0.394218,-19.536962,148.457076
64.365041,-7.283226,-1.007098,-0.620252,-0.542830,-19.447086,144.307291
65.253301,-10.285463,-1.011476,-1.419439,-0.384995,-19.409360,141.616901
61.797083,-7.087904,-1.006742,-0.795924,-0.779804,-19.533482,148.416540
61.566227,-4.577644,-1.021393,-1.272572,-0.910029,-19.532592,150.659402
63.090900,-4.373623,-1.012093,-0.789891,-1.133722,-19.488040,146.047566
63.324492,-4.018953,-1.009266,-0.434741,-0.971744,-19.473546,146.469727
62.688935,-6.268354,-1.003884,-0.099229,-0.215953,-19.501982,147.909666
64.629933,-2.418237,-1.010781,-0.169750,-0.884571,-19.439462,143.117325
63.270912,-3.395232,-1.010653,-0.309537,-0.828974,-19.485560,147.258836
62.497651,-5.793560,-1.006509,-0.533396,-0.822711,-19.508559,146.526120
64.931848,-4.743683,-1.014820,-0.675796,-0.663613,-19.432167,142.823028
62.881646,-4.782315,-1.011831,-0.813272,-1.005268,-19.491851,146.258684
62.679123,-6.024228,-1.027490,-1.662562,-0.534901,-19.499900,147.330734
63.532164,-6.186346,-1.010799,-0.917494,-0.724387,-19.477988,146.635098
63.201301,-4.138042,-1.012629,-0.891707,-1.348186,-19.482921,147.288086
62.278717,-5.212867,-1.005858,-0.244996,-0.507819,-19.518112,149.065886
65.676155,-4.559820,-1.016122,-1.348661,-1.319425,-19.395649,140.638491
61.870519,-4.299748,-1.009336,-0.424922,-0.812198,-19.522962,150.499545
63.374692,-4.905105,-1.008425,-0.274350,-0.447919,-19.476089,146.086283
65.174378,-5.526634,-1.003234,-0.207631,-0.702118,-19.418165,142.194773
61.127604,-5.762800,-1.007549,-0.535427,-0.717164,-19.560070,150.249214
63.014252,-3.530052,-1.011315,-0.342922,-0.800333,-19.491845,146.966351
64.742263,-6.872164,-1.013955,-0.920092,-0.460958,-19.432367,142.686479
63.879883,-5.696566,-1.013688,-0.787604,-0.580631,-19.459677,145.078774
63.691160,-5.552781,-1.009753,-0.588992,-0.654594,-19.457236,144.785259
59.473388,-4.046259,-1.012989,-0.412659,-0.634016,-19.616659,155.371818
62.322146,-11.123452,-1.017330,-1.948722,-0.293024,-19.516244,149.902831
63.225571,-6.033159,-1.007443,-0.589730,-0.727608,-19.485622,145.796251
62.770509,-6.194196,-1.008548,-0.500937,-0.504669,-19.498455,147.495887
62.823507,-2.611103,-1.009608,-0.183433,-0.922706,-19.500337,147.197443
64.458855,-6.057776,-1.003924,-0.212623,-0.494944,-19.439803,143.119165
63.032051,-4.295778,-1.013079,-0.495401,-0.682623,-19.493313,146.090852
65.484154,-5.638061,-1.002067,-0.139975,-0.709635,-19.407830,142.156574
62.534933,-4.701256,-1.016762,-1.526527,-1.366833,-19.505388,147.997165
61.742481,-5.539182,-1.028115,-1.665336,-0.625026,-19.526631,148.941936
63.956616,-7.230475,-1.006333,-0.533699,-0.541139,-19.457935,144.155702
62.699531,-4.258358,-1.008721,-0.366686,-0.764139,-19.499707,148.106512
61.248606,-9.139430,-1.014411,-1.516245,-0.416688,-19.551241,150.956915
62.401786,-9.024222,-1.008854,-1.221587,-0.567488,-19.509145,148.348572
65.180558,-8.399452,-1.018321,-1.510297,-0.382549,-19.411793,141.528635
62.016908,-4.668769,-1.012755,-0.810294,-0.971065,-19.525469,147.461314
63.236071,-7.420527,-1.007157,-0.971583,-0.834428,-19.479969,145.093703
64.470254,-5.203769,-1.018435,-0.701212,-0.455318,-19.438091,144.349754
61.617639,-5.724274,-1.006980,-0.524737,-0.758294,-19.537925,150.459271
63.241241,-5.398191,-1.011767,-1.057170,-1.014873,-19.485432,146.481900
64.328875,-5.915091,-1.007275,-0.438358,-0.569081,-19.453243,144.429915
63.197334,-7.752229,-1.008800,-0.870413,-0.544890,-19.480025,146.440052
62.555270,-3.519028,-1.007384,-0.264216,-0.971327,-19.504531,147.688003
60.445051,-4.638609,-1.011826,-0.834696,-1.105325,-19.574452,151.707896
63.686599,-4.276294,-1.008152,-0.309177,-0.688818,-19.462583,145.094554
61.469596,-3.898856,-1.014335,-0.740848,-1.114773,-19.545444,150.595867
60.598075,-7.170461,-1.012970,-1.090798,-0.534079,-19.581625,153.649088
63.158677,-5.475991,-1.006321,-0.362637,-0.640259,-19.488103,146.387468
61.589558,-3.876587,-1.013451,-0.708974,-1.179111,-19.530645,148.690119
62.376090,-5.434574,-1.008148,-0.521149,-0.717431,-19.512027,147.663933
64.123415,-5.269932,-1.016482,-0.947584,-0.678805,-19.452119,143.571495
64.558141,-4.802321,-1.014542,-1.258995,-1.234613,-19.428329,142.764520
59.906672,-4.113154,-1.013275,-0.527171,-0.781758,-19.593052,153.651429
63.005764,-8.028980,-1.014038,-1.279665,-0.463780,-19.498226,145.682893
64.181427,-7.361169,-1.018013,-1.271612,-0.419161,-19.461328,144.750261
63.196394,-4.959324,-1.006160,-0.250733,-0.556242,-19.491530,145.839621
63.710095,-3.516275,-1.004440,-0.165305,-1.007340,-19.468387,145.888238
64.003493,-5.970153,-1.009846,-1.081930,-1.007528,-19.466442,145.641624
64.660054,-4.377470,-1.012363,-0.756980,-1.054609,-19.435996,142.355461
62.401818,-12.671343,-1.006077,-1.945366,-0.672405,-19.514779,147.040365
62.514180,-3.322629,-1.011151,-0.415137,-1.120541,-19.506392,147.156474
62.897126,-6.999464,-1.010948,-0.888382,-0.548688,-19.495829,146.368270
61.355125,-3.989291,-1.006673,-0.247461,-0.779253,-19.547655,150.818946
64.297667,-6.744864,-1.010606,-1.279149,-0.870159,-19.446706,144.771970
61.377160,-8.856773,-1.018064,-1.625309,-0.380964,-19.551560,149.677445
62.201036,-8.350570,-1.012914,-1.080059,-0.400465,-19.523495,148.177824
64.641749,-6.970682,-1.011697,-0.844729,-0.490625,-19.436998,142.915776
60.754435,-8.023185,-1.006055,-0.888361,-0.777561,-19.571543,150.725110
62.378742,-5.058398,-1.019005,-1.123329,-0.754911,-19.506475,148.821955
63.268110,-4.586312,-1.012771,-0.939642,-1.150703,-19.486228,145.757504
61.589041,-4.882467,-1.008235,-0.599536,-1.015247,-19.530888,150.359982
62.683608,-6.232386,-1.003963,-0.107963,-0.233372,-19.502136,147.891594
65.378874,-3.032043,-1.010941,-0.245495,-0.809035,-19.412398,141.525790
63.386662,-3.426227,-1.010720,-0.315146,-0.823143,-19.481466,146.883918
63.120382,-4.574255,-1.004959,-0.243056,-0.785020,-19.491936,145.964163
65.603291,-4.545827,-1.016480,-0.710252,-0.682428,-19.412170,141.174597
62.645876,-5.053761,-1.013064,-1.016107,-1.016127,-19.500868,146.661453
62.197887,-6.279141,-1.030922,-1.890156,-0.495717,-19.513861,148.391133
62.429015,-6.020212,-1.012543,-1.025667,-0.737124,-19.516506,149.197607
62.277944,-4.124486,-1.012575,-0.872690,-1.333058,-19.512949,148.770702
61.799400,-5.269260,-1.005875,-0.232938,-0.473505,-19.531815,150.673801
65.240896,-4.887036,-1.015412,-1.219167,-1.077364,-19.410263,141.836174
62.552461,-4.928610,-1.012772,-0.782922,-0.825863,-19.503366,148.805422
63.383926,-4.859007,-1.008476,-0.254673,-0.419579,-19.474998,146.049791
65.133552,-5.638340,-1.003806,-0.247522,-0.684095,-19.419602,142.279911
61.399572,-5.316104,-1.009819,-0.685740,-0.817515,-19.548400,150.093328
63.671263,-3.353380,-1.012803,-0.339806,-0.771626,-19.469607,145.543372
64.647407,-6.165522,-1.010616,-0.604836,-0.496340,-19.435074,143.003667
61.014362,-4.223628,-1.010625,-0.213247,-0.377530,-19.554281,149.727357
63.142345,-8.345422,-1.013265,-1.241582,-0.446721,-19.480913,146.638403
60.606860,-3.258070,-1.015253,-0.283441,-0.567305,-19.584120,153.614674
63.353988,-9.195786,-1.014255,-1.394587,-0.376147,-19.480881,147.172553
63.560243,-7.488903,-1.009478,-0.847537,-0.526870,-19.474339,144.676903
61.672843,-6.345969,-1.008007,-0.404414,-0.417521,-19.536540,150.056720
62.980393,-2.656572,-1.009464,-0.184769,-0.913453,-19.494676,146.861448
64.592917,-6.077509,-1.003597,-0.194318,-0.493312,-19.435092,142.783297
63.650040,-4.769651,-1.016152,-0.727936,-0.653048,-19.474487,144.568245
65.527736,-5.602997,-1.001656,-0.111989,-0.716382,-19.406136,142.064271
62.202054,-4.684993,-1.015328,-1.507292,-1.469573,-19.519800,148.955132
62.113374,-5.560781,-1.025247,-1.479983,-0.613038,-19.515355,148.314892
63.106857,-7.009772,-1.006238,-0.488634,-0.533849,-19.487585,145.615187
63.469177,-4.454367,-1.006679,-0.254922,-0.635349,-19.481839,146.475366
61.354195,-8.874588,-1.013842,-1.400061,-0.423919,-19.546703,150.371711
61.024497,-11.977875,-1.008489,-1.794016,-0.488344,-19.562247,152.358391
63.179096,-9.817125,-1.021408,-1.991823,-0.314403,-19.482773,145.457320
62.399337,-4.785508,-1.010041,-0.674096,-0.983052,-19.507705,147.481533
63.296609,-8.456557,-1.006689,-1.147350,-0.815510,-19.476675,144.739990
64.412626,-5.405536,-1.017593,-0.720615,-0.451337,-19.441971,144.383649
60.682055,-4.699266,-1.005781,-0.336879,-0.875380,-19.573368,152.798270
63.925703,-5.651132,-1.010647,-1.000895,-0.962699,-19.464349,145.230833
63.866528,-6.350951,-1.005944,-0.418378,-0.581895,-19.466404,144.783374
63.378482,-7.566665,-1.009096,-0.842503,-0.536789,-19.474459,145.908463
63.311480,-4.087081,-1.009006,-0.406543,-0.893166,-19.479588,145.827259
60.936622,-4.386333,-1.009107,-0.467827,-0.902947,-19.556972,151.076576
63.337002,-4.341287,-1.009615,-0.345566,-0.639153,-19.475733,145.310548
61.534914,-3.448873,-1.013315,-0.505110,-1.047846,-19.546367,150.590072
59.945632,-8.171567,-1.011493,-1.191770,-0.511422,-19.602267,154.910674
63.040534,-5.663184,-1.007826,-0.447540,-0.592533,-19.491100,146.814862
62.128963,-3.728191,-1.015134,-0.918546,-1.452260,-19.512492,147.213816
61.897828,-5.262689,-1.009927,-0.579891,-0.709522,-19.526232,148.472080
64.157115,-5.153071,-1.018336,-0.984615,-0.661467,-19.449582,143.872813
63.563621,-4.595093,-1.012901,-1.135599,-1.371985,-19.462808,145.431727
61.009117,-4.488507,-1.013915,-0.601784,-0.714522,-19.557395,151.572637
62.873583,-6.084937,-1.011443,-0.823299,-0.634805,-19.496937,147.528146
64.950977,-7.134015,-1.019912,-1.346190,-0.429201,-19.435599,143.044396
63.342941,-5.011047,-1.006450,-0.274137,-0.562923,-19.485050,145.607400
63.581218,-3.457033,-1.004518,-0.164849,-1.015258,-19.472327,146.231626
62.994906,-6.008469,-1.011581,-0.957785,-0.758944,-19.494479,147.594755
64.341732,-3.810123,-1.015282,-0.854880,-1.270481,-19.440287,143.116042
62.790743,-7.067720,-1.007971,-0.951628,-0.795330,-19.500661,146.694201
62.028939,-3.053685,-1.011005,-0.349775,-1.142971,-19.522117,148.084870
61.604466,-9.118388,-1.017209,-1.576614,-0.367920,-19.535526,148.812509
59.447702,-3.720178,-1.006005,-0.174731,-0.703515,-19.611703,155.233936
63.369872,-6.714028,-1.012001,-1.242620,-0.757721,-19.472419,145.819042
62.638093,-9.242774,-1.019644,-1.746676,-0.339998,-19.511593,147.011205
61.698731,-6.979626,-1.010122,-0.696683,-0.470684,-19.536008,149.198292
63.500968,-7.373886,-1.011809,-0.928439,-0.472610,-19.475823,145.323094
60.148090,-8.778879,-1.005207,-0.970130,-0.825395,-19.594319,151.829352
63.338355,-5.847389,-1.013416,-0.940937,-0.664740,-19.473383,146.827349
66.299629,-4.900502,-1.007590,-0.682825,-1.231553,-19.388093,139.049982
61.974538,-5.266087,-1.009481,-0.817467,-1.025414,-19.520382,149.264588
62.651163,-6.119462,-1.004457,-0.143848,-0.289288,-19.502835,147.872393
63.116948,-4.022341,-1.016672,-1.208838,-1.473374,-19.481179,146.025888
62.645813,-3.345214,-1.008239,-0.252708,-0.907897,-19.505823,148.315766
63.411685,-4.674940,-1.005136,-0.243190,-0.721799,-19.482730,145.393345
66.122797,-4.662471,-1.021128,-1.063980,-0.741950,-19.392174,140.623734
62.528367,-4.436742,-1.011159,-0.711690,-1.093476,-19.500700,146.534527
62.313714,-6.138271,-1.027987,-1.719284,-0.525320,-19.511297,148.009550
62.252285,-6.082740,-1.013275,-1.094008,-0.724296,-19.522892,149.588453
62.512812,-4.146413,-1.013475,-0.935666,-1.339767,-19.504170,148.192451
61.679593,-5.223401,-1.005864,-0.226478,-0.468012,-19.535676,151.015266
65.536696,-4.849971,-1.012298,-0.899773,-1.022220,-19.402599,141.071537
62.836768,-5.080362,-1.012062,-0.730368,-0.771444,-19.496805,147.782265
63.477053,-5.059519,-1.008013,-0.226043,-0.365963,-19.471962,145.851360
65.389961,-5.466640,-1.003920,-0.247525,-0.704854,-19.410915,141.723798
60.836820,-3.531927,-1.005356,-0.203679,-1.034487,-19.565124,151.493764
64.887879,-2.549679,-1.012464,-0.201937,-0.821565,-19.425703,143.245154
64.494172,-6.033101,-1.008344,-0.474960,-0.517309,-19.441064,143.493625
61.002892,-4.519852,-1.010275,-0.228060,-0.365538,-19.555298,149.931597
63.421405,-8.686268,-1.014394,-1.382410,-0.417165,-19.469498,146.213268
60.619107,-3.270848,-1.015207,-0.282676,-0.565262,-19.583732,153.581528
63.150646,-8.484743,-1.014015,-1.215708,-0.388396,-19.489882,148.247342
63.254209,-9.730015,-1.010957,-1.271044,-0.410954,-19.487898,145.334542
61.364170,-6.579323,-1.005902,-0.282746,-0.369152,-19.548114,150.938276
62.516971,-4.135436,-1.013447,-0.476392,-0.688553,-19.505321,146.645685
65.028213,-6.194975,-1.002975,-0.153174,-0.450294,-19.419688,141.621179
63.099081,-3.551075,-1.014372,-0.419576,-0.774000,-19.488973,145.179969
65.572070,-5.605841,-1.001448,-0.097186,-0.714991,-19.404682,141.968799
62.790601,-4.995187,-1.015536,-1.580107,-1.342000,-19.499646,147.425108
63.072087,-5.434597,-1.026851,-1.595163,-0.655501,-19.480998,145.935151
63.486072,-8.042857,-1.002846,-0.241782,-0.445622,-19.475576,144.063290
62.457157,-3.964617,-1.006850,-0.208780,-0.644443,-19.515537,148.920637
60.761019,-9.258999,-1.014380,-1.517928,-0.412508,-19.566212,151.121195
61.186037,-12.370428,-1.008891,-1.870170,-0.459701,-19.555895,151.990855
63.181811,-9.809732,-1.021435,-1.993771,-0.314691,-19.482628,145.410852
62.201525,-5.532236,-1.009185,-0.823031,-0.994643,-19.511447,147.426947
64.422012,-8.372590,-1.007421,-1.227349,-0.796326,-19.434251,142.209491
65.483510,-5.804278,-1.025949,-1.107179,-0.403560,-19.406955,142.384652
60.823673,-4.151583,-1.007795,-0.412234,-1.023175,-19.564531,152.526642
65.236816,-6.444314,-1.010057,-1.128240,-0.879913,-19.424608,142.271658
60.888301,-5.646856,-1.006905,-0.367009,-0.552463,-19.569291,152.884610
61.978977,-10.890476,-1.010308,-1.464621,-0.404204,-19.516904,147.355915
62.934309,-3.989280,-1.009150,-0.385293,-0.881095,-19.490059,146.292609
61.941433,-5.409977,-1.013034,-0.950638,-0.814662,-19.526837,149.512831
63.318833,-4.718094,-1.010402,-0.336955,-0.482214,-19.476138,145.237841
59.644576,-3.296369,-1.016809,-0.725117,-1.310128,-19.610315,154.353589
60.252084,-8.276051,-1.012106,-1.209563,-0.474734,-19.593312,154.626335
61.567722,-5.298560,-1.011059,-0.871251,-0.928524,-19.538021,150.265316
62.559849,-4.102371,-1.013689,-0.948840,-1.387296,-19.498304,146.663709
61.606907,-8.706677,-1.011064,-1.166973,-0.475655,-19.527984,147.538064
62.912722,-5.807930,-1.020944,-1.145758,-0.537369,-19.486373,145.700490
63.989232,-4.561374,-1.014761,-1.307059,-1.402865,-19.445994,144.152336
61.600090,-5.387960,-1.011797,-0.579254,-0.563278,-19.539066,149.728354
62.787492,-4.813199,-1.007381,-0.364487,-0.700718,-19.501943,148.333096
65.105750,-6.730313,-1.020033,-1.270965,-0.453156,-19.429832,142.673330
63.553482,-5.113798,-1.006390,-0.276823,-0.553888,-19.477633,145.110737
64.667311,-3.468821,-1.004421,-0.160574,-0.994619,-19.435477,144.128251
63.088889,-6.699852,-1.012682,-1.074531,-0.619904,-19.492168,147.650320
65.354653,-4.199564,-1.014544,-1.035241,-1.330935,-19.403043,140.843854
62.738957,-7.083194,-1.007983,-0.949605,-0.791214,-19.502238,146.790527
60.493566,-2.776849,-1.010489,-0.286903,-1.188450,-19.574338,151.853620
61.153698,-7.779345,-1.020249,-1.556113,-0.423987,-19.554739,148.395903
60.053870,-4.149588,-1.005831,-0.196961,-0.660647,-19.592469,153.645393
63.380468,-8.172646,-1.009556,-1.269627,-0.666657,-19.471731,145.021746
62.308538,-9.655285,-1.020487,-1.884135,-0.325777,-19.523590,147.724415
62.160142,-5.967790,-1.012473,-0.623848,-0.467046,-19.517417,147.847637
64.479057,-7.762514,-1.013187,-1.138253,-0.477737,-19.439367,142.720864
60.749922,-8.651959,-1.005323,-0.981385,-0.836953,-19.572595,150.592287
62.972120,-5.492919,-1.012306,-0.888441,-0.792175,-19.490650,146.958070
64.079989,-4.584436,-1.003873,-0.221840,-0.918631,-19.457278,144.235928
61.835657,-5.222392,-1.008206,-0.652506,-0.968926,-19.524719,149.908142
62.786534,-6.116089,-1.004534,-0.152244,-0.302347,-19.498589,147.514455
63.469631,-3.920950,-1.015934,-1.005965,-1.352538,-19.468074,145.016518
63.520430,-2.842014,-1.009229,-0.192504,-0.850700,-19.477527,146.717095
63.369160,-4.571021,-1.005043,-0.231807,-0.738861,-19.483949,145.221760
64.014216,-4.767257,-1.017639,-0.889352,-0.715783,-19.460304,145.241707
63.804984,-4.448040,-1.010410,-0.687017,-1.126629,-19.455986,143.063737
62.123666,-6.583139,-1.030354,-1.933963,-0.472381,-19.517551,148.684487
62.071815,-5.677186,-1.015920,-1.337413,-0.848473,-19.530403,149.959124
63.377546,-4.659823,-1.008363,-0.568076,-1.028766,-19.479669,146.571459
61.660111,-5.071820,-1.012469,-0.631659,-0.648094,-19.538308,150.876748
65.181682,-4.946002,-1.010667,-0.807060,-1.025820,-19.412638,141.834070
59.373966,-5.186514,-1.028129,-1.746333,-0.749418,-19.609949,156.148563
62.687181,-5.265220,-1.007776,-0.280645,-0.429412,-19.501922,148.026735
64.708734,-6.092448,-1.008525,-0.417541,-0.442001,-19.428891,142.074617
61.535235,-3.836501,-1.007059,-0.292351,-0.940264,-19.540155,149.687399
66.246677,-3.219036,-1.012903,-0.257339,-0.629600,-19.378842,140.136570
65.275981,-5.670663,-1.007508,-0.360087,-0.498175,-19.414267,141.840264
60.697664,-4.293178,-1.010985,-0.221961,-0.369586,-19.565828,150.630775
63.689648,-10.399423,-1.019059,-1.913863,-0.304981,-19.465529,144.703545
62.188809,-3.404057,-1.013774,-0.368385,-0.761240,-19.522215,148.505109
63.605512,-9.455871,-1.015291,-1.484359,-0.348443,-19.473946,147.219125
63.932688,-8.842469,-1.013961,-1.234973,-0.367145,-19.464995,144.534798
60.773875,-7.355973,-1.004028,-0.024756,-0.038278,-19.572606,152.280353
62.799709,-4.397198,-1.009423,-0.331198,-0.618369,-19.493568,145.480883
65.003878,-6.187216,-1.003192,-0.164299,-0.451270,-19.420463,141.665537
64.369033,-4.141775,-1.014026,-0.718125,-0.998201,-19.441942,142.365261
65.572070,-5.605841,-1.001448,-0.097186,-0.714991,-19.404682,141.968799
62.301913,-5.495208,-1.015349,-1.847045,-1.298118,-19.522272,148.938736
63.763078,-4.898101,-1.026785,-1.456452,-0.717328,-19.460798,145.892641
64.237101,-7.205888,-1.004240,-0.368252,-0.560129,-19.450617,143.469707
62.524825,-4.061144,-1.006922,-0.220589,-0.638363,-19.513098,148.695879
60.668077,-9.644130,-1.015802,-1.695208,-0.379125,-19.564827,151.936311
61.649612,-12.000790,-1.009246,-1.773866,-0.446399,-19.538080,150.277083
63.200888,-7.854986,-1.014738,-1.255036,-0.454587,-19.480126,145.503695
61.621042,-6.250029,-1.005760,-0.466884,-0.700023,-19.537536,149.705487
63.981551,-7.935810,-1.007532,-1.155411,-0.819167,-19.452886,143.462959
64.826048,-6.043067,-1.037672,-1.755941,-0.392767,-19.429562,144.057637
61.084959,-4.365234,-1.008309,-0.473421,-0.993826,-19.555800,151.796356
64.645113,-6.990621,-1.008642,-1.025730,-0.811745,-19.437708,142.776883
62.319284,-5.283904,-1.009737,-0.466542,-0.564834,-19.517553,149.120978
61.251227,-9.576597,-1.009861,-1.220037,-0.453560,-19.546805,149.895611
62.824108,-4.859507,-1.011170,-0.803320,-1.006176,-19.497919,147.103601
61.907904,-6.061900,-1.013602,-1.098441,-0.724638,-19.530197,149.756556
65.832296,-4.116235,-1.011440,-0.320695,-0.546097,-19.388413,140.122062
61.779222,-3.793923,-1.014933,-0.671743,-1.015297,-19.531544,149.675335
60.206660,-5.947466,-1.013810,-0.819427,-0.549750,-19.592062,153.375889
63.063446,-6.388415,-1.009644,-1.057754,-0.891515,-19.485675,146.208143
62.370169,-4.015450,-1.014649,-1.026308,-1.451330,-19.503983,147.015853
61.918887,-8.243452,-1.011252,-1.060850,-0.462275,-19.526797,148.113657
63.119260,-5.660104,-1.017088,-0.935063,-0.570953,-19.481973,145.404197
63.613888,-4.609270,-1.014504,-1.300470,-1.398592,-19.457828,144.911498
62.667852,-5.785131,-1.008412,-0.494033,-0.591526,-19.503037,146.721430
62.355682,-4.934211,-1.006650,-0.312888,-0.627071,-19.516729,149.467188
64.168833,-6.606193,-1.024912,-1.565558,-0.463327,-19.456387,144.151959
63.034605,-5.061355,-1.004266,-0.172754,-0.538884,-19.496461,145.703247
64.499163,-3.576407,-1.004660,-0.168919,-0.938168,-19.442116,144.298977
63.764054,-6.673823,-1.011377,-1.031605,-0.668001,-19.466912,145.493235
65.085690,-4.415337,-1.013360,-0.898144,-1.145259,-19.414119,141.747615
63.064266,-7.008914,-1.008435,-0.943443,-0.763506,-19.491218,145.779887
61.587264,-3.947006,-1.010202,-0.529385,-1.115589,-19.535774,149.300905
61.438359,-7.463376,-1.019332,-1.438379,-0.444416,-19.545319,148.209045
60.407621,-4.296386,-1.005718,-0.205646,-0.651670,-19.580940,152.931177
64.180717,-6.544049,-1.010167,-0.992421,-0.756470,-19.447354,143.671489
62.512544,-9.655836,-1.019418,-1.795968,-0.324500,-19.516308,147.123869
62.718739,-6.070678,-1.010113,-0.460564,-0.409310,-19.497911,146.472049
63.385058,-8.178716,-1.014870,-1.313666,-0.439882,-19.475223,145.152620
61.532635,-8.192061,-1.006038,-0.950430,-0.790955,-19.543359,148.920322
64.403294,-5.448456,-1.015882,-1.355766,-0.940763,-19.443333,143.778731
64.169394,-4.588484,-1.003762,-0.223336,-0.943923,-19.453875,144.120322
63.280578,-4.829458,-1.011013,-0.925651,-1.187297,-19.473513,146.342669
62.734090,-6.077573,-1.004558,-0.174715,-0.346526,-19.500056,147.704032
63.758174,-4.408032,-1.012700,-1.069227,-1.447225,-19.457995,144.896126
62.853317,-3.159745,-1.008702,-0.230076,-0.876882,-19.498781,147.790060
62.592699,-4.175474,-1.007080,-0.336654,-0.908445,-19.506573,146.993233
65.244692,-4.901639,-1.018975,-1.052304,-0.744910,-19.416068,142.207734
62.387728,-4.374206,-1.011008,-0.650380,-1.046522,-19.506534,146.015453
61.287274,-6.576399,-1.028644,-1.844328,-0.484685,-19.544455,150.578150
61.858170,-5.590858,-1.015397,-1.129896,-0.762418,-19.536927,150.484435
62.503280,-4.512601,-1.003992,-0.247099,-1.004370,-19.516143,149.708522
61.931461,-5.343205,-1.011271,-0.695105,-0.705463,-19.527157,150.334888
65.194448,-4.987949,-1.010558,-0.815383,-1.027559,-19.412082,141.717172
60.764912,-5.038053,-1.018188,-1.032913,-0.731013,-19.565675,152.236088
62.578585,-5.215509,-1.007927,-0.304995,-0.470224,-19.505593,148.162146
63.179662,-5.653248,-1.009276,-0.436374,-0.487303,-19.482497,145.645408
61.390761,-3.737462,-1.007433,-0.291439,-0.944783,-19.544842,150.109457
64.659317,-3.208998,-1.013380,-0.286008,-0.680862,-19.435057,143.411196
64.356302,-5.581687,-1.007356,-0.309551,-0.446891,-19.445690,144.068646
61.905059,-4.680802,-1.010426,-0.337279,-0.496303,-19.524557,148.053167
64.103949,-10.363485,-1.018730,-1.890397,-0.311325,-19.448464,143.876477
62.024851,-2.950944,-1.014297,-0.294419,-0.773172,-19.528555,148.903489
63.302648,-10.455868,-1.015630,-1.679260,-0.319198,-19.484250,147.928570
63.718097,-7.850338,-1.010645,-0.880401,-0.446330,-19.468888,144.903713
60.855460,-7.273674,-1.004238,-0.046501,-0.069918,-19.569507,152.043020
62.360809,-4.657018,-1.009040,-0.348954,-0.596601,-19.509822,146.658093
65.003878,-6.187216,-1.003192,-0.164299,-0.451270,-19.420463,141.665537
64.473049,-4.185200,-1.017316,-0.993163,-1.082496,-19.437455,142.577209
64.348251,-7.614039,-1.006869,-0.921518,-0.762244,-19.451574,144.234090
62.269075,-5.351800,-1.015460,-1.821897,-1.333878,-19.521074,148.845042
63.487769,-4.695825,-1.027458,-1.473259,-0.773789,-19.468383,146.442509
64.474068,-7.817828,-1.006688,-0.626448,-0.509978,-19.442884,142.946620
63.524281,-3.602441,-1.008972,-0.195830,-0.550277,-19.475851,146.531465
62.235491,-9.740499,-1.016850,-1.697647,-0.347716,-19.518282,149.046607
62.412851,-9.622281,-1.007977,-1.276516,-0.574423,-19.511995,148.123888
63.415741,-8.158123,-1.016171,-1.411823,-0.431472,-19.470389,144.979190
61.500092,-5.923261,-1.005939,-0.405856,-0.647381,-19.541938,150.158917
62.854446,-10.599344,-1.005240,-1.820776,-1.060687,-19.489252,144.976961
64.585309,-5.899667,-1.037715,-1.716032,-0.408764,-19.436438,144.175815
61.384021,-4.157295,-1.005434,-0.290907,-1.038061,-19.544976,150.895491
64.122925,-5.324162,-1.009698,-0.704314,-0.857829,-19.454005,144.134829
61.331576,-2.822934,-1.010527,-0.219058,-0.857654,-19.554378,151.468523
60.935083,-10.858217,-1.009640,-1.511082,-0.444509,-19.558681,150.989469
63.537079,-5.655376,-1.008462,-0.733612,-0.907258,-19.469919,144.859473
62.515157,-7.317576,-1.010261,-0.952391,-0.566770,-19.509982,148.326641
65.626980,-4.160152,-1.011327,-0.300369,-0.509220,-19.395592,140.591343
61.011000,-4.626024,-1.015617,-0.760611,-0.742911,-19.559535,152.042601
61.656542,-7.496952,-1.011703,-0.983902,-0.494711,-19.539623,150.265746
61.353465,-5.969659,-1.013063,-1.792242,-1.289688,-19.536325,149.753485
62.519097,-4.161287,-1.013488,-0.933410,-1.324108,-19.502212,147.857273
62.463659,-7.847172,-1.012427,-1.044146,-0.453146,-19.507521,146.915781
61.986906,-5.707088,-1.020246,-1.148925,-0.572784,-19.520194,148.379339
64.606016,-4.848928,-1.016128,-1.321172,-1.149216,-19.425333,142.679462
61.517693,-7.378559,-1.009500,-0.819944,-0.538148,-19.544251,148.859869
62.353142,-4.810495,-1.007194,-0.295266,-0.585762,-19.515295,148.623431
64.209362,-6.604689,-1.026761,-1.672817,-0.457756,-19.454359,144.329152
62.861074,-4.970256,-1.004974,-0.204335,-0.560674,-19.500937,146.403631
64.778171,-3.525726,-1.004667,-0.161120,-0.926550,-19.432618,143.816371
66.061850,-7.655600,-1.012412,-1.384361,-0.625536,-19.390941,140.936793
64.322789,-4.317872,-1.018651,-1.280256,-1.201488,-19.442954,144.183314
62.937598,-7.236274,-1.007555,-0.867320,-0.728690,-19.494479,146.332618
62.460201,-3.689762,-1.009393,-0.386103,-1.014421,-19.506102,147.597732
62.109078,-6.792644,-1.019568,-1.314555,-0.487583,-19.520018,147.010645
61.927401,-4.763438,-1.006302,-0.251903,-0.583756,-19.528748,149.506511
64.074241,-6.158619,-1.010119,-0.894829,-0.777034,-19.450953,143.923609
62.717411,-8.732031,-1.017247,-1.527586,-0.381945,-19.504541,146.670696
62.359159,-6.048668,-1.009978,-0.481517,-0.445836,-19.511093,146.616764
62.763417,-7.586694,-1.011454,-1.017682,-0.507022,-19.497427,146.769174
61.543198,-8.452813,-1.005975,-0.989409,-0.781333,-19.543208,148.846947
66.128289,-5.364374,-1.018659,-1.974404,-1.181371,-19.388987,140.970587
64.177697,-4.603624,-1.004056,-0.241084,-0.938999,-19.453616,144.112506
63.125856,-4.898852,-1.011610,-0.963803,-1.148534,-19.481128,146.689956
62.737789,-5.971627,-1.005761,-0.228026,-0.368716,-19.499611,147.443474
63.987341,-4.491063,-1.011954,-1.048210,-1.439256,-19.450263,144.445950
63.002429,-2.609313,-1.009456,-0.168340,-0.866881,-19.492529,147.191859
61.736934,-3.745078,-1.007582,-0.297968,-0.925775,-19.537121,149.387586
65.352671,-4.527859,-1.027381,-1.518425,-0.855682,-19.409743,142.319512
62.111861,-4.940233,-1.009690,-0.683374,-0.963353,-19.518940,147.302723
62.346551,-5.820079,-1.018623,-1.152736,-0.605247,-19.510371,147.386721
60.873656,-5.413172,-1.014614,-1.081899,-0.833168,-19.568002,151.931825
61.881881,-5.662254,-1.005885,-0.499453,-0.871407,-19.535386,150.881919
60.667372,-2.993515,-1.009692,-0.245405,-0.932252,-19.568499,153.638483
63.510476,-5.144474,-1.010054,-0.820792,-1.028122,-19.466682,145.524457
61.005337,-5.211691,-1.022280,-1.293620,-0.687718,-19.554807,152.280940
62.460355,-5.173850,-1.007790,-0.269560,-0.426896,-19.510074,148.497788
64.819858,-6.443368,-1.017881,-1.076913,-0.475183,-19.425027,142.177054
59.485752,-3.877919,-1.004922,-0.205819,-0.940513,-19.610090,153.524037
63.968831,-3.893767,-1.011466,-0.406969,-0.776216,-19.458152,144.595805
64.605550,-5.145807,-1.008431,-0.522589,-0.774194,-19.434806,143.640780
61.394019,-4.510884,-1.012163,-0.366236,-0.499696,-19.540196,148.789110
63.489190,-9.677376,-1.017100,-1.666260,-0.342580,-19.468769,144.910855
58.889156,-2.033396,-1.012486,-0.167885,-1.079517,-19.639115,155.793802
63.308238,-10.255511,-1.017039,-1.735426,-0.316997,-19.484192,147.045034
64.222210,-7.875539,-1.010231,-0.826851,-0.429541,-19.454913,144.236368
60.732872,-7.209670,-1.004153,-0.203066,-0.314372,-19.577173,152.669354
62.214778,-4.110196,-1.008860,-0.278276,-0.624338,-19.515691,147.118575
64.519091,-5.857769,-1.006811,-0.386309,-0.552776,-19.436632,142.817586
64.446866,-4.359610,-1.016729,-0.932684,-0.961393,-19.439216,142.671273
64.144111,-7.349575,-1.007253,-1.060570,-0.890179,-19.458137,144.932435
62.528545,-5.363225,-1.015607,-1.915676,-1.384976,-19.514701,148.402140
63.437699,-4.817745,-1.025552,-1.353580,-0.726429,-19.470863,146.434569
64.773130,-7.719080,-1.007043,-0.609953,-0.483710,-19.433192,142.377681
63.442799,-3.941631,-1.008981,-0.203930,-0.480891,-19.478298,146.603267
61.259944,-9.752200,-1.019314,-1.914992,-0.346798,-19.549850,150.771739
62.629182,-10.783973,-1.007188,-1.504048,-0.597788,-19.505125,148.129396
62.382215,-8.476447,-1.015684,-1.444872,-0.421145,-19.511438,148.070616
60.383297,-4.890274,-1.009435,-0.621343,-0.917598,-19.579084,153.683119
62.811106,-11.255637,-1.004955,-1.966903,-1.073743,-19.494784,145.351203
64.810896,-6.021253,-1.041997,-1.913758,-0.388891,-19.427999,143.884189
61.503530,-3.920510,-1.005432,-0.270691,-1.075020,-19.540568,150.574224
65.314573,-5.629967,-1.009334,-0.723722,-0.803933,-19.417722,141.777891
61.691542,-5.088836,-1.005528,-0.294343,-0.690291,-19.542285,149.992615
61.115840,-10.469487,-1.009371,-1.426877,-0.464451,-19.552953,150.602995
63.451750,-5.707370,-1.007978,-0.697033,-0.890243,-19.475517,144.986855
60.193609,-8.884433,-1.010884,-1.431875,-0.558353,-19.585971,153.201205
63.945914,-4.316889,-1.009852,-0.417668,-0.755608,-19.455818,144.641470
61.376213,-5.531424,-1.013877,-0.826450,-0.637975,-19.547945,151.377678
60.644967,-8.286815,-1.015885,-1.435641,-0.431852,-19.572996,152.876592
61.541828,-5.686591,-1.013243,-1.500202,-1.174370,-19.533398,149.582168
62.576473,-4.169276,-1.013420,-0.920541,-1.308351,-19.499946,147.667868
62.076164,-8.006155,-1.013740,-1.155118,-0.438944,-19.517764,147.128834
62.102538,-5.413314,-1.015571,-1.263572,-0.917518,-19.520754,147.973658
64.518846,-4.818742,-1.015030,-1.250307,-1.182404,-19.429394,143.011594
61.170976,-6.018891,-1.012241,-1.173484,-0.879676,-19.559587,149.869735
61.589853,-5.512885,-1.004428,-0.163113,-0.403390,-19.544642,150.874471
63.718769,-5.410062,-1.020422,-1.175866,-0.632869,-19.470266,145.391955
63.088906,-5.066595,-1.005008,-0.207452,-0.543429,-19.493481,145.883100
65.663349,-3.207140,-1.003557,-0.114094,-1.019879,-19.403283,142.461405
65.304219,-7.131446,-1.011295,-1.203809,-0.682944,-19.414938,142.000004
64.967490,-4.095223,-1.022538,-1.633017,-1.391828,-19.421176,143.348490
63.040641,-4.905294,-1.010652,-0.604407,-0.786674,-19.487518,145.183580
63.222019,-4.106558,-1.017995,-1.217585,-1.327178,-19.477961,145.336783
62.860200,-6.429140,-1.017972,-1.223176,-0.547716,-19.493997,145.776860
63.164555,-4.367470,-1.006997,-0.218051,-0.544038,-19.484477,146.179767
64.053036,-6.171625,-1.010065,-0.892336,-0.775873,-19.451716,143.980085
62.599669,-9.015557,-1.018552,-1.665948,-0.362099,-19.508934,146.893136
63.314770,-5.998565,-1.010299,-0.427193,-0.384439,-19.479005,144.889029
63.640367,-7.535842,-1.008594,-0.870606,-0.591090,-19.469496,144.884829
62.291777,-8.140306,-1.006209,-1.003861,-0.816936,-19.520033,148.007207
64.121867,-5.436728,-1.019006,-1.519189,-0.874052,-19.452158,145.104138
64.082574,-4.069311,-1.007963,-0.383097,-0.975273,-19.454934,143.765426
62.148568,-5.073935,-1.008528,-0.750619,-1.135449,-19.518568,149.408211
63.452042,-6.196132,-1.006714,-0.291921,-0.382137,-19.471405,145.280009
63.780893,-4.486048,-1.012012,-1.043715,-1.432219,-19.457703,144.838471
63.111831,-2.569442,-1.009455,-0.162804,-0.865959,-19.488969,146.891353
61.733863,-3.700405,-1.007518,-0.289004,-0.930922,-19.537300,149.408698
62.789245,-4.999398,-1.029568,-1.558178,-0.675319,-19.500106,148.060670
63.056175,-3.934176,-1.011931,-0.479628,-0.875988,-19.485832,145.214117
61.950660,-6.287481,-1.014532,-1.091900,-0.629443,-19.518776,148.606136
61.972044,-5.243580,-1.013688,-1.002747,-0.877650,-19.529179,149.565694
61.145834,-6.799317,-1.006485,-0.844731,-0.937853,-19.559406,152.424166
60.866000,-3.126701,-1.009652,-0.261058,-0.917144,-19.562090,153.077503
63.355916,-5.174872,-1.012118,-0.876838,-0.880474,-19.475756,146.108116
60.668005,-5.298579,-1.019792,-1.241433,-0.725272,-19.565138,152.854591
61.994906,-5.127135,-1.007748,-0.244796,-0.401419,-19.526373,149.746751
65.168916,-6.851491,-1.026893,-1.635757,-0.422482,-19.411693,141.327688
61.743171,-5.353578,-1.010421,-0.946564,-1.050501,-19.528554,149.074765
64.233822,-2.710621,-1.012148,-0.263861,-0.954309,-19.453941,145.361539
63.709476,-6.736343,-1.009771,-0.843996,-0.616055,-19.472857,146.710018
61.652520,-4.054547,-1.013928,-0.235818,-0.347855,-19.530072,147.866186
63.561252,-9.317982,-1.016724,-1.595306,-0.369192,-19.460913,143.693353
58.987373,-4.313140,-1.013871,-0.656491,-0.846197,-19.635074,156.130370
63.093851,-10.085206,-1.016696,-1.663723,-0.317642,-19.490501,147.495279
63.746975,-7.744146,-1.010851,-0.885180,-0.452318,-19.468494,144.888373
60.450215,-7.293210,-1.003949,-0.184817,-0.294363,-19.587065,153.386680
62.040842,-4.279092,-1.009035,-0.312869,-0.644015,-19.520635,147.042467
63.948676,-5.725399,-1.007513,-0.381365,-0.515038,-19.456508,144.588396
62.718283,-5.515188,-1.009392,-0.610393,-0.711516,-19.506957,148.076390
64.159088,-7.454371,-1.007325,-1.084727,-0.888355,-19.456401,144.049545
62.508081,-5.316711,-1.015906,-1.923985,-1.391533,-19.515055,148.383493
64.409461,-5.067429,-1.026619,-1.401463,-0.653861,-19.446425,143.967436
64.259161,-7.577778,-1.008321,-0.642635,-0.445892,-19.450627,143.657414
63.585719,-3.895564,-1.009025,-0.186533,-0.449555,-19.473997,146.684209
60.815767,-9.250436,-1.019529,-1.878607,-0.367737,-19.564078,151.418596
62.518505,-11.031152,-1.006992,-1.536122,-0.597996,-19.509036,148.390912
62.021940,-8.852540,-1.016496,-1.596911,-0.408105,-19.521272,148.958400
62.403982,-5.643557,-1.008814,-0.728433,-0.847615,-19.513343,149.484319
62.183645,-10.404634,-1.005295,-1.686605,-0.995831,-19.519533,147.477349
64.207254,-5.589285,-1.032042,-1.507228,-0.474655,-19.451751,144.669074
61.170865,-3.743907,-1.004931,-0.228661,-1.105891,-19.551695,151.262995
63.811037,-4.578013,-1.008766,-0.408573,-0.736041,-19.467256,144.949277
62.538989,-5.923274,-1.004136,-0.248147,-0.576931,-19.513586,147.859719
61.528650,-9.877058,-1.008678,-1.290294,-0.504735,-19.539454,149.823579
63.249764,-5.973490,-1.004987,-0.192737,-0.364494,-19.486381,144.976009
59.260404,-9.829082,-1.010644,-1.681071,-0.549813,-19.616338,155.281688
62.488802,-5.846004,-1.011895,-0.977812,-0.794517,-19.512250,147.950219
60.807272,-5.547960,-1.015042,-1.083531,-0.770467,-19.569537,152.357892
59.767678,-8.001453,-1.016205,-1.409820,-0.443719,-19.603011,155.223751
61.255489,-5.595514,-1.013592,-1.631213,-1.279394,-19.541340,149.925772
62.776300,-4.197129,-1.012901,-0.887994,-1.291642,-19.493232,147.075332
62.372941,-7.617276,-1.013233,-0.995457,-0.433917,-19.510754,146.738292
62.950163,-6.427426,-1.010396,-0.943841,-0.732312,-19.491536,145.885017
64.340126,-4.757177,-1.013878,-1.090028,-1.157505,-19.436796,143.420787
61.246468,-6.073446,-1.011860,-1.051130,-0.803408,-19.557652,150.423189
61.715871,-5.451496,-1.004537,-0.168172,-0.417252,-19.540306,150.323031
63.758429,-5.113437,-1.033159,-1.957614,-0.710931,-19.472859,145.473619
62.508879,-5.065182,-1.005221,-0.200011,-0.504488,-19.513016,146.852901
64.912138,-3.197831,-1.004976,-0.158156,-1.022821,-19.427678,143.762840
64.615455,-6.107168,-1.011774,-1.065430,-0.795967,-19.434107,143.381872
64.465596,-4.125542,-1.020014,-1.450685,-1.376613,-19.437950,144.396820
62.780077,-4.587080,-1.016094,-0.797160,-0.779720,-19.493615,146.122158
64.410162,-3.989286,-1.026306,-1.830399,-1.446343,-19.437091,141.302372
63.543682,-6.686695,-1.020380,-1.499001,-0.541255,-19.469540,144.449667
63.288664,-4.200139,-1.006664,-0.202377,-0.570688,-19.480065,145.847946
63.585271,-6.792453,-1.010532,-1.207562,-0.822823,-19.469947,145.150780
62.490747,-9.343837,-1.021382,-1.911786,-0.333858,-19.515014,146.642187
63.334213,-5.064234,-1.010438,-0.275385,-0.340488,-19.478697,145.137052
64.346265,-7.894324,-1.008826,-0.946519,-0.571712,-19.446625,143.434948
61.110949,-9.017624,-1.005611,-1.335078,-0.996868,-19.560537,150.849984
63.294099,-5.617481,-1.017513,-1.415909,-0.829020,-19.482328,147.231837
63.631057,-3.513802,-1.009013,-0.341341,-1.025678,-19.468349,144.792016
62.034851,-5.594869,-1.007672,-0.827091,-1.132891,-19.523207,150.306252
63.299984,-6.239977,-1.006203,-0.260624,-0.361828,-19.477049,145.739248
63.498251,-4.471875,-1.011503,-0.994664,-1.445360,-19.468447,145.495904
62.862091,-3.436325,-1.008446,-0.256799,-0.858998,-19.498159,147.682214
61.799330,-2.927018,-1.008283,-0.204024,-0.953844,-19.534300,148.651065
61.599991,-4.968269,-1.027997,-1.319734,-0.606552,-19.537990,150.196912
63.039233,-3.886128,-1.014625,-0.923006,-1.392186,-19.482178,145.923928
62.892488,-5.855339,-1.014663,-1.031480,-0.674118,-19.493717,147.171589
61.744149,-5.608972,-1.017054,-1.342331,-0.813691,-19.543205,150.774210
60.926851,-8.355576,-1.005665,-1.145361,-0.963907,-19.567868,152.318861
62.026271,-2.919341,-1.011071,-0.263735,-0.912868,-19.525315,150.483080
63.188324,-5.309690,-1.007933,-0.659821,-0.966750,-19.483442,146.970194
61.191954,-4.804600,-1.017311,-0.917323,-0.752705,-19.548166,151.329919
61.813624,-5.526645,-1.006220,-0.171831,-0.301429,-19.533783,150.213916
64.357471,-6.490582,-1.026702,-1.583485,-0.451968,-19.441714,143.381016
63.189384,-5.394933,-1.011372,-0.949755,-0.963312,-19.477623,145.238614
64.892731,-3.270235,-1.014050,-0.433690,-0.931191,-19.432545,144.010051
63.355145,-8.611467,-1.009794,-1.136866,-0.516987,-19.483128,147.080623
61.857636,-4.426914,-1.012519,-0.325612,-0.446838,-19.526957,148.176011
62.855341,-9.536854,-1.017350,-1.675409,-0.352725,-19.489592,146.402773
60.789338,-4.376358,-1.015393,-0.730628,-0.822115,-19.567033,151.622676
62.712735,-9.981036,-1.017333,-1.705036,-0.322279,-19.503145,148.205103
63.743687,-8.043725,-1.010438,-0.913254,-0.444523,-19.469659,145.223818
60.354253,-7.341514,-1.003867,-0.180387,-0.287841,-19.590668,153.633440
62.929118,-4.615918,-1.008304,-0.311738,-0.585172,-19.490312,146.221420
63.672551,-5.683346,-1.006891,-0.389354,-0.584286,-19.462103,145.556004
62.460378,-4.490045,-1.005309,-0.258145,-0.802012,-19.517887,149.031388
64.377195,-7.270913,-1.007300,-1.059690,-0.910140,-19.448399,143.753920
62.280200,-5.389044,-1.015407,-1.846937,-1.355139,-19.518964,148.622426
65.394983,-5.304960,-1.035035,-1.880211,-0.597962,-19.414454,141.953638
60.512442,-9.827900,-1.011951,-1.330338,-0.384563,-19.579897,153.070547
63.584159,-3.504244,-1.009125,-0.158281,-0.461308,-19.475152,147.096939
61.613058,-9.584857,-1.019459,-1.884724,-0.346200,-19.538465,149.650942
62.972867,-11.979410,-1.006984,-1.710260,-0.568270,-19.492744,147.419116
60.980054,-8.760886,-1.017623,-1.747228,-0.424369,-19.555359,151.322599
61.796685,-5.909480,-1.006134,-0.531840,-0.819947,-19.535758,150.714153
62.074055,-10.811297,-1.005060,-1.750191,-0.995489,-19.523580,147.963474
64.055819,-5.846891,-1.032813,-1.566366,-0.440508,-19.456410,145.004900
61.195771,-3.673376,-1.003385,-0.155969,-1.137871,-19.550820,151.223140
63.684708,-2.887941,-1.007919,-0.177964,-0.895030,-19.471239,145.117021
62.822411,-6.399519,-1.004338,-0.340338,-0.642832,-19.504621,146.905379
61.493409,-10.813663,-1.008016,-1.456174,-0.514966,-19.540905,150.060257
62.962157,-5.725376,-1.005818,-0.247550,-0.432522,-19.495616,146.060588
60.815384,-8.722993,-1.009754,-1.328612,-0.598265,-19.565514,151.489545
62.126652,-5.615418,-1.014582,-1.176705,-0.841664,-19.521306,148.542424
62.038239,-5.399691,-1.017150,-1.422367,-0.922904,-19.526238,150.043375
60.048987,-8.368382,-1.019410,-1.645156,-0.393767,-19.594982,154.376644
61.583701,-5.498911,-1.014501,-1.768297,-1.342132,-19.535001,149.547592
61.960542,-4.882261,-1.011794,-1.061983,-1.250314,-19.523403,149.364819
62.402208,-7.831618,-1.012835,-1.052074,-0.451528,-19.510062,146.924231
61.925335,-6.721805,-1.009933,-0.829842,-0.616145,-19.528060,148.735454
64.551848,-4.739828,-1.013664,-1.021281,-1.093088,-19.429715,142.826024
62.281070,-5.536912,-1.012387,-1.214466,-1.055146,-19.518746,148.065081
61.482275,-5.557252,-1.004384,-0.160508,-0.392430,-19.548276,151.291065
63.343282,-5.108676,-1.031582,-1.843632,-0.712271,-19.485473,146.431599
62.490719,-5.107563,-1.005059,-0.194710,-0.496523,-19.513928,147.002819
64.872694,-3.294459,-1.005075,-0.167428,-1.004222,-19.428872,143.802150
63.950898,-6.303931,-1.012168,-1.019624,-0.692024,-19.455977,144.772152
64.582795,-4.112352,-1.020579,-1.492292,-1.382898,-19.434254,144.225765
63.199649,-4.829636,-1.017602,-0.865853,-0.689477,-19.485139,145.860547
63.775908,-4.186809,-1.019250,-1.190883,-1.166644,-19.459317,143.416486
63.071680,-5.933774,-1.018357,-1.237049,-0.643390,-19.480241,144.891707
63.558435,-4.183070,-1.006151,-0.178489,-0.554836,-19.471294,145.589699
63.522516,-6.809255,-1.009717,-1.157298,-0.848544,-19.473044,145.554050
62.725436,-9.387887,-1.020251,-1.827460,-0.337069,-19.507064,146.182714
63.312736,-5.067367,-1.010368,-0.261693,-0.329177,-19.479570,145.177728
65.417020,-5.545354,-1.011389,-0.664334,-0.624435,-19.412545,140.781983
60.276197,-7.990877,-1.005636,-1.117617,-1.053178,-19.591968,152.179262
63.696392,-5.693328,-1.017340,-1.459273,-0.838454,-19.468787,146.776117
63.570977,-3.823295,-1.008849,-0.414564,-1.064657,-19.471244,145.269032
62.637649,-6.452040,-1.006914,-0.963020,-1.105941,-19.503016,148.721704
63.147059,-6.374562,-1.005840,-0.223644,-0.316082,-19.481840,145.989861
63.530305,-4.461040,-1.011667,-1.005001,-1.447416,-19.467083,145.416784
62.860500,-3.527449,-1.008511,-0.275668,-0.857162,-19.498300,147.704574
62.238100,-2.582540,-1.008375,-0.159185,-0.957524,-19.519400,147.804072
61.699202,-5.280873,-1.032265,-1.553706,-0.551582,-19.533598,149.623160
62.249949,-4.473052,-1.013585,-0.986296,-1.202523,-19.512472,147.998445
62.344834,-6.829735,-1.017431,-1.181378,-0.481698,-19.509443,148.312201
60.858917,-4.943336,-1.015852,-1.077976,-0.904231,-19.571199,151.611477
60.715077,-9.737032,-1.005024,-1.385298,-0.964604,-19.576048,153.228118
62.212088,-3.054791,-1.010501,-0.266393,-0.900460,-19.519298,149.864194
64.203897,-4.877269,-1.009931,-0.800765,-1.119952,-19.446644,144.028812
63.084824,-4.853334,-1.021903,-0.991096,-0.614991,-19.484532,146.952754
61.399898,-5.495931,-1.006140,-0.148340,-0.263398,-19.547765,151.697241
65.047488,-6.307566,-1.030406,-1.831269,-0.488412,-19.415762,141.542981
63.126847,-5.365795,-1.010835,-0.849728,-0.908636,-19.480876,145.885046
64.264192,-4.148492,-1.011864,-0.629241,-1.002383,-19.450511,144.705877
63.627121,-9.451564,-1.010037,-1.350053,-0.495619,-19.472888,146.341758
62.102754,-4.375143,-1.012843,-0.296897,-0.406061,-19.518363,147.384854
63.168035,-9.928699,-1.017342,-1.757455,-0.339793,-19.473957,145.876129
60.989554,-4.472839,-1.016208,-0.839800,-0.854733,-19.558968,150.887281
62.862222,-10.333863,-1.016926,-1.757013,-0.315891,-19.491715,148.203358
65.213699,-8.549136,-1.009822,-0.901142,-0.417749,-19.420100,141.290433
61.802775,-6.932292,-1.013546,-0.678761,-0.341512,-19.539757,150.374260
62.564218,-5.263701,-1.009602,-0.391923,-0.489651,-19.506381,147.448636
64.267222,-5.843675,-1.019350,-0.956364,-0.469977,-19.440743,144.006999
63.424615,-4.463955,-1.011728,-0.609757,-0.859476,-19.482139,146.280882
63.469351,-7.256954,-1.006418,-1.151258,-1.128848,-19.479351,146.265121
62.972738,-5.640640,-1.015738,-1.920902,-1.250623,-19.499406,147.973326
65.222319,-5.274226,-1.036627,-1.964014,-0.602062,-19.420515,142.413563
60.132711,-11.002243,-1.010262,-1.551514,-0.417796,-19.591338,153.631912
63.538355,-3.560121,-1.009020,-0.165940,-0.472971,-19.476685,147.188787
61.200877,-9.319298,-1.020055,-1.885739,-0.356475,-19.552737,150.564322
63.071925,-12.286481,-1.006977,-1.767916,-0.556154,-19.489226,147.147557
61.043320,-8.244301,-1.014440,-1.396781,-0.471605,-19.556089,151.769733
61.850718,-5.014871,-1.004065,-0.291304,-0.944222,-19.534324,150.882747
62.630936,-11.344890,-1.005009,-1.931710,-1.020692,-19.501911,145.711402
64.020222,-5.662608,-1.032750,-1.566904,-0.468839,-19.457715,145.179912
62.080423,-3.578726,-1.003875,-0.164337,-1.111442,-19.521238,149.430667
63.720372,-2.893526,-1.007850,-0.178053,-0.902146,-19.469913,145.115168
63.404624,-5.730302,-1.006352,-0.482596,-0.765257,-19.483407,145.949765
60.782048,-10.462664,-1.008690,-1.386695,-0.488802,-19.564730,151.489139
63.867658,-6.525684,-1.010656,-0.726257,-0.531698,-19.462855,144.208648
60.331144,-9.284752,-1.009032,-1.374855,-0.586541,-19.582200,152.731857
62.402169,-4.916519,-1.015716,-0.835480,-0.717867,-19.512168,147.729605
61.505492,-5.448892,-1.015485,-1.243426,-0.884614,-19.545665,151.118300
59.718378,-8.366310,-1.020831,-1.680323,-0.371739,-19.607336,155.376499
61.193527,-5.639208,-1.013840,-1.828438,-1.384846,-19.545599,150.283063
62.234044,-4.889777,-1.013076,-1.265862,-1.332251,-19.517619,149.074424
61.011747,-8.053738,-1.012903,-1.134095,-0.451019,-19.561938,150.670905
61.369892,-7.220631,-1.010576,-0.512349,-0.306657,-19.552754,151.144538
65.219447,-4.916755,-1.016830,-1.392676,-1.114024,-19.408469,142.033605
62.344037,-5.678382,-1.015452,-1.704221,-1.139767,-19.518337,147.248377
61.267808,-5.597442,-1.004290,-0.152015,-0.373952,-19.555405,152.279858
63.318778,-5.027971,-1.032078,-1.865026,-0.720313,-19.486374,146.510516
62.077839,-4.656373,-1.004388,-0.152562,-0.541049,-19.529922,147.810876
65.499074,-3.122162,-1.004438,-0.137621,-1.049227,-19.406742,142.518056
64.131070,-5.790620,-1.015023,-1.357946,-0.884722,-19.446240,145.066713
64.218978,-4.128902,-1.018726,-1.290488,-1.328232,-19.444888,143.771045
63.082217,-4.884532,-1.024081,-1.158938,-0.656678,-19.484927,145.717935
63.409145,-4.362395,-1.018798,-1.265837,-1.174178,-19.472024,144.447472
63.333986,-6.023598,-1.019947,-1.406809,-0.642977,-19.471062,144.725223
63.763565,-4.154838,-1.006552,-0.188048,-0.554014,-19.463634,145.397657
62.749561,-6.955165,-1.010296,-0.994311,-0.666233,-19.501410,147.495815
62.241303,-8.916052,-1.017211,-1.524468,-0.366105,-19.520842,147.442836
64.277276,-4.828654,-1.011343,-0.124094,-0.156567,-19.445266,142.174952
66.543097,-7.250312,-1.018336,-1.250931,-0.422006,-19.372718,139.315265
61.830845,-8.452543,-1.005763,-1.303326,-1.073829,-19.535597,148.786949
63.209076,-5.546125,-1.017104,-1.461062,-0.896175,-19.487220,147.490253
63.664987,-4.052282,-1.013059,-0.660373,-1.019897,-19.466647,144.481170
62.632990,-6.366575,-1.007076,-0.956346,-1.106436,-19.503289,148.623373
63.299401,-6.205443,-1.008003,-0.326967,-0.355756,-19.476014,145.291951
64.402694,-4.261288,-1.010742,-0.858562,-1.462801,-19.436322,143.241034
62.774214,-3.893831,-1.008583,-0.306842,-0.779387,-19.501294,148.297984
61.933908,-2.518720,-1.008483,-0.155313,-0.968889,-19.529555,148.355889
60.712519,-4.906292,-1.032556,-1.395135,-0.567490,-19.565680,152.304921
62.354583,-4.347623,-1.014599,-1.118760,-1.343829,-19.508142,147.543752
63.085528,-5.693531,-1.012869,-1.001877,-0.783234,-19.488567,147.203047
61.543803,-4.867182,-1.015091,-1.029064,-0.944659,-19.544877,149.991539
60.185440,-11.027070,-1.004374,-1.638189,-1.028038,-19.594880,154.363322
63.067860,-3.412024,-1.008618,-0.276233,-0.902744,-19.490287,147.688833
64.211676,-5.403283,-1.011114,-1.274851,-1.293611,-19.446211,144.047566
63.703366,-4.882893,-1.021439,-0.914467,-0.581134,-19.462182,145.811424
61.399898,-5.495931,-1.006140,-0.148340,-0.263398,-19.547765,151.697241
64.835856,-6.489621,-1.029285,-1.781081,-0.471426,-19.421133,142.013654
62.085259,-5.679360,-1.007427,-0.653090,-0.923041,-19.514704,147.508855
64.238940,-4.123928,-1.017644,-0.650419,-0.695045,-19.455956,144.789191
64.715980,-11.122586,-1.007872,-1.870976,-0.634419,-19.432283,144.120501
62.609850,-4.645682,-1.010455,-0.164679,-0.243079,-19.504504,146.006705
62.953235,-9.401922,-1.017762,-1.709450,-0.362152,-19.481919,145.361127
61.564288,-3.608015,-1.017089,-0.486524,-0.728297,-19.533644,149.528442
62.927750,-10.187266,-1.016955,-1.739240,-0.323140,-19.488357,147.628946
64.999119,-9.576977,-1.008436,-1.085485,-0.468711,-19.423815,141.431194
61.717443,-7.186424,-1.013193,-0.755707,-0.366016,-19.542168,150.474315
62.604148,-5.618366,-1.008392,-0.308848,-0.388200,-19.506385,147.456722
63.846003,-6.485688,-1.022825,-1.335752,-0.452289,-19.456963,144.775489
63.385338,-4.228969,-1.013775,-0.733336,-0.979382,-19.483978,146.674619
63.827728,-7.048795,-1.006993,-1.040215,-0.989702,-19.468719,145.149443
62.661987,-5.770087,-1.013379,-1.617046,-1.179037,-19.511113,148.637182
63.891302,-5.766262,-1.023191,-1.287562,-0.541891,-19.459767,144.465072
60.491917,-9.275614,-1.012739,-1.301595,-0.396907,-19.576629,152.209006
63.527260,-3.388783,-1.009246,-0.168514,-0.519026,-19.476834,146.972512
60.809166,-9.234402,-1.020563,-1.920812,-0.360223,-19.568383,151.484168
61.495704,-12.945393,-1.005976,-1.622254,-0.536163,-19.543914,150.248777
60.911923,-7.628562,-1.013769,-1.300951,-0.535062,-19.561194,152.317967
61.985928,-5.147918,-1.005289,-0.485004,-1.154835,-19.528247,150.561297
61.850604,-10.524741,-1.004991,-1.689899,-1.028947,-19.531726,148.613403
63.941692,-5.707798,-1.033039,-1.610791,-0.472555,-19.460571,145.313388
62.064669,-3.683738,-1.003518,-0.155884,-1.102560,-19.522367,149.517777
63.720372,-2.893526,-1.007850,-0.178053,-0.902146,-19.469913,145.115168
62.435704,-6.450186,-1.006901,-0.640633,-0.745253,-19.515217,148.262723
61.956476,-7.462360,-1.008791,-0.960954,-0.659930,-19.527517,148.935906
62.146006,-8.559220,-1.012373,-1.178049,-0.427061,-19.520538,148.905172
60.880357,-10.148901,-1.008487,-1.643509,-0.626763,-19.561565,151.649990
62.336595,-4.814018,-1.014368,-0.773828,-0.766342,-19.514096,147.951979
61.591403,-5.758823,-1.015185,-1.331038,-0.864296,-19.542726,151.168509
62.068063,-6.028677,-1.017670,-1.717796,-0.878714,-19.521025,149.452457
61.622739,-5.506469,-1.013972,-1.774938,-1.379561,-19.530903,149.419767
61.714151,-5.133685,-1.012133,-1.430645,-1.463355,-19.535204,150.349605
61.506197,-8.396109,-1.014127,-1.245787,-0.413611,-19.544032,149.797395
62.505818,-7.659451,-1.017996,-1.157842,-0.356180,-19.507178,147.860950
64.473568,-4.940959,-1.018841,-1.984914,-1.420356,-19.436455,143.427336
61.781975,-5.546819,-1.015158,-1.986572,-1.422786,-19.538379,148.734949
61.210645,-5.626514,-1.004326,-0.152625,-0.369363,-19.557300,152.627642
63.350210,-5.218396,-1.028236,-1.587068,-0.660400,-19.482323,146.221385
62.202772,-4.940341,-1.004482,-0.162542,-0.503960,-19.523636,147.500998
65.417364,-3.108376,-1.004607,-0.141693,-1.050304,-19.409493,142.696280
63.137535,-5.778007,-1.013398,-1.303972,-0.949883,-19.487915,147.242370
63.480171,-4.886286,-1.016631,-1.671792,-1.386168,-19.476065,146.307298
63.824872,-4.848091,-1.023434,-1.301527,-0.774443,-19.464243,144.206453
62.446195,-4.703245,-1.017906,-1.382287,-1.151698,-19.505088,146.971286
63.129745,-5.912944,-1.019664,-1.398515,-0.667624,-19.480169,145.636750
63.332485,-5.533863,-1.010327,-0.411819,-0.430618,-19.478611,147.355367
62.779353,-6.906965,-1.010191,-0.966263,-0.661599,-19.500273,147.489887
62.900662,-9.342276,-1.019356,-1.750667,-0.343410,-19.490790,145.254429
64.278790,-4.829417,-1.011331,-0.122226,-0.154883,-19.445219,142.170952
66.346460,-7.786692,-1.017910,-1.331812,-0.398398,-19.381803,139.405544
61.816330,-8.254719,-1.005802,-1.268662,-1.076675,-19.536133,148.834901
62.776902,-5.934730,-1.015836,-1.458883,-0.847281,-19.502455,148.681278
63.528428,-4.054858,-1.012249,-0.588817,-0.968361,-19.472726,144.976725
62.933486,-6.595580,-1.006817,-1.044141,-1.164230,-19.495914,148.603259
63.289934,-6.248367,-1.007976,-0.308357,-0.331723,-19.476197,145.279584
62.459828,-5.383521,-1.011243,-0.694749,-0.705925,-19.507941,148.087773
62.677728,-4.260397,-1.011762,-0.457418,-0.700876,-19.506037,148.421978
61.413272,-2.409488,-1.008668,-0.148686,-0.988340,-19.546937,149.300346
60.705743,-4.677766,-1.031951,-1.394446,-0.632457,-19.564537,152.329995
62.933067,-4.682708,-1.014321,-1.182878,-1.263112,-19.490632,146.396671
64.957580,-5.399154,-1.014461,-1.049226,-0.820869,-19.422259,142.333115
60.848581,-4.812598,-1.015865,-1.004764,-0.892517,-19.571008,151.936771
60.060923,-10.273320,-1.004408,-1.437692,-1.018594,-19.601079,155.490149
61.824362,-3.321724,-1.010625,-0.311795,-0.868726,-19.530255,150.289149
63.868358,-5.382713,-1.012143,-1.385976,-1.303452,-19.457757,144.687319
63.985557,-4.658715,-1.025740,-1.132021,-0.648019,-19.456536,145.310542
61.399501,-5.497193,-1.006146,-0.149010,-0.263449,-19.547779,151.697478
64.732713,-6.183972,-1.027989,-1.637587,-0.496760,-19.425869,142.237011
62.157357,-6.064380,-1.007352,-1.114651,-1.375498,-19.513935,148.596949
66.387779,-3.723198,-1.023896,-0.593146,-0.572085,-19.381942,139.528968
61.710617,-10.102234,-1.008153,-1.955725,-0.781630,-19.533892,151.259011
62.631230,-4.524327,-1.010867,-0.256885,-0.387273,-19.504987,146.767456
62.112481,-8.028757,-1.014417,-1.195884,-0.428214,-19.514586,148.365885
61.779632,-3.292240,-1.017319,-0.420747,-0.741726,-19.525554,149.088930
62.614333,-10.301659,-1.016190,-1.670073,-0.314717,-19.503527,149.548053
64.599157,-9.551964,-1.009514,-1.173442,-0.451429,-19.436527,142.632112
63.279199,-8.086795,-1.017019,-1.240359,-0.363105,-19.484413,146.575502
62.269916,-5.684923,-1.007620,-0.310216,-0.415957,-19.518897,147.864102
62.943967,-7.019070,-1.019529,-1.272303,-0.441313,-19.489874,146.644230
63.285556,-4.254086,-1.017442,-0.753605,-0.776446,-19.485373,146.683487
63.530335,-6.514443,-1.007704,-0.936751,-0.959092,-19.475878,145.518935
62.148228,-6.822076,-1.013399,-1.680545,-0.875116,-19.524746,150.402655
63.878525,-5.560953,-1.023354,-1.263903,-0.568855,-19.462178,144.475950
61.305402,-8.325178,-1.010910,-0.916467,-0.396593,-19.548911,150.464458
63.527321,-3.388702,-1.009245,-0.168452,-0.518995,-19.476832,146.972444
60.400096,-8.531585,-1.020400,-1.830057,-0.405284,-19.582633,152.291360
61.456834,-12.343358,-1.006404,-1.484669,-0.511266,-19.545068,150.430388
60.246263,-7.273559,-1.015683,-1.488237,-0.585272,-19.583659,154.261723
61.943147,-5.470785,-1.006274,-0.570695,-1.012863,-19.529126,150.391310
61.936621,-10.473735,-1.005290,-1.655950,-0.972500,-19.528615,148.384281
63.433066,-4.934929,-1.027382,-1.291393,-0.617932,-19.478030,146.643744
62.069869,-3.705356,-1.003556,-0.160882,-1.099698,-19.522179,149.503151
63.720372,-2.893526,-1.007850,-0.178053,-0.902146,-19.469913,145.115168
62.282279,-5.963535,-1.005471,-0.467300,-0.794746,-19.519620,148.621424
61.215709,-8.503652,-1.007825,-1.109982,-0.660803,-19.555387,150.238056
62.838810,-8.185680,-1.010717,-1.208773,-0.554522,-19.494250,147.307565
60.672934,-10.184775,-1.008740,-1.597285,-0.586447,-19.568349,151.874269
63.012769,-4.626994,-1.016338,-0.717887,-0.661130,-19.488252,146.940570
61.316663,-5.011025,-1.012878,-0.853933,-0.877276,-19.551051,151.248528
61.361752,-6.462369,-1.015560,-1.847159,-0.933384,-19.545101,151.234556
61.942636,-5.339538,-1.013241,-1.650957,-1.462442,-19.518984,148.822758
60.999315,-5.407994,-1.010159,-1.182981,-1.321979,-19.559268,151.465506
61.696988,-7.488960,-1.014526,-1.120378,-0.455683,-19.535716,149.368601
62.358643,-6.632523,-1.019179,-0.881018,-0.334180,-19.511275,149.248288
64.644517,-5.544513,-1.011175,-1.157414,-1.116449,-19.438905,143.089637
61.847135,-5.695416,-1.014286,-1.856864,-1.314682,-19.529778,148.928169
62.545906,-5.054072,-1.013314,-0.515475,-0.493013,-19.507883,149.154393
63.353338,-5.152866,-1.027959,-1.552015,-0.668276,-19.482137,146.192330
62.340078,-4.853927,-1.005048,-0.194062,-0.547350,-19.518456,147.227949
65.515814,-3.102530,-1.004442,-0.137032,-1.055279,-19.406184,142.488231
64.742551,-6.237649,-1.013039,-1.184023,-0.750299,-19.440165,144.404471
63.069688,-5.528528,-1.011167,-1.229053,-1.194008,-19.490656,147.167179
64.609789,-4.581980,-1.028426,-1.655154,-0.898036,-19.438201,141.992977
61.533502,-4.748145,-1.017207,-1.283512,-1.088881,-19.542440,149.534935
61.664588,-5.728228,-1.019197,-1.577770,-0.814202,-19.532853,149.542608
63.226055,-5.611273,-1.010047,-0.337520,-0.347944,-19.482453,147.814418
62.838164,-7.456555,-1.010033,-1.068000,-0.634225,-19.498600,147.214513
62.844249,-9.440789,-1.019631,-1.744902,-0.329579,-19.496725,146.040039
64.278877,-4.829397,-1.011331,-0.122190,-0.154855,-19.445216,142.170648
65.363655,-8.343859,-1.017042,-1.495191,-0.412253,-19.411836,141.285924
61.898687,-7.899332,-1.005871,-1.235410,-1.125275,-19.533183,148.846519
61.820549,-5.728749,-1.015958,-1.309851,-0.813393,-19.533784,150.719872
63.419589,-3.737596,-1.012617,-0.539063,-1.004615,-19.476425,145.500951
62.892118,-6.637198,-1.006696,-1.063469,-1.186672,-19.497299,148.790788
62.758295,-5.994917,-1.006496,-0.282557,-0.408020,-19.498169,147.147992
63.909041,-6.558994,-1.014137,-1.030567,-0.554858,-19.456132,145.096906
62.766715,-3.948354,-1.013500,-0.378002,-0.582098,-19.502782,148.459322
61.438833,-4.795993,-1.010002,-0.531653,-0.781925,-19.547273,149.012358
61.777292,-4.804314,-1.024020,-1.123392,-0.659201,-19.531118,149.675036
62.824897,-4.835095,-1.013788,-1.199451,-1.231474,-19.494362,146.713683
64.570587,-5.195895,-1.014215,-0.930368,-0.796228,-19.435906,143.317972
61.954552,-4.713644,-1.018266,-1.134250,-0.915314,-19.531532,149.067712
60.667209,-9.020026,-1.004985,-1.180067,-0.965820,-19.578456,153.569289
60.432047,-2.339447,-1.013180,-0.220449,-1.006360,-19.573904,153.297096
65.482170,-5.524374,-1.011600,-1.382179,-1.290234,-19.400059,141.301865
65.595465,-4.106179,-1.034922,-1.402848,-0.746259,-19.401082,141.690835
61.225087,-5.600041,-1.005525,-0.125336,-0.239536,-19.553854,152.408201
64.584351,-5.764485,-1.027706,-1.505072,-0.524966,-19.433701,143.065676
62.352803,-6.309348,-1.006759,-0.999721,-1.240357,-19.509881,147.973984
64.295658,-5.726782,-1.017299,-1.207184,-0.696752,-19.448487,144.330730
62.332413,-8.680325,-1.013810,-1.627167,-0.512168,-19.509452,150.034576
62.515387,-4.768639,-1.010136,-0.288263,-0.419072,-19.509037,147.091801
62.611876,-8.841112,-1.013612,-1.422119,-0.446634,-19.495306,147.304092
61.834983,-3.446735,-1.016882,-0.466836,-0.765264,-19.524331,149.023051
62.588100,-9.498050,-1.017916,-1.561671,-0.313156,-19.504547,149.055428
65.359642,-9.489916,-1.008256,-1.225440,-0.551972,-19.411332,141.359252
58.462353,-7.326949,-1.019539,-0.401978,-0.123646,-19.658271,158.571503
62.326455,-5.543094,-1.007222,-0.339096,-0.505860,-19.517180,148.063422
63.449899,-8.371092,-1.024458,-1.745396,-0.328888,-19.469200,145.771668
62.385540,-4.235430,-1.031142,-1.453441,-0.833460,-19.513820,148.710711
63.912727,-6.244109,-1.007392,-0.935120,-1.076901,-19.463935,144.412704
61.660775,-6.963367,-1.013619,-1.799785,-0.872276,-19.542118,152.019455
64.349238,-5.737806,-1.022491,-1.271551,-0.557704,-19.446926,143.377444
61.436269,-9.454671,-1.012798,-1.171389,-0.338305,-19.547143,150.743330
63.624235,-2.698541,-1.008990,-0.112567,-0.568482,-19.474951,146.702927
60.187776,-8.451262,-1.021697,-1.966181,-0.415876,-19.590520,152.814626
61.488732,-12.345385,-1.006255,-1.486614,-0.518005,-19.543942,150.393486
60.880292,-6.173274,-1.015977,-1.139261,-0.610988,-19.560273,152.755462
62.109959,-5.856040,-1.006734,-0.725539,-1.043004,-19.523314,149.929177
61.644283,-11.883034,-1.004571,-1.958884,-1.021947,-19.538236,148.814681
63.301980,-4.929428,-1.027918,-1.343391,-0.626756,-19.483537,147.067707
62.149836,-2.461215,-1.004718,-0.107447,-1.264255,-19.517253,149.844898
63.720372,-2.893526,-1.007850,-0.178053,-0.902146,-19.469913,145.115168
61.966227,-6.852917,-1.005252,-0.520508,-0.710611,-19.529757,149.085628
61.626669,-7.148688,-1.006835,-0.767992,-0.743083,-19.544580,149.147810
62.905358,-8.794448,-1.010854,-1.471523,-0.577486,-19.488087,147.428201
61.726140,-9.668792,-1.011027,-1.584792,-0.511196,-19.534004,149.522626
64.340149,-5.143820,-1.020883,-0.462731,-0.272792,-19.442425,144.034016
62.673719,-5.606927,-1.010709,-1.134055,-1.106850,-19.505367,148.028202
63.950741,-7.333227,-1.014994,-1.682216,-0.692812,-19.454860,144.553817
62.847244,-5.101347,-1.013058,-1.424657,-1.384878,-19.489906,146.799921
61.982480,-5.330082,-1.010140,-1.128644,-1.298563,-19.525609,149.196178
60.864177,-8.348007,-1.016052,-1.278477,-0.377839,-19.562028,151.110418
63.180120,-6.155987,-1.015253,-0.781218,-0.439057,-19.485669,146.951576
63.259399,-6.209124,-1.009231,-1.244630,-1.143355,-19.488616,146.846938
62.291597,-6.003212,-1.012026,-1.916164,-1.473119,-19.513592,147.935188
61.894933,-4.520659,-1.015921,-0.811350,-0.817903,-19.531711,149.893808
62.971373,-4.781395,-1.019851,-1.115146,-0.796449,-19.493992,147.165318
62.456988,-4.147866,-1.003009,-0.100033,-0.656846,-19.515889,146.692359
65.570798,-2.986333,-1.004129,-0.119681,-1.085460,-19.404196,142.413063
63.929358,-6.798601,-1.013732,-1.225499,-0.626365,-19.463107,145.728511
63.704009,-6.731078,-1.011197,-1.890682,-1.229018,-19.470274,146.295954
64.239576,-4.417603,-1.028123,-1.675905,-0.981418,-19.450739,143.190723
61.873121,-4.339321,-1.022949,-1.855022,-1.416940,-19.525386,147.891242
61.798277,-5.642718,-1.022590,-1.894263,-0.871013,-19.526030,148.159885
63.201776,-5.622531,-1.010046,-0.348359,-0.358365,-19.483340,147.869700
62.797737,-8.552330,-1.011636,-1.354357,-0.523232,-19.499042,147.234686
63.702564,-10.009163,-1.019868,-1.859485,-0.306799,-19.468719,144.489043
63.273937,-5.314731,-1.009103,-0.552388,-0.721940,-19.479873,145.067835
64.705456,-8.086628,-1.016349,-1.382513,-0.423667,-19.433606,142.803203
61.889371,-7.922719,-1.005836,-1.256875,-1.149006,-19.533595,148.876718
61.614955,-5.634973,-1.014078,-1.287855,-0.944531,-19.536175,150.428406
63.740007,-3.287706,-1.012805,-0.447474,-1.066924,-19.469445,144.843072
62.234551,-7.611227,-1.005251,-1.117385,-1.201866,-19.516615,150.015003
62.789245,-6.101026,-1.006112,-0.356898,-0.523643,-19.496111,147.457624
65.935915,-4.595427,-1.012553,-0.535322,-0.661805,-19.387841,139.848849
62.773762,-3.842128,-1.013449,-0.323393,-0.537574,-19.502285,148.357699
60.242114,-4.033778,-1.011723,-0.819160,-1.442718,-19.586162,152.791254
61.607273,-5.814605,-1.023161,-1.249895,-0.517339,-19.536858,150.566267
62.172380,-5.465769,-1.013600,-1.470165,-1.195281,-19.519944,148.270327
65.067572,-5.069668,-1.017508,-1.140252,-0.821023,-19.419095,142.832985
62.788992,-3.988386,-1.029469,-1.623496,-1.103911,-19.504609,147.524852
60.909605,-8.530134,-1.005236,-1.089493,-0.944249,-19.569782,152.861987
59.481896,-1.911033,-1.010818,-0.138807,-1.156548,-19.608107,156.311917
64.182578,-5.990797,-1.008445,-1.306690,-1.432309,-19.445306,144.106956
65.420054,-3.880611,-1.033258,-1.327609,-0.830433,-19.407812,141.943072
61.094208,-5.680558,-1.005086,-0.110787,-0.223444,-19.558419,152.922059
64.579776,-5.918049,-1.029172,-1.597468,-0.502717,-19.433613,143.078254
62.706211,-5.302634,-1.007933,-0.743934,-1.124281,-19.494325,147.091592
65.623108,-7.955232,-1.023347,-1.963514,-0.428783,-19.405122,141.346403
60.563191,-7.797924,-1.014049,-1.350137,-0.516623,-19.571226,153.396213
62.612205,-4.697776,-1.010381,-0.271633,-0.397839,-19.505864,146.933932
62.197166,-8.757102,-1.013994,-1.402294,-0.437320,-19.510610,148.154781
61.572873,-2.949937,-1.017088,-0.362303,-0.797927,-19.531945,149.477388
62.367802,-9.651701,-1.017827,-1.573671,-0.307869,-19.513368,148.998592
64.205911,-9.846987,-1.009073,-1.400438,-0.529398,-19.449820,143.858305
61.347454,-7.278629,-1.019873,-0.912985,-0.282616,-19.555269,151.554258
62.366081,-5.421024,-1.007695,-0.265986,-0.391362,-19.516147,147.687234
63.379043,-7.448089,-1.020872,-1.427310,-0.401415,-19.473929,146.074697
60.355984,-4.040810,-1.035948,-1.564159,-0.840337,-19.585154,153.797711
63.383430,-6.096827,-1.007963,-1.170180,-1.310541,-19.483266,145.117287
61.419404,-6.481555,-1.017794,-1.807544,-0.786373,-19.546109,151.602070
63.502990,-5.708370,-1.023698,-1.390358,-0.581456,-19.474699,145.060156
61.099080,-10.015122,-1.012614,-1.254508,-0.321974,-19.558761,151.527773
63.896266,-4.005549,-1.009328,-0.318283,-0.705398,-19.462628,145.262256
61.713049,-6.752011,-1.022846,-1.744192,-0.544622,-19.538255,149.275511
61.278817,-14.635946,-1.006841,-1.908847,-0.439863,-19.550061,150.967448
62.198257,-5.512245,-1.014307,-1.025789,-0.772487,-19.518208,149.063458
62.726109,-5.391755,-1.007212,-0.779810,-1.229690,-19.501735,148.163725
61.690852,-11.649486,-1.004713,-1.917336,-1.023584,-19.536835,148.760942
63.258128,-4.681611,-1.025614,-1.182569,-0.671280,-19.484903,147.101909
63.084600,-4.988509,-1.008694,-0.550575,-0.854914,-19.488207,146.905026
63.723434,-2.888541,-1.007843,-0.177795,-0.903539,-19.469813,145.110143
61.874417,-6.901904,-1.005012,-0.487307,-0.685582,-19.533245,149.302304
61.710944,-7.696305,-1.006215,-1.046841,-0.960313,-19.541186,149.142341
62.635330,-6.599988,-1.009526,-0.923337,-0.736324,-19.500913,147.074544
60.686961,-11.023423,-1.010885,-1.862842,-0.474853,-19.567649,151.554234
64.283157,-4.977304,-1.021137,-0.445578,-0.275211,-19.444511,144.215395
62.551285,-6.044692,-1.009683,-1.463370,-1.361690,-19.510863,147.838895
63.349530,-7.170288,-1.012881,-1.625579,-0.811959,-19.472027,145.181371
62.885623,-5.084388,-1.013319,-1.456245,-1.402709,-19.487538,146.767117
62.026536,-4.948716,-1.009535,-0.848238,-1.206502,-19.526380,149.030550
62.853349,-9.551941,-1.016793,-1.634678,-0.351195,-19.493780,146.166404
63.740229,-5.996543,-1.014099,-0.642438,-0.411639,-19.467932,145.393863
63.223441,-5.894267,-1.011751,-1.426839,-1.142111,-19.490000,147.063301
62.485200,-6.073142,-1.011834,-1.885602,-1.433045,-19.507471,147.674274
62.343688,-5.221019,-1.016638,-1.027669,-0.730889,-19.517658,149.158784
62.689430,-5.020121,-1.021788,-1.276425,-0.763327,-19.503479,148.070867
62.454527,-4.150318,-1.002990,-0.099915,-0.656517,-19.515974,146.696800
65.607448,-2.973653,-1.004077,-0.117455,-1.090496,-19.402861,142.340257
63.707475,-6.928881,-1.014299,-1.121486,-0.532131,-19.471357,146.328199
63.698525,-6.363492,-1.011166,-1.713991,-1.246562,-19.468452,145.977781
64.351698,-4.841678,-1.022673,-1.512431,-0.920044,-19.445544,143.573925
62.259871,-4.224944,-1.025900,-1.814071,-1.275335,-19.515942,147.541825
62.019010,-5.985659,-1.019112,-1.611792,-0.776894,-19.520552,148.181873
63.511827,-5.618064,-1.009431,-0.200235,-0.220996,-19.471716,147.370015
63.121165,-7.964806,-1.011610,-1.269704,-0.566772,-19.488569,146.824979
63.106341,-10.132614,-1.017355,-1.712512,-0.318340,-19.490273,145.052839
63.623375,-5.480563,-1.008628,-0.551530,-0.715022,-19.467574,144.129016
65.055096,-9.611958,-1.017211,-1.737894,-0.360634,-19.419932,141.416561
62.101599,-7.928963,-1.005819,-1.371647,-1.252797,-19.525624,148.417693
60.489650,-6.541887,-1.014027,-1.570007,-0.860996,-19.568776,153.123437
63.370860,-3.456875,-1.012709,-0.452851,-0.982590,-19.482245,145.446751
62.281251,-7.826138,-1.005083,-1.230404,-1.298202,-19.514052,150.266757
63.547780,-5.334862,-1.007595,-0.213059,-0.327701,-19.465223,145.988464
65.436716,-3.748951,-1.012383,-0.412334,-0.785604,-19.405957,141.456737
62.844513,-3.939414,-1.013078,-0.329679,-0.526948,-19.500774,148.310118
61.203725,-4.584254,-1.010984,-0.913120,-1.318515,-19.552366,151.077065
62.864747,-6.510332,-1.024214,-1.515923,-0.473278,-19.497054,147.834227
62.369844,-5.366267,-1.010184,-1.096638,-1.235420,-19.513408,148.237319
63.835298,-5.277294,-1.019891,-1.737792,-1.015225,-19.461400,146.177521
62.588172,-4.008220,-1.029914,-1.675930,-1.121219,-19.511025,147.899966
60.930397,-8.487744,-1.005296,-1.084869,-0.945116,-19.569002,152.798481
59.482324,-1.911360,-1.010819,-0.138841,-1.156463,-19.608093,156.310815
64.725157,-6.683062,-1.008371,-1.411143,-1.243246,-19.428148,143.943659
64.290083,-3.922528,-1.033731,-1.376549,-0.834703,-19.447414,144.603213
61.269979,-5.591885,-1.005716,-0.107929,-0.200410,-19.552390,152.122931
64.698411,-5.650535,-1.030577,-1.556524,-0.508302,-19.428043,142.847751
62.402828,-5.456415,-1.007925,-0.874983,-1.240963,-19.507353,148.116261
64.908306,-7.335184,-1.022331,-1.787576,-0.475491,-19.429638,143.241012
61.859897,-7.231068,-1.009547,-0.472795,-0.307790,-19.532013,150.939797
62.612205,-4.697776,-1.010381,-0.271633,-0.397839,-19.505864,146.933932
62.416493,-8.734837,-1.014573,-1.414543,-0.419523,-19.502777,147.538882
62.385801,-3.099039,-1.016208,-0.319489,-0.670602,-19.507451,148.054466
63.091085,-10.127399,-1.017103,-1.753322,-0.327223,-19.486231,147.121206
64.870860,-10.352695,-1.008636,-1.456202,-0.521889,-19.427940,142.590374
61.257450,-7.618504,-1.023321,-1.166071,-0.277762,-19.558100,151.419685
62.969386,-5.528259,-1.008352,-0.295215,-0.381322,-19.492879,147.144853
63.534163,-8.248479,-1.021896,-1.530043,-0.331897,-19.467044,145.789880
61.040866,-4.261329,-1.031162,-1.320782,-0.742510,-19.560706,152.121519
63.448143,-5.915917,-1.008598,-0.959812,-1.054621,-19.478320,145.473965
61.328158,-6.717749,-1.017393,-1.854294,-0.764177,-19.550215,152.202657
63.648055,-5.754451,-1.023741,-1.381393,-0.569831,-19.469892,144.793850
59.252666,-10.192610,-1.010678,-0.977334,-0.293407,-19.623951,156.267709
63.707379,-4.021114,-1.008936,-0.308511,-0.701877,-19.469603,145.751961
60.159475,-6.728491,-1.021775,-1.884191,-0.623404,-19.591714,152.445757
61.302571,-14.756672,-1.006882,-1.928480,-0.429913,-19.549343,150.880895
61.618117,-6.613568,-1.015762,-1.244099,-0.589765,-19.535435,150.883960
62.429041,-5.833438,-1.006573,-0.742166,-1.089491,-19.511121,149.742224
61.547236,-11.179610,-1.004767,-1.788858,-1.011931,-19.542763,149.466621
62.903640,-5.159421,-1.031239,-1.458173,-0.553484,-19.499300,147.928488
62.488171,-4.803441,-1.008583,-0.565860,-0.943177,-19.511726,148.346676
63.807471,-2.899259,-1.007681,-0.175899,-0.910656,-19.466822,144.990367
61.837763,-6.950972,-1.005125,-0.508778,-0.690149,-19.534354,149.419048
61.476568,-8.030448,-1.006065,-1.063982,-0.917014,-19.548978,149.599622
60.393903,-8.766155,-1.011849,-1.411035,-0.514312,-19.577026,152.944803
60.623646,-10.865493,-1.009170,-1.828174,-0.565745,-19.569777,151.763211
64.282937,-4.978511,-1.021147,-0.446174,-0.274745,-19.444526,144.215220
63.546069,-6.407414,-1.009202,-1.602846,-1.404286,-19.477528,145.733763
64.132005,-7.560681,-1.013994,-1.710944,-0.708410,-19.446810,143.661075
62.556352,-5.382632,-1.012279,-1.330371,-1.243215,-19.503295,147.450323
62.428828,-5.616043,-1.009070,-0.934524,-1.081004,-19.510583,147.775538
63.067930,-9.387264,-1.016115,-1.614129,-0.375297,-19.484970,145.977300
63.177425,-4.717314,-1.015654,-0.313317,-0.293624,-19.488283,146.736606
63.395278,-5.927437,-1.013870,-1.438279,-0.969385,-19.487404,146.952199
62.270240,-5.927389,-1.012410,-1.944163,-1.473467,-19.515039,147.902492
63.207865,-5.183716,-1.017899,-1.307292,-0.886282,-19.486106,147.185147
61.890208,-4.140495,-1.023926,-0.835359,-0.651778,-19.534843,149.471995
62.954484,-4.116064,-1.004616,-0.158140,-0.678838,-19.497477,145.838079
65.287510,-3.129985,-1.005166,-0.159195,-1.033258,-19.414133,142.926681
64.934930,-7.408612,-1.015250,-1.492853,-0.581868,-19.427256,142.842238
63.772516,-6.306859,-1.010130,-1.535885,-1.257514,-19.466513,145.399401
64.429410,-4.769601,-1.023705,-1.905969,-1.147909,-19.443983,143.242523
62.193918,-4.253226,-1.025475,-1.849132,-1.306408,-19.517987,147.634975
62.702751,-5.518661,-1.019423,-1.458754,-0.810441,-19.494823,146.803646
62.604961,-6.617276,-1.007685,-0.589131,-0.576889,-19.506584,148.965833
63.327547,-8.193384,-1.011323,-1.329385,-0.570355,-19.483935,146.669394
61.529289,-10.324593,-1.017800,-1.660036,-0.293691,-19.547644,148.303777
64.225169,-5.578232,-1.009506,-0.750873,-0.857959,-19.446157,142.418963
65.199003,-9.954552,-1.016205,-1.844633,-0.377601,-19.413137,140.847320
63.281834,-7.111131,-1.006322,-1.205967,-1.248908,-19.480323,145.989926
61.196552,-6.475921,-1.012756,-1.471563,-0.902046,-19.548405,151.333846
62.815673,-4.095994,-1.011191,-0.642018,-1.137019,-19.496322,146.636939
62.451794,-5.744738,-1.010660,-1.134537,-1.067155,-19.508281,148.310083
63.547780,-5.334862,-1.007595,-0.213059,-0.327701,-19.465223,145.988464
65.213055,-3.263656,-1.015907,-0.256026,-0.494440,-19.414099,142.400903
