67.462950,-7.751126,-0.156565,-1.002257,-19.404499,146.200630
66.829359,-9.281602,-0.174854,-0.738247,-19.426046,147.313308
67.341812,-10.293194,-0.238773,-0.799434,-19.413672,146.319158
69.387338,-9.635871,-0.231691,-0.929516,-19.349077,143.098136
67.142328,-8.874179,-0.226259,-1.022666,-19.422977,147.586058
68.428776,-7.962060,-0.097215,-0.773165,-19.364037,142.653236
67.244542,-9.843687,-0.201475,-0.746519,-19.416158,147.207100
68.518715,-11.268057,-0.215555,-0.610214,-19.377322,144.211682
65.412822,-7.724559,-0.118607,-0.837253,-19.467526,148.982957
67.367969,-7.925821,-0.180901,-1.062776,-19.403342,147.734217
66.357508,-10.756938,-0.226678,-0.672261,-19.437863,146.863218
67.714182,-8.802758,-0.199231,-0.920962,-19.400008,144.469197
68.229930,-9.237910,-0.196241,-0.828194,-19.378380,144.287725
67.869368,-7.140092,-0.170185,-1.249006,-19.385993,146.268013
67.469752,-9.470388,-0.175008,-0.714687,-19.410075,145.036689
69.055443,-9.865964,-0.206438,-0.781251,-19.364526,143.253147
65.499793,-8.424759,-0.139676,-0.748176,-19.455605,148.067344
67.153948,-9.076406,-0.201140,-0.867184,-19.411938,146.434778
67.805469,-8.705090,-0.239906,-1.137674,-19.404059,145.311772
67.233354,-9.037818,-0.215207,-0.935654,-19.413485,146.865428
65.269185,-7.155909,-0.146693,-1.072936,-19.470213,149.665085
67.473050,-9.293352,-0.171238,-0.727071,-19.400292,145.383740
67.154062,-8.281268,-0.095720,-0.678051,-19.399630,144.133995
73.059821,-12.867717,-0.105855,-0.351259,-19.229197,140.807914
65.348634,-9.502182,-0.166275,-0.660029,-19.467208,149.307030
66.137691,-8.735300,-0.106596,-0.630629,-19.438154,148.066548
68.105244,-8.955308,-0.177023,-0.815819,-19.381191,144.785712
68.446863,-10.501816,-0.238212,-0.790621,-19.376579,145.255638
68.034771,-10.161241,-0.183450,-0.651250,-19.388313,143.853351
66.975039,-9.178252,-0.180803,-0.778479,-19.412923,146.774806
69.357519,-8.085430,-0.212212,-1.200916,-19.348638,142.821570
69.802774,-10.984613,-0.236800,-0.721793,-19.330238,141.362206
67.695795,-10.693982,-0.249781,-0.799273,-19.404050,146.652092
67.781475,-9.450380,-0.179825,-0.737075,-19.387603,144.999331
67.461940,-8.345899,-0.123512,-0.762479,-19.394912,145.584464
66.335423,-8.461228,-0.163738,-0.834841,-19.438350,148.197226
71.569039,-10.264711,-0.207898,-0.744347,-19.276419,138.050500
66.150824,-8.363013,-0.181874,-0.936295,-19.445434,148.445450
68.448197,-10.537904,-0.178797,-0.590007,-19.368770,142.799213
68.829362,-10.955060,-0.208858,-0.632391,-19.364053,143.649915
66.651396,-7.836736,-0.165239,-0.988139,-19.428621,146.985687
67.677424,-9.551737,-0.209128,-0.824318,-19.403199,145.242115
67.438663,-8.288411,-0.137699,-0.800806,-19.397924,145.768408
64.539760,-10.750948,-0.164376,-0.506400,-19.502173,151.447748
66.825031,-8.960220,-0.200674,-0.877868,-19.425944,146.973380
68.450747,-7.902547,-0.117719,-0.839719,-19.363545,143.239296
66.664834,-8.025988,-0.171429,-0.952932,-19.420037,146.543864
64.849833,-8.601339,-0.175508,-0.829091,-19.483678,151.077553
67.095111,-10.176367,-0.170265,-0.591986,-19.407120,145.556235
68.802296,-7.273048,-0.163948,-1.171642,-19.348383,142.753720
68.213219,-9.250678,-0.153175,-0.700932,-19.378957,143.749215
68.414898,-10.817880,-0.210854,-0.653321,-19.377481,144.639572
66.667544,-8.536531,-0.185248,-0.900398,-19.432107,147.036764
68.253154,-8.652029,-0.184774,-0.886583,-19.360819,142.762684
65.491554,-9.956348,-0.168189,-0.604017,-19.468111,149.484341
67.617616,-11.254204,-0.245240,-0.704716,-19.406109,146.753873
67.305783,-8.570085,-0.153581,-0.800818,-19.405550,145.983592
66.862826,-7.907973,-0.112910,-0.802141,-19.419063,146.025990
68.199009,-8.403843,-0.188353,-0.970950,-19.379322,144.150518
67.513064,-8.156790,-0.135057,-0.814346,-19.402812,144.467410
67.660123,-9.008767,-0.204209,-0.896473,-19.399864,146.181250
65.437434,-9.619756,-0.193364,-0.731324,-19.472135,150.040130
67.189452,-10.160317,-0.210539,-0.724339,-19.414348,147.196319
68.460058,-8.835965,-0.206635,-0.950686,-19.376462,143.463186
66.263200,-10.465933,-0.176240,-0.577887,-19.444941,148.777857
66.857426,-8.424164,-0.190118,-0.963711,-19.426680,147.396077
65.769577,-9.664440,-0.188421,-0.698415,-19.458178,149.332390
67.182124,-8.183658,-0.142595,-0.838967,-19.412859,145.688237
68.530188,-9.499662,-0.211924,-0.851729,-19.382643,144.345230
69.550782,-10.806907,-0.203110,-0.644366,-19.341942,142.156775
67.472571,-7.649877,-0.138254,-0.948186,-19.396236,145.810330
68.191587,-9.507061,-0.202720,-0.811670,-19.376760,144.825111
68.898023,-9.186333,-0.133921,-0.662151,-19.357388,142.260746
68.520466,-9.480093,-0.233290,-0.947270,-19.376712,145.019155
68.126976,-8.668850,-0.201114,-0.959380,-19.388856,143.920907
67.241459,-8.391101,-0.127250,-0.748053,-19.410613,145.283880
66.352361,-8.817334,-0.189394,-0.870203,-19.447581,149.555032
69.404980,-10.116944,-0.176645,-0.653833,-19.345061,141.973150
66.690182,-8.299212,-0.134629,-0.793118,-19.427556,147.238724
67.190741,-7.726225,-0.174480,-1.083645,-19.415968,147.128684
68.337260,-10.654541,-0.207499,-0.649956,-19.371058,143.175208
63.923934,-8.299993,-0.147210,-0.771755,-19.513241,152.394010
67.173390,-7.940917,-0.193883,-1.086077,-19.413611,145.637684
68.911627,-7.689825,-0.194415,-1.218908,-19.353839,144.544943
66.568995,-10.475516,-0.220224,-0.706871,-19.436433,148.463752
66.021915,-9.105215,-0.152500,-0.685926,-19.457149,148.189965
67.165024,-9.083400,-0.164966,-0.739086,-19.406454,145.208830
68.450043,-9.090022,-0.214963,-0.937990,-19.378122,143.891365
69.050681,-8.652697,-0.250285,-1.252803,-19.364795,144.117621
69.117629,-8.630225,-0.202641,-0.996195,-19.350177,142.881211
65.852714,-6.938476,-0.159112,-1.210884,-19.452955,149.583659
66.369942,-9.098344,-0.165499,-0.727565,-19.430620,147.205657
67.345850,-7.842515,-0.148631,-0.938527,-19.403958,145.400376
68.206052,-11.278719,-0.134144,-0.443773,-19.377649,146.028509
67.912931,-9.948933,-0.163345,-0.625092,-19.391596,145.635282
66.562240,-9.484773,-0.150233,-0.635007,-19.424700,147.308886
66.956465,-9.340686,-0.141083,-0.637142,-19.414524,146.236282
69.895495,-10.085467,-0.192656,-0.702753,-19.319879,140.966964
68.313900,-9.784380,-0.157593,-0.624272,-19.374404,142.778479
67.267701,-8.521370,-0.187105,-0.926923,-19.417726,145.746430
69.421657,-8.621446,-0.236788,-1.185467,-19.353013,142.876262
67.687643,-10.510863,-0.219825,-0.710335,-19.392433,145.611284
66.421314,-11.336714,-0.246481,-0.688832,-19.442343,150.145140
65.880348,-8.464626,-0.127865,-0.735391,-19.452108,148.582923
68.018272,-8.060772,-0.095143,-0.747828,-19.374625,143.896500
68.286424,-9.233635,-0.170900,-0.748086,-19.373918,143.390308
68.989456,-10.001849,-0.193180,-0.704549,-19.355881,142.018793
65.993406,-7.370097,-0.155375,-1.065080,-19.446342,148.134732
68.575154,-10.539949,-0.192460,-0.629373,-19.365823,143.655958
65.398093,-9.949989,-0.202442,-0.708313,-19.474301,151.187797
67.362066,-8.048137,-0.171496,-0.977232,-19.406121,145.386343
66.281858,-9.202522,-0.205089,-0.849897,-19.454817,147.747662
65.524200,-8.883628,-0.185650,-0.828588,-19.470168,150.249380
65.865406,-11.081584,-0.174910,-0.510332,-19.462678,148.968112
67.908083,-9.134372,-0.192427,-0.828450,-19.384070,143.830589
65.659006,-8.262639,-0.187656,-0.956017,-19.454760,148.867956
68.583685,-8.267295,-0.194165,-1.038154,-19.367326,144.182743
66.961423,-8.882996,-0.172802,-0.787088,-19.417479,145.312409
67.651441,-10.062602,-0.188583,-0.667786,-19.391804,145.168875
68.383963,-7.630432,-0.171185,-1.121279,-19.375334,145.191682
66.717065,-9.637664,-0.189951,-0.729588,-19.436447,147.120439
67.543322,-10.905461,-0.210817,-0.633949,-19.410512,146.642965
67.013896,-7.762230,-0.149149,-0.951401,-19.414418,146.234665
66.827261,-7.433914,-0.155455,-1.063185,-19.417192,146.861518
66.685903,-9.319932,-0.154505,-0.676138,-19.429641,146.642705
69.186044,-10.768053,-0.212678,-0.668501,-19.350373,142.790787
66.114948,-8.683306,-0.154183,-0.767901,-19.445895,148.544935
66.591451,-7.819564,-0.111737,-0.819179,-19.426781,146.546287
67.755889,-10.029313,-0.178327,-0.647878,-19.387751,144.210760
68.630713,-8.193362,-0.169103,-0.945458,-19.367448,142.429603
68.261317,-9.280421,-0.196025,-0.823287,-19.375539,144.561984
65.973508,-9.495692,-0.152235,-0.637422,-19.448890,149.039532
68.410073,-9.153344,-0.157591,-0.729214,-19.375444,143.841180
66.793240,-8.113438,-0.191507,-1.038247,-19.431074,147.444601
68.226107,-9.167674,-0.160643,-0.732592,-19.372759,144.713688
65.796749,-8.431876,-0.188714,-0.935764,-19.465357,149.136932
68.229767,-9.977375,-0.212379,-0.766270,-19.387284,144.569050
67.821154,-8.658955,-0.159435,-0.812814,-19.392082,144.971435
69.266512,-8.811509,-0.185203,-0.897612,-19.351975,142.526410
70.201820,-11.161976,-0.209280,-0.619675,-19.319913,141.287588
67.679038,-8.305357,-0.147238,-0.841064,-19.396921,145.481286
65.799515,-10.082438,-0.215431,-0.733618,-19.463485,150.436106
68.186054,-10.487177,-0.165459,-0.569428,-19.380566,143.877661
67.712162,-9.136216,-0.226973,-0.985329,-19.401310,146.593506
67.638862,-8.617111,-0.153020,-0.782486,-19.384948,144.067645
65.269114,-9.850067,-0.188482,-0.678734,-19.470373,150.594393
67.976018,-10.049937,-0.210234,-0.747343,-19.394520,144.868753
66.347143,-9.557324,-0.176138,-0.697837,-19.441638,148.499404
67.640051,-8.410330,-0.131490,-0.767094,-19.392373,144.950144
68.630537,-8.507350,-0.219772,-1.111978,-19.377214,144.446674
67.607239,-10.616886,-0.216668,-0.688843,-19.402435,145.403745
66.975596,-8.421281,-0.153828,-0.821726,-19.413854,145.978386
66.953636,-8.305353,-0.196234,-1.005638,-19.421785,145.618095
66.748272,-7.762302,-0.179234,-1.076651,-19.423311,147.930851
68.026672,-11.505540,-0.244816,-0.672181,-19.391633,145.690443
65.440255,-8.549615,-0.158870,-0.786762,-19.458040,149.146568
67.844170,-9.596148,-0.178217,-0.722497,-19.394848,145.495025
69.313661,-9.067653,-0.228637,-1.014395,-19.350851,141.675222
68.828183,-8.694829,-0.252522,-1.252630,-19.371331,144.396510
69.431242,-9.238438,-0.229920,-0.993680,-19.349957,143.123920
66.833397,-7.425028,-0.179184,-1.177224,-19.428440,147.354810
66.582206,-8.570553,-0.174238,-0.864679,-19.430950,147.805001
66.850047,-8.605033,-0.190350,-0.908098,-19.425332,146.574255
68.135207,-11.066006,-0.133752,-0.464189,-19.378929,145.743539
67.493903,-10.075085,-0.147022,-0.574133,-19.401759,146.033762
67.323699,-10.964606,-0.189925,-0.557010,-19.400544,144.862777
65.537204,-8.196368,-0.130902,-0.766747,-19.460143,148.322728
68.401465,-9.272226,-0.196650,-0.831483,-19.371321,143.875636
66.871403,-10.413859,-0.186100,-0.600134,-19.419792,145.900671
66.849580,-8.021444,-0.156855,-0.912425,-19.420770,146.413468
69.352244,-8.931793,-0.230110,-1.066381,-19.355064,142.732345
65.969208,-11.421998,-0.239836,-0.641898,-19.454214,149.322358
66.731089,-10.839333,-0.245612,-0.749560,-19.426608,148.543878
64.979183,-8.515710,-0.138017,-0.722480,-19.474131,149.331904
67.207922,-8.443209,-0.099102,-0.673068,-19.401668,145.348214
67.242289,-8.307896,-0.150703,-0.853298,-19.411055,147.115992
67.833408,-10.098664,-0.199215,-0.689455,-19.394400,143.580229
65.957806,-7.634273,-0.167038,-1.038405,-19.450294,149.299252
67.556604,-8.997554,-0.152707,-0.719911,-19.390525,144.773467
66.232058,-9.746474,-0.202500,-0.754404,-19.445069,149.524876
67.916667,-9.028124,-0.211228,-0.927102,-19.394457,145.130244
65.036037,-8.825419,-0.126490,-0.651819,-19.476072,150.041002
66.533848,-8.779344,-0.209620,-0.944250,-19.438295,147.659899
66.255972,-10.271488,-0.151687,-0.544953,-19.445096,147.631788
66.584883,-9.945678,-0.196716,-0.696323,-19.431356,147.405701
65.048189,-7.780602,-0.175099,-1.006200,-19.474839,149.844852
69.519508,-8.646982,-0.227223,-1.120655,-19.343233,142.327489
66.344321,-9.644677,-0.168392,-0.648722,-19.431166,146.766041
67.851085,-9.280165,-0.194374,-0.815187,-19.388101,145.224473
68.815429,-7.713031,-0.139386,-0.970690,-19.354772,143.942540
65.256672,-9.257973,-0.200609,-0.797009,-19.477984,149.637340
67.044853,-10.939212,-0.203015,-0.599935,-19.418511,146.007342
67.837521,-7.512040,-0.145071,-1.023658,-19.386992,145.271862
66.497693,-7.686467,-0.141727,-0.941742,-19.428196,147.183058
66.544933,-10.099367,-0.193972,-0.683160,-19.435427,148.378176
66.832533,-8.950612,-0.162178,-0.748022,-19.421693,146.001380
64.663032,-8.314466,-0.150822,-0.807954,-19.491388,151.488215
67.402118,-7.262846,-0.123087,-0.990273,-19.401681,145.615636
65.809654,-9.450278,-0.198657,-0.755705,-19.456878,147.387830
68.442848,-8.092589,-0.171149,-0.977662,-19.367763,143.648851
68.421343,-9.484023,-0.169725,-0.706306,-19.374182,143.217575
69.558679,-9.800428,-0.150719,-0.623417,-19.334154,140.615911
66.325126,-9.266455,-0.148028,-0.644555,-19.435190,146.145611
66.008329,-7.812300,-0.194628,-1.125071,-19.457613,149.388909
67.039352,-8.715757,-0.175683,-0.848673,-19.418337,147.675895
67.204819,-9.023848,-0.218823,-0.952589,-19.417339,146.285891
67.300235,-10.114094,-0.181842,-0.625927,-19.405366,143.891845
67.133457,-8.163056,-0.154628,-0.881305,-19.413614,145.459342
67.956527,-8.880017,-0.132128,-0.690123,-19.385154,143.548875
71.957221,-11.214386,-0.218002,-0.666809,-19.271866,137.785445
68.623097,-9.040958,-0.154672,-0.747907,-19.371612,143.491541
65.528775,-10.207147,-0.226206,-0.749682,-19.470868,150.286285
67.870371,-10.491249,-0.162794,-0.554896,-19.388389,144.094074
66.254440,-8.769063,-0.214249,-0.970636,-19.443071,149.456715
68.326090,-8.273239,-0.140346,-0.810902,-19.364201,142.146027
67.095074,-10.049265,-0.181729,-0.640822,-19.403945,145.073383
67.238221,-9.525412,-0.221103,-0.859063,-19.416572,145.785232
66.737838,-10.496970,-0.209351,-0.677211,-19.431390,148.711353
67.440097,-8.863682,-0.146263,-0.716225,-19.395792,144.649257
66.583194,-8.225536,-0.212672,-1.116213,-19.444333,148.758915
67.294538,-9.646804,-0.195116,-0.756117,-19.414077,146.862393
68.366688,-9.304959,-0.183081,-0.781237,-19.372518,143.648325
64.500550,-7.609849,-0.148793,-0.963389,-19.498799,152.930548
66.253944,-7.606209,-0.154132,-1.021817,-19.445904,149.677885
68.061033,-11.271518,-0.239296,-0.685580,-19.391036,145.527543
66.659123,-8.205649,-0.193172,-1.004823,-19.426933,146.422771
66.231815,-10.683086,-0.192737,-0.598351,-19.445619,149.304470
68.517168,-8.263464,-0.212790,-1.134859,-19.375625,144.389654
68.944474,-8.715913,-0.258160,-1.277959,-19.367808,144.315455
67.421218,-8.902193,-0.205389,-0.927366,-19.408805,147.415716
64.888191,-7.445690,-0.182986,-1.149304,-19.489623,151.250312
67.033374,-8.535712,-0.179801,-0.901879,-19.416162,147.211364
65.701706,-8.191787,-0.134367,-0.784167,-19.456673,147.355247
67.096944,-10.896813,-0.158371,-0.501862,-19.411178,146.245295
68.288767,-9.280649,-0.123773,-0.615472,-19.381116,143.173100
67.218923,-10.333674,-0.190487,-0.639919,-19.407002,146.263139
65.813982,-10.304631,-0.192303,-0.639264,-19.460449,149.966565
67.495924,-7.870866,-0.186106,-1.084961,-19.399426,146.456509
67.098466,-11.008379,-0.186930,-0.550249,-19.415400,146.553097
67.436972,-8.484349,-0.181571,-0.922225,-19.407422,145.867239
68.097268,-8.951271,-0.217352,-0.982388,-19.392007,144.752316
65.464839,-9.042390,-0.165228,-0.732601,-19.469712,150.813969
69.772285,-10.453205,-0.245986,-0.843420,-19.332181,142.449340
66.449952,-9.923144,-0.160607,-0.604927,-19.430799,147.672798
65.846387,-8.272058,-0.072310,-0.631810,-19.448095,148.320140
66.227543,-7.221321,-0.088816,-0.886530,-19.438845,148.721894
67.231181,-9.251042,-0.167808,-0.721839,-19.408659,145.358120
66.180585,-8.606321,-0.202432,-0.963783,-19.448256,149.425045
67.360173,-9.319174,-0.154555,-0.679186,-19.399887,145.445318
66.375389,-8.686004,-0.180434,-0.860663,-19.436071,148.660903
66.355573,-7.886691,-0.163480,-0.947184,-19.432782,146.557504
66.133436,-10.117390,-0.165597,-0.600583,-19.449764,149.920692
66.651114,-10.734798,-0.193919,-0.587900,-19.432581,147.059835
66.442253,-11.513603,-0.193120,-0.505399,-19.433445,146.741178
67.841270,-10.439483,-0.225312,-0.743009,-19.399021,146.654734
66.415364,-8.566474,-0.200496,-0.964496,-19.434171,148.536020
68.349959,-8.990872,-0.221033,-0.987423,-19.381048,144.615035
68.969786,-8.962282,-0.183613,-0.854752,-19.354046,143.646518
64.477358,-8.004005,-0.152506,-0.880245,-19.501303,152.945893
67.496024,-8.892769,-0.158801,-0.765623,-19.401609,145.450451
67.951032,-9.296163,-0.197823,-0.822909,-19.388030,145.014757
66.875309,-11.158993,-0.205400,-0.584805,-19.428173,147.875198
69.582056,-7.759103,-0.184849,-1.151855,-19.335517,141.670665
66.835759,-7.343104,-0.114898,-0.917241,-19.406730,144.982370
67.977542,-9.944403,-0.206725,-0.756439,-19.395694,145.650970
67.923799,-9.691568,-0.176222,-0.691652,-19.391429,144.335200
65.273621,-8.583837,-0.193896,-0.904253,-19.480741,150.477987
67.281136,-7.220953,-0.113715,-0.981217,-19.405482,145.936379
64.824801,-9.087010,-0.207053,-0.836565,-19.483027,150.543846
68.314953,-8.468007,-0.180023,-0.922059,-19.373558,143.880884
67.907235,-9.073446,-0.201946,-0.882780,-19.392960,144.414216
69.881644,-8.851574,-0.183928,-0.874552,-19.325042,140.774637
66.650039,-10.284139,-0.153890,-0.537823,-19.420968,145.512087
67.383491,-7.820958,-0.189076,-1.113933,-19.408660,146.359309
67.945950,-8.899083,-0.136609,-0.705969,-19.382802,143.858798
69.021195,-8.641009,-0.223405,-1.080930,-19.358349,142.773820
66.831807,-10.305986,-0.188890,-0.628033,-19.427242,146.669427
65.564903,-8.157762,-0.183003,-0.971214,-19.467260,149.825371
64.666443,-9.687247,-0.140160,-0.565144,-19.489635,151.230927
69.921068,-9.825255,-0.185620,-0.725440,-19.331413,140.795110
67.239724,-9.453383,-0.163423,-0.676807,-19.410711,146.339827
66.715455,-9.216274,-0.189205,-0.787504,-19.430125,147.542423
67.138349,-10.445742,-0.170070,-0.578297,-19.413874,146.890943
67.706808,-9.627768,-0.188896,-0.740555,-19.394940,145.061454
67.028512,-9.627766,-0.176303,-0.691904,-19.418643,146.896370
68.673866,-9.496758,-0.187096,-0.758009,-19.367937,142.509430
66.081374,-8.385477,-0.179145,-0.894993,-19.443107,147.749228
67.173222,-11.119058,-0.217340,-0.624852,-19.417738,147.570684
67.004216,-9.856125,-0.183522,-0.673207,-19.418255,145.671843
64.408273,-7.620168,-0.187891,-1.104950,-19.509144,151.271746
68.036590,-8.376791,-0.201051,-1.043873,-19.390175,146.196323
65.581166,-8.385307,-0.187729,-0.940501,-19.463069,149.534804
65.959714,-8.953476,-0.173232,-0.777365,-19.449528,148.532157
69.733944,-7.915633,-0.187541,-1.128407,-19.334216,141.622593
68.222615,-10.645466,-0.224383,-0.720864,-19.383618,144.835458
66.563630,-8.166051,-0.196676,-1.036525,-19.434469,147.486314
69.229605,-10.037130,-0.190466,-0.712162,-19.349498,143.429282
70.374130,-8.181638,-0.223311,-1.240139,-19.314846,140.972816
68.511005,-8.447476,-0.245487,-1.271268,-19.380019,144.714544
69.757152,-8.943252,-0.191828,-0.904381,-19.332924,141.007274
66.293621,-7.529576,-0.193967,-1.217231,-19.441503,148.415960
68.178854,-8.496823,-0.189159,-0.972332,-19.377014,145.574696
70.361879,-7.789901,-0.177972,-1.134204,-19.305162,141.414182
66.708961,-10.511434,-0.169581,-0.578862,-19.428912,149.119417
68.082298,-10.519872,-0.194990,-0.640818,-19.387174,144.771315
68.265403,-9.983899,-0.244511,-0.896266,-19.385960,146.114893
67.284295,-9.450770,-0.190298,-0.751234,-19.412795,144.756075
66.305437,-8.716953,-0.194039,-0.886758,-19.433107,147.801108
68.193025,-11.167155,-0.182215,-0.530330,-19.378242,143.153075
70.035238,-8.522133,-0.148905,-0.831089,-19.327195,140.243491
68.745282,-9.203811,-0.238464,-1.029041,-19.374026,143.461442
67.787816,-10.344058,-0.184685,-0.626021,-19.390406,145.305620
69.953420,-10.781860,-0.243303,-0.777231,-19.324360,141.415538
65.716663,-10.793623,-0.229071,-0.671857,-19.457893,149.823588
66.012720,-8.227859,-0.070931,-0.643924,-19.445906,148.192437
65.600775,-7.865139,-0.100250,-0.769867,-19.456018,149.399591
66.726200,-7.535054,-0.105858,-0.860516,-19.421632,146.240026
70.101652,-9.396403,-0.213215,-0.899595,-19.326023,141.437982
66.421927,-10.035317,-0.166821,-0.609209,-19.431508,147.992682
67.949974,-9.046941,-0.181835,-0.824422,-19.396379,145.716504
67.696098,-7.584488,-0.145174,-0.972479,-19.388799,143.500581
66.483677,-9.489698,-0.112626,-0.556649,-19.430830,147.491666
67.613928,-9.986986,-0.183811,-0.663020,-19.399941,144.283058
65.376807,-11.028118,-0.186299,-0.532386,-19.468027,149.111526
66.126131,-9.157701,-0.208585,-0.868971,-19.451073,149.486579
65.644222,-8.897846,-0.163221,-0.748218,-19.459717,148.872418
69.975543,-8.504777,-0.229209,-1.168135,-19.327253,140.418525
66.411000,-8.297088,-0.191250,-0.977951,-19.439876,147.787602
65.488464,-7.130590,-0.130726,-1.022419,-19.463327,149.520333
68.674960,-8.930678,-0.184193,-0.851024,-19.357864,142.816018
68.751531,-9.685006,-0.229744,-0.885830,-19.363299,143.315405
67.174382,-11.046594,-0.218306,-0.640583,-19.423118,148.040874
67.987052,-7.646248,-0.174754,-1.108029,-19.384015,144.504617
64.492034,-7.244827,-0.137839,-0.991087,-19.486386,150.388339
68.473560,-10.726757,-0.241367,-0.766846,-19.381302,144.659863
68.238860,-9.346073,-0.195184,-0.806095,-19.382052,144.536277
67.081134,-8.817222,-0.186547,-0.843741,-19.410887,145.331145
67.029737,-7.617302,-0.146150,-0.971647,-19.413002,145.587574
68.602898,-9.506847,-0.193694,-0.785970,-19.372780,144.043605
69.509257,-8.893241,-0.191401,-0.895947,-19.335343,141.409680
69.997111,-8.898550,-0.190065,-0.898916,-19.325421,140.863349
67.560502,-9.954457,-0.181751,-0.668093,-19.400047,146.093694
67.724323,-10.814375,-0.172556,-0.532730,-19.390423,143.285827
68.361291,-8.061251,-0.188943,-1.070605,-19.380405,144.564602
67.135301,-7.644666,-0.094345,-0.798135,-19.407220,145.809547
68.914643,-8.255507,-0.197343,-1.060505,-19.358417,142.881081
67.342528,-10.194736,-0.189219,-0.656365,-19.413228,145.999620
68.763729,-8.713563,-0.172719,-0.860149,-19.366624,142.700894
66.742282,-10.901444,-0.198175,-0.591187,-19.432493,147.683583
66.246357,-9.750476,-0.205905,-0.759492,-19.453493,148.718279
64.378657,-10.622024,-0.191504,-0.576591,-19.507639,152.260458
67.097380,-8.830145,-0.202097,-0.924427,-19.419268,147.867864
66.481531,-9.630846,-0.143980,-0.598009,-19.436713,147.983494
66.174849,-8.730841,-0.173412,-0.823367,-19.444311,148.778293
66.967874,-9.991065,-0.184559,-0.661666,-19.418922,146.960756
65.962035,-9.232158,-0.204359,-0.823203,-19.455335,149.404136
67.829125,-10.059925,-0.192771,-0.678148,-19.393586,144.260545
67.483727,-11.320981,-0.215461,-0.595854,-19.406092,146.106323
67.682561,-9.947204,-0.207276,-0.741710,-19.399715,144.706000
66.430351,-7.322797,-0.179540,-1.199727,-19.440655,147.880740
67.183624,-8.411530,-0.197314,-0.988326,-19.412504,145.268999
66.638648,-9.762620,-0.199799,-0.736117,-19.424013,148.482035
66.401414,-9.416249,-0.208084,-0.826694,-19.439903,149.296077
67.858498,-7.230321,-0.156304,-1.147495,-19.390789,145.000500
68.822198,-10.829820,-0.215633,-0.661440,-19.361110,142.730640
67.145139,-8.333252,-0.203713,-1.050019,-19.419132,146.955748
68.214054,-9.936726,-0.204574,-0.746883,-19.382859,144.058070
68.393778,-7.705563,-0.206870,-1.256708,-19.378693,143.333311
67.459271,-7.809506,-0.236859,-1.393111,-19.412006,146.541054
66.433823,-7.628161,-0.204259,-1.228295,-19.432312,148.170702
64.427346,-7.125681,-0.213338,-1.409393,-19.499884,152.344864
68.469149,-8.732463,-0.195653,-0.933923,-19.372337,143.236574
68.227998,-9.542278,-0.215394,-0.865511,-19.381071,146.518545
68.138262,-11.117044,-0.192481,-0.569887,-19.385912,144.824371
69.237310,-10.891734,-0.191261,-0.599723,-19.352601,142.607187
67.336778,-10.622258,-0.228552,-0.723782,-19.416239,147.173808
66.699063,-8.371408,-0.175669,-0.902602,-19.427364,146.087233
66.867283,-9.231285,-0.165815,-0.712376,-19.420957,146.747475
67.295162,-10.975496,-0.179559,-0.537945,-19.408213,145.579241
67.116561,-8.064391,-0.161611,-0.922316,-19.408392,145.069573
68.935042,-8.941688,-0.169199,-0.808243,-19.360699,142.792171
66.434365,-10.716300,-0.175669,-0.550753,-19.431859,147.813592
68.041325,-9.522783,-0.171090,-0.706010,-19.384664,144.843547
67.259741,-9.095288,-0.235883,-1.011936,-19.414113,147.003116
67.293723,-8.182589,-0.114667,-0.748480,-19.403693,145.155788
65.301255,-8.794309,-0.161651,-0.776581,-19.469959,152.515386
68.131292,-7.331892,-0.146554,-1.078560,-19.377541,144.447131
69.400189,-9.548844,-0.199898,-0.816739,-19.350309,142.778621
65.604205,-10.193024,-0.160714,-0.566351,-19.459012,149.593265
68.842271,-10.336841,-0.151871,-0.557107,-19.358279,142.386684
66.440836,-6.978002,-0.147389,-1.137356,-19.434244,146.066339
67.121939,-9.201857,-0.128240,-0.636519,-19.414155,145.350005
68.759866,-10.406758,-0.176459,-0.604422,-19.361924,142.570163
65.529365,-11.093548,-0.175885,-0.503404,-19.462953,148.473793
66.303075,-7.664573,-0.177843,-1.094633,-19.443607,148.589570
65.751626,-8.607253,-0.149133,-0.759281,-19.449801,148.418196
67.854453,-8.868109,-0.236998,-1.076631,-19.393189,145.171659
67.323483,-8.257931,-0.199694,-1.056053,-19.411800,146.803743
65.096258,-7.138396,-0.128522,-1.015193,-19.476687,150.538863
66.952084,-9.219963,-0.145201,-0.651459,-19.407379,145.481159
67.207680,-8.552101,-0.218554,-1.061690,-19.415799,146.973741
66.960393,-9.832982,-0.170956,-0.655319,-19.422385,146.535447
67.816551,-8.081654,-0.168299,-0.954005,-19.386179,144.648914
65.638542,-7.598555,-0.139318,-0.931543,-19.453278,148.245670
68.522467,-9.928221,-0.225775,-0.830097,-19.380476,144.209690
67.363099,-9.187709,-0.171298,-0.755692,-19.406753,146.751982
70.914431,-9.716899,-0.231312,-0.917533,-19.295089,139.596004
66.995193,-7.535080,-0.158735,-1.045459,-19.412325,146.333916
68.337173,-9.982156,-0.183584,-0.675080,-19.374952,144.496827
67.849667,-8.071546,-0.160748,-0.934224,-19.385516,144.408473
70.078379,-9.856612,-0.243089,-0.944908,-19.331636,142.260295
69.021072,-9.930002,-0.151633,-0.604221,-19.350063,141.115029
68.151346,-10.176188,-0.180185,-0.637443,-19.375208,143.613143
67.744509,-8.350702,-0.169007,-0.903064,-19.395053,144.427994
68.612246,-8.362915,-0.123867,-0.763624,-19.361075,143.354700
67.536037,-7.828419,-0.174771,-1.051386,-19.401835,145.826895
66.670821,-10.097235,-0.199112,-0.692609,-19.431429,148.466555
67.731565,-9.330222,-0.211981,-0.873153,-19.401731,145.237301
65.742640,-10.716023,-0.233029,-0.701991,-19.465856,150.455113
68.211666,-9.222123,-0.179329,-0.784571,-19.384094,144.424239
64.853820,-10.324311,-0.172871,-0.575294,-19.492345,151.787685
67.119113,-7.442327,-0.158052,-1.080015,-19.419556,146.833807
67.328159,-8.980560,-0.131425,-0.670820,-19.398798,145.726574
66.297611,-8.001753,-0.199740,-1.097623,-19.442204,148.382945
65.812928,-10.023956,-0.192587,-0.664105,-19.456411,148.161158
66.885470,-8.456120,-0.200509,-0.986452,-19.423721,146.814279
65.503082,-10.526419,-0.211657,-0.653923,-19.468258,149.450448
68.226498,-11.856977,-0.234890,-0.602420,-19.384127,144.705360
68.808420,-8.931190,-0.196891,-0.899855,-19.357155,142.489177
65.594207,-7.302368,-0.189864,-1.232135,-19.468811,149.142685
66.526872,-9.177773,-0.198227,-0.818742,-19.438157,146.500947
67.042522,-9.685707,-0.208540,-0.778717,-19.417144,146.343283
67.679139,-9.023335,-0.155919,-0.737984,-19.390937,145.339494
68.608004,-6.906379,-0.156580,-1.269329,-19.364896,143.183641
70.638931,-11.497966,-0.245167,-0.695640,-19.310229,139.503739
67.700714,-9.209242,-0.202133,-0.862196,-19.398897,146.379957
68.150735,-10.329028,-0.198108,-0.682246,-19.391749,146.131921
69.192937,-7.914375,-0.228385,-1.326071,-19.353989,141.807474
67.083789,-7.923338,-0.242140,-1.386602,-19.423993,147.636632
67.379951,-7.241874,-0.163317,-1.155483,-19.398689,144.678484
64.193230,-7.338300,-0.217870,-1.354306,-19.508507,153.032445
69.655513,-9.978606,-0.179571,-0.682631,-19.336606,141.244268
67.147744,-10.503701,-0.202841,-0.645111,-19.421542,146.140336
69.163940,-11.571691,-0.199732,-0.546690,-19.353866,142.607064
67.984608,-10.418170,-0.192066,-0.637355,-19.387786,145.159656
66.252470,-10.448722,-0.210783,-0.673215,-19.442525,149.561947
66.719894,-8.844971,-0.201261,-0.913559,-19.434488,147.733307
68.618690,-9.345957,-0.156982,-0.697373,-19.363519,143.725911
68.074156,-11.342449,-0.185002,-0.527989,-19.388326,144.577362
65.785037,-8.615719,-0.202518,-0.938325,-19.456306,148.681837
66.846942,-10.494509,-0.172406,-0.569568,-19.421537,146.502913
66.179053,-10.508411,-0.194229,-0.622648,-19.444459,148.844118
67.426886,-9.624367,-0.172002,-0.692417,-19.405094,146.035929
67.966319,-8.962298,-0.214925,-0.954443,-19.382064,145.276239
69.210103,-8.170318,-0.116088,-0.804585,-19.344986,142.453579
66.651336,-9.539375,-0.214585,-0.831407,-19.429346,148.317447
68.524429,-8.157857,-0.162509,-0.944681,-19.369360,144.164675
68.176188,-10.396772,-0.206592,-0.702858,-19.384959,145.927393
68.768586,-10.323697,-0.159794,-0.579809,-19.351944,143.110430
67.951399,-10.387599,-0.132354,-0.503505,-19.386382,143.559753
70.080440,-7.793380,-0.149200,-0.997970,-19.316510,140.282340
66.283662,-9.972512,-0.151958,-0.578804,-19.439255,147.278334
67.046372,-10.408250,-0.183525,-0.608344,-19.419523,146.267830
66.868897,-10.895315,-0.169599,-0.522070,-19.420335,146.303327
65.167586,-7.282484,-0.178585,-1.173241,-19.482070,149.518001
66.100414,-8.049673,-0.174822,-0.951448,-19.446793,147.771989
67.447038,-8.430460,-0.219480,-1.085561,-19.401173,145.329758
69.338578,-8.695323,-0.205645,-0.990145,-19.343493,142.007479
65.498153,-7.028870,-0.132935,-1.077601,-19.464932,149.936168
66.823377,-10.622582,-0.184546,-0.580832,-19.420749,146.225679
66.614633,-9.004371,-0.219079,-0.948304,-19.431389,148.049073
66.887099,-10.455671,-0.207747,-0.674484,-19.432776,147.140700
68.487497,-8.247718,-0.195674,-1.022551,-19.368137,142.311043
65.608706,-8.806535,-0.187011,-0.842257,-19.464472,149.481203
67.230654,-9.436793,-0.243192,-0.991283,-19.419301,148.065093
67.109498,-9.397252,-0.175917,-0.731193,-19.418233,147.620888
65.629466,-10.211167,-0.169620,-0.579728,-19.455303,148.367638
66.186890,-8.241247,-0.148940,-0.841607,-19.441472,148.309812
68.358534,-9.808009,-0.205010,-0.769026,-19.373950,144.251011
68.186714,-9.147965,-0.201110,-0.881421,-19.377083,145.705534
68.570205,-9.937420,-0.242039,-0.899945,-19.377261,144.343068
68.538323,-9.284828,-0.144169,-0.668164,-19.360330,142.686601
68.545895,-8.119289,-0.123279,-0.805890,-19.357749,141.955597
68.000286,-9.171577,-0.192340,-0.827373,-19.384040,144.405902
67.597705,-8.273976,-0.117556,-0.757126,-19.387367,144.875893
67.644275,-8.353777,-0.182353,-0.942003,-19.401108,144.827044
66.219260,-9.359700,-0.228972,-0.915563,-19.446252,149.650237
63.863505,-9.842455,-0.185849,-0.658698,-19.523683,153.640753
66.940082,-10.118031,-0.238524,-0.821975,-19.426858,147.815033
67.647394,-9.947850,-0.186157,-0.683823,-19.403554,145.840174
65.488017,-10.195388,-0.160279,-0.567008,-19.466547,149.884554
68.326286,-7.876023,-0.146893,-0.932251,-19.380098,143.950725
67.026329,-9.194095,-0.132471,-0.643593,-19.412116,146.279477
64.778662,-7.074351,-0.165310,-1.189209,-19.500835,151.160605
66.484896,-10.334513,-0.213069,-0.694996,-19.439007,147.886893
66.082431,-7.983659,-0.134255,-0.829836,-19.438753,147.986495
66.508872,-9.934389,-0.201046,-0.721245,-19.438045,148.418303
68.410520,-12.038879,-0.245013,-0.610612,-19.378483,144.075037
67.886252,-9.245956,-0.181216,-0.776377,-19.397198,144.320756
66.511922,-7.762020,-0.213128,-1.221922,-19.437200,147.422572
68.304784,-8.019399,-0.162489,-0.954570,-19.375367,142.596529
67.295637,-9.196806,-0.190531,-0.796162,-19.409446,145.029561
66.058591,-9.453671,-0.178726,-0.702622,-19.441305,147.550915
68.774758,-6.756916,-0.155999,-1.313223,-19.360772,143.040516
68.545527,-10.939784,-0.231308,-0.693839,-19.373669,143.717964
67.786932,-7.618574,-0.177192,-1.125663,-19.388708,145.374626
67.717905,-8.678592,-0.151718,-0.776480,-19.394135,144.594942
70.129934,-7.856720,-0.230283,-1.374197,-19.323247,139.653519
67.649798,-7.945287,-0.247575,-1.420111,-19.406869,146.702064
68.128269,-7.156567,-0.161814,-1.182371,-19.369646,143.142457
66.002913,-7.246847,-0.186841,-1.249190,-19.447364,148.785852
69.248873,-10.539207,-0.220015,-0.729752,-19.354743,142.835337
69.522520,-9.847271,-0.175505,-0.689448,-19.344123,141.850542
66.641871,-11.418219,-0.220540,-0.591897,-19.438511,148.497820
68.259194,-10.508975,-0.214400,-0.695458,-19.377467,144.099474
66.678913,-9.203868,-0.166300,-0.705960,-19.420854,144.866547
66.224431,-8.687190,-0.189366,-0.896750,-19.448995,149.670590
68.665332,-9.931040,-0.130465,-0.554540,-19.358452,142.764644
70.749471,-12.640379,-0.212250,-0.496803,-19.304586,139.921562
66.515573,-8.875486,-0.212073,-0.931478,-19.435063,147.556268
66.427140,-10.301689,-0.185706,-0.612404,-19.428317,146.759484
67.457622,-11.049477,-0.233287,-0.688011,-19.411486,147.168882
68.845890,-10.731999,-0.207001,-0.664270,-19.360763,144.323778
69.239254,-7.937528,-0.166609,-1.000925,-19.340515,140.651855
67.994913,-9.060994,-0.163641,-0.760625,-19.387213,144.811764
66.409146,-10.023473,-0.214588,-0.748673,-19.439237,148.972004
68.993976,-7.748532,-0.122962,-0.889925,-19.347382,142.080965
68.579232,-10.048517,-0.209489,-0.767086,-19.371879,145.259129
68.043995,-9.767232,-0.150892,-0.615500,-19.382893,144.662912
66.650448,-10.145512,-0.122619,-0.500554,-19.423706,145.745525
69.348265,-7.991467,-0.181348,-1.072789,-19.344095,142.069259
67.391386,-10.399872,-0.174329,-0.586470,-19.408353,145.125204
67.135557,-8.440653,-0.187732,-0.939567,-19.422821,145.951195
66.061236,-11.125380,-0.158160,-0.470948,-19.443191,148.379526
65.339137,-7.046846,-0.172331,-1.213277,-19.465007,148.881658
68.040634,-7.962686,-0.140723,-0.891511,-19.379255,144.057664
68.865929,-9.567223,-0.234088,-0.935465,-19.365723,144.150225
68.146605,-9.702549,-0.207792,-0.797332,-19.380840,144.676201
64.511035,-6.924457,-0.119451,-1.024552,-19.495337,151.433696
66.600443,-10.499628,-0.180931,-0.585629,-19.426076,146.907049
67.018249,-9.153940,-0.212687,-0.902102,-19.422594,146.781978
68.182283,-9.752124,-0.164397,-0.656139,-19.384034,144.047600
67.974601,-7.569639,-0.171099,-1.108185,-19.381012,144.087915
68.544893,-9.710362,-0.209909,-0.815517,-19.379444,144.922335
67.394592,-8.673348,-0.186727,-0.900546,-19.408063,146.371757
66.961372,-8.579693,-0.149978,-0.790227,-19.423297,146.759590
65.706849,-8.597841,-0.124307,-0.686470,-19.451432,148.553731
67.709152,-10.065139,-0.201758,-0.713685,-19.400890,146.206730
68.445390,-9.159794,-0.157191,-0.716524,-19.369815,143.009556
67.230935,-8.737087,-0.206330,-0.969142,-19.412440,146.937654
70.227239,-10.077774,-0.249817,-0.938288,-19.327807,141.981813
66.965816,-9.735906,-0.160734,-0.635961,-19.417579,146.734771
66.597061,-7.589398,-0.118053,-0.878003,-19.422869,146.136170
69.146456,-8.599686,-0.170571,-0.880690,-19.349098,142.827384
66.538988,-7.897051,-0.171953,-0.993047,-19.436425,146.432741
68.716850,-8.873376,-0.208850,-0.954383,-19.364160,142.432911
67.016426,-8.769276,-0.216815,-0.996856,-19.414885,147.670555
68.003590,-10.262232,-0.180060,-0.634161,-19.393599,145.770856
66.789188,-9.505783,-0.189893,-0.735394,-19.420899,147.215128
67.091358,-10.677096,-0.194332,-0.609131,-19.420794,147.217709
67.003346,-9.919984,-0.167096,-0.625082,-19.420730,146.210925
70.044968,-9.102399,-0.184842,-0.823140,-19.317162,138.694508
67.405406,-9.070086,-0.134720,-0.668328,-19.400789,144.962606
66.114217,-7.259120,-0.110783,-0.914767,-19.438891,146.985624
68.861311,-10.334955,-0.202086,-0.697868,-19.360771,143.585718
67.295557,-7.703430,-0.156717,-0.998713,-19.397411,145.161039
66.942535,-8.999004,-0.152962,-0.709003,-19.411290,146.435682
68.008296,-10.437751,-0.208245,-0.682356,-19.384602,144.025182
67.145642,-10.413330,-0.206128,-0.669779,-19.416340,146.979718
67.790441,-7.637524,-0.179999,-1.128493,-19.388878,144.385411
66.916820,-7.751689,-0.178893,-1.064491,-19.410450,145.563897
67.228620,-8.576868,-0.181850,-0.898411,-19.414813,146.461376
66.473196,-9.987801,-0.192668,-0.679737,-19.435266,148.255124
68.678579,-6.907944,-0.176285,-1.390390,-19.369711,143.575253
68.853789,-10.341400,-0.238545,-0.815071,-19.366064,143.549290
68.722942,-8.200571,-0.169893,-0.962725,-19.360174,143.207936
67.260970,-10.049522,-0.211140,-0.733441,-19.412764,145.763724
68.071061,-7.728971,-0.225547,-1.370276,-19.390190,144.821290
67.739371,-7.641841,-0.238139,-1.452787,-19.401054,145.171758
66.489844,-7.209619,-0.127385,-0.986366,-19.423561,145.377336
66.901011,-7.070673,-0.190252,-1.325010,-19.415701,145.915180
66.705105,-9.912478,-0.200528,-0.709834,-19.432011,146.457582
67.423930,-9.835859,-0.171934,-0.639560,-19.404282,144.020522
67.022633,-11.133516,-0.229315,-0.655771,-19.424180,146.771715
68.137628,-10.617619,-0.196898,-0.628596,-19.383228,143.548135
64.967210,-7.887691,-0.139668,-0.870973,-19.482865,151.422023
66.656168,-9.577398,-0.222799,-0.857843,-19.434898,148.620640
69.416128,-9.933280,-0.134269,-0.574766,-19.339601,141.618967
68.588053,-11.974669,-0.213445,-0.540872,-19.374671,144.131469
66.559754,-9.436277,-0.205058,-0.812823,-19.434233,147.762061
68.352694,-10.033932,-0.197947,-0.709711,-19.373636,143.496797
67.438313,-11.571815,-0.263299,-0.731832,-19.420273,149.348075
70.636396,-11.705442,-0.228693,-0.623922,-19.301606,140.601213
68.132642,-8.433786,-0.198248,-1.001759,-19.384526,144.131743
68.713025,-9.495885,-0.178670,-0.733448,-19.365382,142.372031
67.893196,-10.281391,-0.207895,-0.712804,-19.394558,145.648060
66.437104,-7.843528,-0.124880,-0.829573,-19.432068,146.237982
67.488557,-9.957376,-0.218191,-0.788063,-19.404127,147.177294
65.214781,-8.510408,-0.147604,-0.761083,-19.466788,149.610068
64.852638,-9.147272,-0.102897,-0.559286,-19.480635,149.945580
69.914414,-8.824472,-0.183522,-0.899961,-19.332481,141.405337
66.995012,-10.439377,-0.175281,-0.588691,-19.421468,146.480110
68.331453,-9.436279,-0.219998,-0.891512,-19.387647,144.323686
66.114024,-11.107017,-0.159185,-0.475635,-19.441821,148.294663
67.504905,-6.987977,-0.157018,-1.206007,-19.395975,144.397337
66.417551,-8.389874,-0.166679,-0.863827,-19.433228,148.213090
68.305466,-9.561008,-0.232926,-0.929985,-19.380256,145.387419
67.697780,-9.400684,-0.211042,-0.844074,-19.393098,144.836908
66.228285,-7.342486,-0.138187,-1.020306,-19.437598,148.463894
67.292531,-8.897311,-0.183303,-0.826758,-19.402849,145.332999
66.678768,-8.519190,-0.242890,-1.188922,-19.438789,147.335637
68.404588,-9.892202,-0.184163,-0.695079,-19.380619,145.216812
69.037164,-8.199167,-0.196275,-1.060073,-19.352525,141.668111
67.239503,-10.114703,-0.214662,-0.748269,-19.415346,147.946281
66.274513,-8.007140,-0.199519,-1.098023,-19.441980,149.463435
67.174317,-8.155768,-0.119176,-0.771865,-19.411355,145.673085
66.758315,-8.808955,-0.154609,-0.744487,-19.416757,146.376983
68.161777,-8.986821,-0.161623,-0.755453,-19.377478,144.489283
67.407856,-9.219076,-0.210880,-0.876647,-19.404965,145.547339
67.451110,-8.080751,-0.211676,-1.156281,-19.406464,146.316711
69.618265,-9.670104,-0.242265,-0.975729,-19.345010,142.203994
68.968454,-11.380312,-0.193931,-0.547129,-19.360589,142.000891
67.799972,-8.524180,-0.122686,-0.729836,-19.387667,143.961821
68.258989,-8.941416,-0.131826,-0.689360,-19.373659,144.125054
67.434718,-7.875474,-0.183925,-1.071753,-19.407859,145.286555
67.791049,-8.274165,-0.161228,-0.885774,-19.385592,144.163063
68.372752,-9.284286,-0.215234,-0.903367,-19.374606,144.734531
67.325207,-9.706332,-0.161086,-0.645325,-19.406438,146.055500
67.974524,-9.488399,-0.217749,-0.862704,-19.390730,144.392697
66.754398,-10.500801,-0.180966,-0.592266,-19.428618,148.045844
65.601381,-9.299578,-0.172174,-0.716708,-19.462275,150.269660
67.741959,-7.443313,-0.168070,-1.139148,-19.393346,145.248102
66.047186,-8.446431,-0.111532,-0.678138,-19.432340,147.036749
67.737102,-7.330822,-0.101268,-0.901742,-19.386540,143.387934
66.713875,-9.332903,-0.188675,-0.772503,-19.426613,148.375729
68.265383,-9.145789,-0.202737,-0.884626,-19.374907,145.873645
68.060626,-9.041640,-0.173285,-0.781779,-19.384942,143.129093
67.362274,-11.118826,-0.188932,-0.549775,-19.407251,145.193600
67.421478,-8.087800,-0.158616,-0.917816,-19.403323,145.652990
68.205509,-8.025272,-0.186133,-1.062083,-19.382273,144.411476
67.681427,-7.579418,-0.152841,-1.022194,-19.391258,144.162210
67.935991,-7.853526,-0.178643,-1.055061,-19.396350,144.046201
66.596316,-9.694553,-0.198189,-0.749752,-19.431459,148.891303
68.358465,-6.809790,-0.157685,-1.327047,-19.377573,144.916227
69.881099,-10.193811,-0.217677,-0.782358,-19.335712,141.691288
68.777594,-8.144238,-0.183860,-1.028657,-19.365772,142.863742
66.120371,-9.449674,-0.179649,-0.716025,-19.449782,148.021330
68.991188,-7.292626,-0.217134,-1.481645,-19.358726,143.242797
67.748119,-7.676350,-0.238864,-1.451176,-19.400837,145.153807
67.616716,-7.554052,-0.136744,-0.954745,-19.389595,143.506143
66.160096,-7.063211,-0.184015,-1.303498,-19.434815,148.808255
67.558308,-8.773686,-0.198069,-0.917269,-19.403987,145.241382
67.547101,-10.218790,-0.169146,-0.610147,-19.404373,145.454856
66.486537,-10.832752,-0.208079,-0.622194,-19.435824,147.757883
68.232146,-9.890622,-0.192666,-0.709764,-19.377309,143.306372
68.439529,-8.985225,-0.209883,-0.943574,-19.380552,144.428737
67.613131,-9.666066,-0.227878,-0.880778,-19.412499,147.035788
69.923293,-10.372335,-0.173178,-0.616551,-19.328874,141.347837
68.578549,-12.098175,-0.212776,-0.526506,-19.375389,144.205964
67.128057,-9.631749,-0.194868,-0.753646,-19.411610,146.534534
68.382867,-10.939926,-0.197673,-0.601826,-19.375621,144.349544
67.292927,-11.368310,-0.224767,-0.617896,-19.415171,146.443648
69.924359,-11.316493,-0.207659,-0.606752,-19.325887,142.109893
67.483736,-8.185505,-0.208325,-1.091192,-19.400791,145.508461
68.354956,-10.155633,-0.172520,-0.622953,-19.380006,143.612936
67.619547,-9.633613,-0.192456,-0.747652,-19.398203,146.081622
67.833246,-7.844015,-0.139532,-0.898569,-19.382596,143.474834
66.543298,-9.220095,-0.147807,-0.669392,-19.428374,147.826913
66.842701,-8.405881,-0.157449,-0.833173,-19.420356,146.261559
67.119082,-10.690374,-0.163243,-0.535316,-19.415941,146.447920
67.897594,-8.563916,-0.169597,-0.871455,-19.390952,144.980072
66.831219,-11.208616,-0.196697,-0.553936,-19.428972,147.549630
67.699363,-9.652697,-0.199726,-0.764328,-19.397558,145.461289
67.468511,-11.245896,-0.166751,-0.491310,-19.403041,145.317233
67.078082,-6.833958,-0.152152,-1.251651,-19.413756,145.705719
67.049546,-8.537394,-0.204565,-0.980864,-19.419432,146.743667
68.142159,-9.602015,-0.236559,-0.931012,-19.387941,145.063509
70.174020,-8.565024,-0.202068,-1.027608,-19.322111,140.591423
65.310327,-7.040947,-0.116523,-0.992359,-19.465609,149.443926
66.035381,-8.580161,-0.177665,-0.854341,-19.446730,148.239265
67.259198,-7.826872,-0.196460,-1.123436,-19.406072,144.649326
68.663213,-9.120170,-0.206070,-0.910795,-19.377294,144.469842
70.309562,-9.216916,-0.239311,-1.054263,-19.316725,140.452906
67.894776,-10.230588,-0.229188,-0.782945,-19.387450,145.421421
65.785078,-8.237509,-0.176668,-0.935739,-19.455118,149.598757
65.714191,-8.047719,-0.079312,-0.682601,-19.461357,148.872799
68.457822,-10.049493,-0.204633,-0.733271,-19.370389,143.661833
67.628647,-9.566297,-0.213717,-0.836807,-19.403841,145.349389
66.912084,-8.636709,-0.162886,-0.804768,-19.417271,145.784645
67.399510,-7.866544,-0.231579,-1.336105,-19.410368,147.024963
67.296971,-9.357428,-0.199934,-0.813480,-19.408991,146.056919
69.552781,-11.739788,-0.200403,-0.537383,-19.343988,140.957239
67.985795,-8.596002,-0.136704,-0.746813,-19.382353,143.230701
66.331358,-9.389146,-0.165730,-0.683384,-19.435638,147.809663
68.748199,-8.322233,-0.203439,-1.067435,-19.367408,142.862879
66.702850,-8.273159,-0.184278,-0.960667,-19.424005,147.094341
67.313201,-8.770447,-0.195196,-0.901406,-19.404608,146.589602
67.916691,-8.915601,-0.092050,-0.597636,-19.381294,143.969952
67.582030,-9.222447,-0.180622,-0.770136,-19.398391,144.479499
67.143449,-9.434003,-0.191949,-0.767743,-19.411302,146.310547
67.922359,-8.090323,-0.168744,-0.960374,-19.387109,145.553351
68.305891,-7.930958,-0.144543,-0.925918,-19.377836,144.525503
68.402239,-8.672450,-0.192138,-0.938255,-19.367275,144.029194
66.272301,-6.801144,-0.119622,-1.086674,-19.434843,146.887401
68.946136,-9.861611,-0.203645,-0.753824,-19.356899,141.908621
67.615298,-9.272195,-0.205366,-0.851580,-19.398915,146.538239
67.010514,-9.604958,-0.187047,-0.728341,-19.423455,147.969125
65.965201,-11.101605,-0.166693,-0.486692,-19.445317,147.528156
68.079442,-6.883429,-0.138939,-1.197612,-19.383718,144.698417
67.872028,-7.169265,-0.176490,-1.273760,-19.389200,145.331497
68.431783,-7.704642,-0.169344,-1.055949,-19.367373,142.579135
67.353273,-7.199339,-0.117525,-1.001259,-19.408158,145.214923
67.702402,-9.441389,-0.181168,-0.748327,-19.400938,146.763425
68.408937,-6.528899,-0.133084,-1.306909,-19.377899,144.162271
68.787481,-9.789200,-0.211144,-0.800677,-19.365470,143.740963
68.497906,-8.471575,-0.175113,-0.915204,-19.373197,143.199687
67.210422,-9.703400,-0.209587,-0.784322,-19.417862,146.106244
70.293917,-7.512458,-0.224386,-1.476419,-19.317898,140.895037
67.186549,-7.805735,-0.248537,-1.458595,-19.417903,145.840542
66.835393,-7.203085,-0.132011,-0.996793,-19.409511,144.611128
67.064630,-6.877000,-0.172826,-1.330494,-19.417033,146.881949
66.257734,-8.509197,-0.184548,-0.898486,-19.442367,146.950222
67.957654,-9.528902,-0.189399,-0.768462,-19.390040,144.849312
67.513802,-10.019581,-0.181631,-0.642379,-19.397700,143.160453
67.750130,-10.266566,-0.214643,-0.719061,-19.399450,144.749853
67.869556,-9.204412,-0.214487,-0.904530,-19.396973,145.477143
67.738081,-9.513778,-0.218401,-0.863498,-19.399281,146.119365
67.143987,-8.075733,-0.183017,-0.990300,-19.412765,146.076672
69.596117,-11.894861,-0.225693,-0.590183,-19.343616,142.159441
66.846562,-8.947568,-0.212179,-0.932359,-19.419940,147.584034
66.837983,-11.398445,-0.220885,-0.594595,-19.422698,147.261486
67.363678,-11.145617,-0.247382,-0.713019,-19.416406,146.414167
70.610803,-11.009478,-0.200788,-0.620399,-19.309032,139.319978
67.261307,-8.416578,-0.177224,-0.910995,-19.409385,145.483297
67.232314,-10.368974,-0.180748,-0.610703,-19.414854,146.533287
67.032069,-9.318354,-0.167172,-0.719603,-19.418599,147.696000
67.931110,-8.122125,-0.181224,-1.019903,-19.394783,145.809353
67.712910,-10.711344,-0.180098,-0.576746,-19.393883,145.758895
69.504953,-9.260365,-0.153367,-0.705459,-19.336929,140.323719
66.347914,-11.198175,-0.184654,-0.524319,-19.437592,147.687704
68.414815,-8.147195,-0.180962,-1.004537,-19.379771,143.267257
65.890468,-10.619914,-0.165189,-0.537465,-19.458226,148.931593
66.073126,-10.227182,-0.193253,-0.651867,-19.447775,148.493560
67.602947,-11.303498,-0.153161,-0.460533,-19.397313,144.402278
67.166081,-6.700793,-0.154931,-1.307231,-19.411147,145.674860
67.951271,-8.562557,-0.198874,-0.972372,-19.390816,144.232001
67.884323,-9.246463,-0.218663,-0.918035,-19.395634,145.027177
69.004990,-8.617170,-0.190644,-0.944792,-19.351370,143.268517
67.351092,-7.774844,-0.184520,-1.092429,-19.401570,144.690323
66.938028,-8.890143,-0.203595,-0.904861,-19.418332,146.682790
67.379285,-7.414063,-0.170427,-1.148317,-19.404466,145.676685
69.244020,-8.732176,-0.164103,-0.828247,-19.336115,141.616957
69.464874,-8.654502,-0.213139,-1.043021,-19.338664,141.490068
67.791245,-10.214376,-0.229819,-0.780698,-19.396516,144.795259
67.480225,-8.591341,-0.203409,-0.987305,-19.403058,146.055093
66.921247,-8.783887,-0.126859,-0.698322,-19.422397,146.536426
67.026613,-8.381741,-0.171687,-0.890758,-19.406907,145.649728
66.985012,-10.032463,-0.196019,-0.686593,-19.412563,147.039137
66.261724,-10.081903,-0.162988,-0.585242,-19.439543,146.948981
67.272462,-7.767568,-0.232988,-1.372778,-19.413752,147.484065
66.728865,-9.444394,-0.228128,-0.893170,-19.429834,146.744448
69.347341,-11.934123,-0.226277,-0.580802,-19.353612,141.933747
68.234893,-9.264984,-0.182829,-0.762018,-19.373551,142.535148
66.860633,-9.368741,-0.164656,-0.702093,-19.418631,147.529585
68.191513,-7.892358,-0.175649,-1.035836,-19.382007,143.752228
68.115967,-8.708645,-0.181875,-0.883994,-19.384622,144.785957
68.140497,-9.359268,-0.174209,-0.737231,-19.379708,143.548207
69.723230,-8.899758,-0.123851,-0.697741,-19.325482,140.972932
67.782143,-8.666869,-0.183174,-0.882748,-19.392915,144.708780
67.379913,-8.707986,-0.180039,-0.862012,-19.400819,144.699969
68.757947,-8.381276,-0.193017,-1.002935,-19.365998,142.345111
67.323149,-7.381023,-0.109892,-0.924477,-19.404123,145.819100
66.268890,-9.779226,-0.161209,-0.622124,-19.430671,147.838520
65.810376,-6.954597,-0.108031,-0.991926,-19.447227,147.365235
66.419532,-9.463893,-0.175438,-0.707846,-19.439480,148.407140
65.983499,-8.257321,-0.175318,-0.912244,-19.446916,147.897861
67.663224,-10.432109,-0.172478,-0.589342,-19.395530,145.242468
66.430065,-11.272983,-0.173554,-0.493047,-19.425882,146.616596
66.328423,-7.604162,-0.160358,-1.025751,-19.437364,146.994732
68.949774,-7.372455,-0.190190,-1.301352,-19.357117,143.827702
67.525824,-8.085912,-0.185646,-1.022838,-19.401985,145.064880
68.027284,-7.077142,-0.134233,-1.107284,-19.387285,144.175101
70.571605,-9.231369,-0.182531,-0.817486,-19.304970,139.755023
68.891366,-8.518306,-0.219061,-1.095889,-19.360606,143.810698
69.438206,-11.860163,-0.225922,-0.587920,-19.338439,142.029118
68.164127,-8.387958,-0.177059,-0.934962,-19.379724,145.109124
67.163976,-9.174205,-0.208793,-0.861386,-19.416985,145.602176
70.559165,-7.549608,-0.165811,-1.150877,-19.309689,139.943628
67.153309,-7.796876,-0.245745,-1.439365,-19.418221,145.907860
66.779733,-7.254295,-0.137034,-1.027247,-19.415474,146.286290
66.132489,-6.920288,-0.174450,-1.308222,-19.445159,147.591638
68.438660,-9.323984,-0.152708,-0.682900,-19.373471,142.811928
66.427919,-9.885633,-0.237537,-0.860767,-19.445947,148.355023
66.978495,-8.999298,-0.166926,-0.763952,-19.415732,146.130937
64.973308,-9.583759,-0.202825,-0.754550,-19.492413,151.243015
68.171423,-9.655335,-0.217104,-0.837561,-19.380023,144.506697
66.399478,-9.172531,-0.233972,-0.972511,-19.443674,148.518303
67.258249,-8.017071,-0.167071,-0.973380,-19.418014,146.629654
67.450823,-11.948856,-0.214973,-0.536632,-19.409484,146.405022
67.532438,-7.955485,-0.147877,-0.908761,-19.390390,145.066418
66.165050,-11.230322,-0.196221,-0.543223,-19.441309,148.220081
67.296067,-10.931826,-0.254946,-0.778300,-19.419246,146.842356
71.410534,-11.329377,-0.191199,-0.572757,-19.278800,137.741823
66.514577,-8.550082,-0.178139,-0.872405,-19.438118,146.998817
68.940520,-10.392719,-0.175114,-0.611221,-19.361830,142.346926
68.716405,-10.037791,-0.216601,-0.785482,-19.370519,144.762906
67.239449,-8.295087,-0.196325,-1.005963,-19.408945,145.278955
68.966151,-10.674157,-0.173672,-0.573189,-19.347775,142.866742
68.561666,-9.136782,-0.144418,-0.689249,-19.364772,142.861161
64.369500,-10.996520,-0.179567,-0.505901,-19.499987,151.038495
69.659961,-7.985520,-0.174572,-1.035153,-19.336434,140.377254
68.659742,-10.521013,-0.204293,-0.670176,-19.371011,142.788663
67.451230,-9.389315,-0.184473,-0.756458,-19.402007,144.813721
68.529720,-11.288085,-0.133358,-0.432313,-19.367676,141.996117
66.907116,-6.724185,-0.165938,-1.335545,-19.417686,145.825429
68.170052,-7.728388,-0.203806,-1.228704,-19.389919,143.888910
67.567352,-9.599327,-0.226562,-0.877720,-19.409639,145.930180
69.344039,-9.941205,-0.228934,-0.840630,-19.349602,141.800532
65.054532,-7.583463,-0.180291,-1.096276,-19.481134,149.853665
65.214628,-10.197799,-0.216044,-0.713165,-19.483832,151.401832
67.260977,-8.221052,-0.203575,-1.064457,-19.408603,145.737520
68.182834,-8.454142,-0.164670,-0.865908,-19.376567,143.524443
68.100501,-9.282514,-0.214145,-0.888476,-19.382967,144.247629
68.101301,-10.266639,-0.224584,-0.771195,-19.393800,144.990723
67.835781,-9.512655,-0.214811,-0.841256,-19.391287,145.690241
67.556361,-7.891059,-0.080951,-0.715958,-19.394518,143.170709
65.222601,-7.391404,-0.133176,-0.957075,-19.469136,149.954367
67.695038,-11.018844,-0.228673,-0.670525,-19.395585,145.986755
68.244255,-9.112099,-0.143558,-0.689564,-19.376453,144.168928
66.875458,-7.159662,-0.192588,-1.344654,-19.424813,146.546235
66.548450,-9.866574,-0.219563,-0.792664,-19.437540,148.088079
67.827948,-10.023518,-0.180118,-0.659347,-19.392558,144.884999
69.113692,-9.304394,-0.198555,-0.829836,-19.353023,141.599634
65.505788,-10.318769,-0.189057,-0.619848,-19.470699,150.341379
66.070655,-8.529379,-0.193717,-0.947190,-19.445975,149.823645
68.914205,-9.416340,-0.232615,-0.970178,-19.371111,144.414514
69.703616,-9.604438,-0.179257,-0.737436,-19.335106,140.795650
66.304897,-9.022342,-0.132117,-0.658430,-19.442846,148.420245
66.651990,-7.592092,-0.143722,-0.965473,-19.426870,146.531297
67.438050,-8.959888,-0.171392,-0.784213,-19.403270,144.970145
68.176084,-7.428440,-0.213576,-1.373047,-19.391122,143.313251
67.917565,-7.788468,-0.095410,-0.793616,-19.384139,144.030381
66.796452,-8.521620,-0.138477,-0.751926,-19.414361,146.712347
65.982289,-7.299868,-0.127151,-0.976289,-19.446622,147.320338
66.280627,-9.429154,-0.181157,-0.741024,-19.445476,149.750423
66.979332,-8.888381,-0.177514,-0.817497,-19.413970,146.859153
68.110917,-10.974172,-0.198501,-0.600039,-19.388498,145.763696
66.304113,-11.432614,-0.194476,-0.518807,-19.437369,148.145931
67.514829,-7.564831,-0.149681,-1.019833,-19.400234,145.086224
68.951786,-7.003013,-0.142252,-1.171978,-19.345393,141.822251
67.633589,-9.312549,-0.154238,-0.683111,-19.395701,145.613907
66.372351,-8.244785,-0.206507,-1.070865,-19.442738,149.200319
66.285648,-10.095378,-0.199835,-0.692042,-19.441109,149.391258
67.878673,-8.318432,-0.218633,-1.154167,-19.398155,146.932859
67.536505,-11.470645,-0.203721,-0.557309,-19.399572,145.794395
69.269092,-8.265904,-0.157493,-0.892155,-19.343543,140.552291
68.106995,-8.204340,-0.185072,-1.014363,-19.391907,143.958705
68.123975,-8.181767,-0.189518,-1.035215,-19.385773,145.480956
67.785824,-7.728232,-0.223752,-1.343298,-19.397868,144.897679
70.004497,-8.342077,-0.202396,-1.071224,-19.324652,140.112493
66.253652,-6.760053,-0.180379,-1.414158,-19.442938,147.708617
65.515997,-9.318487,-0.194408,-0.778290,-19.470100,149.902465
68.148445,-10.351408,-0.242427,-0.817688,-19.388463,144.696877
67.317231,-9.146489,-0.163328,-0.717674,-19.396706,144.665124
67.354668,-9.099698,-0.155215,-0.707194,-19.409003,144.743422
69.433207,-10.740079,-0.195900,-0.629648,-19.338437,142.490290
64.982226,-8.299532,-0.202856,-1.008893,-19.483777,151.376766
64.714742,-7.501846,-0.158002,-1.020432,-19.496786,151.115476
66.116369,-10.743570,-0.167073,-0.530328,-19.448385,148.520019
65.072008,-8.498126,-0.207666,-0.992056,-19.480605,151.886768
67.119030,-11.267195,-0.207594,-0.577777,-19.414094,146.346668
67.557411,-10.265949,-0.245795,-0.849801,-19.411865,146.364503
70.443498,-11.807364,-0.232769,-0.624046,-19.315058,141.549366
66.820838,-8.346917,-0.185130,-0.942584,-19.431209,145.867693
69.115700,-8.772518,-0.135235,-0.729390,-19.349215,141.359920
70.231363,-9.421116,-0.209600,-0.883113,-19.321928,140.969416
67.991731,-9.140870,-0.217167,-0.926623,-19.391133,144.323222
66.900119,-10.802776,-0.186211,-0.573785,-19.419661,147.159360
68.624320,-9.812525,-0.143050,-0.593683,-19.363303,142.739629
64.757746,-11.081972,-0.182539,-0.512309,-19.489390,150.350693
66.767652,-9.072260,-0.198603,-0.849796,-19.425324,147.488964
67.391521,-10.266886,-0.189116,-0.645509,-19.408990,145.869375
66.953894,-10.187901,-0.187347,-0.644088,-19.417495,146.414258
67.089984,-11.330484,-0.167530,-0.479935,-19.411775,145.414782
64.933100,-6.748638,-0.163039,-1.278717,-19.482452,150.487298
69.279757,-7.482606,-0.189392,-1.265766,-19.349383,142.758979
67.431984,-9.191799,-0.197671,-0.840634,-19.410970,146.277092
70.130521,-8.825883,-0.226375,-1.066931,-19.321803,140.463417
65.716169,-8.182372,-0.214199,-1.091685,-19.461691,148.785890
66.670156,-9.330448,-0.182407,-0.752959,-19.427967,147.400744
67.705643,-7.940459,-0.215742,-1.220773,-19.398381,145.244669
66.445921,-8.509272,-0.196392,-0.941169,-19.432412,146.857705
68.673440,-9.127106,-0.210534,-0.915568,-19.369655,143.331314
67.573267,-9.862156,-0.202888,-0.739157,-19.407666,145.293995
66.150748,-8.289316,-0.180823,-0.919372,-19.441914,146.835937
67.388429,-7.943623,-0.075034,-0.696602,-19.401128,143.468246
66.945129,-8.146398,-0.176588,-0.955996,-19.418317,146.209565
67.847261,-10.275685,-0.207238,-0.699452,-19.397065,145.883406
65.597223,-8.374191,-0.152202,-0.817738,-19.463406,150.665269
67.232377,-6.918363,-0.185598,-1.381512,-19.413926,145.865176
67.643922,-9.248052,-0.185634,-0.787004,-19.397926,144.886931
69.617615,-10.158469,-0.207325,-0.737719,-19.340713,141.918436
68.203268,-8.816294,-0.186803,-0.871232,-19.378737,143.385589
65.891406,-9.457236,-0.178956,-0.711106,-19.450622,148.859376
66.326305,-8.329289,-0.197429,-0.993054,-19.445498,147.716618
69.459502,-9.032980,-0.197140,-0.896432,-19.338845,142.530646
67.488733,-8.818487,-0.194042,-0.896537,-19.402734,144.850960
65.617504,-10.946137,-0.185128,-0.550368,-19.462159,150.245910
66.461371,-7.735601,-0.183454,-1.090818,-19.436813,147.861276
67.894312,-10.055246,-0.164867,-0.614473,-19.396207,144.632336
68.320933,-7.300141,-0.191651,-1.281066,-19.368841,142.325296
67.026741,-7.920139,-0.099252,-0.765963,-19.416235,145.676025
66.483095,-8.478400,-0.132822,-0.731096,-19.425462,146.102201
66.557795,-7.311137,-0.119415,-0.948920,-19.428244,146.015537
67.980617,-9.177577,-0.202008,-0.870296,-19.387224,145.337242
68.265207,-8.781326,-0.144526,-0.738868,-19.368540,142.740227
67.307080,-10.551497,-0.188426,-0.611627,-19.411120,145.795479
67.473072,-11.604728,-0.185704,-0.499609,-19.399677,145.514608
66.557294,-7.203956,-0.132806,-1.034281,-19.428472,147.425305
67.435851,-7.310181,-0.142629,-1.071392,-19.398756,145.591073
67.711180,-8.809826,-0.174656,-0.839268,-19.398022,146.155774
68.398449,-8.671628,-0.230808,-1.108909,-19.373715,144.568566
67.529210,-10.203812,-0.195862,-0.674193,-19.399656,145.963640
68.419094,-8.553504,-0.201601,-1.001186,-19.368950,144.604698
69.238691,-11.728233,-0.214205,-0.570561,-19.343798,142.155995
64.650177,-10.560497,-0.229592,-0.696452,-19.499182,152.731060
68.449553,-7.717217,-0.141530,-0.937477,-19.368436,142.212939
66.579392,-8.438391,-0.189952,-0.952022,-19.434464,148.460507
67.791047,-7.816144,-0.231545,-1.365426,-19.394949,146.048791
67.324215,-8.015766,-0.181825,-1.025335,-19.405837,145.380269
65.460528,-6.478675,-0.171425,-1.447562,-19.465702,148.619948
65.732105,-10.082174,-0.188178,-0.654533,-19.463574,149.669629
67.658183,-10.780524,-0.192101,-0.603485,-19.397947,147.260027
68.898338,-9.291785,-0.174930,-0.770812,-19.360585,142.967099
67.807801,-9.435238,-0.218612,-0.876214,-19.395597,146.131988
67.518498,-9.902046,-0.184096,-0.669259,-19.401454,145.983076
66.238469,-8.425394,-0.212078,-1.052336,-19.444321,149.875713
64.891351,-7.964499,-0.184714,-1.004036,-19.489650,150.667552
66.456306,-11.208321,-0.153077,-0.457178,-19.432935,146.795063
66.440698,-9.203834,-0.198275,-0.820991,-19.438467,147.808305
67.156535,-11.391247,-0.214936,-0.581063,-19.416857,146.041009
67.933328,-10.488681,-0.255153,-0.848197,-19.399401,145.767032
68.509314,-9.843101,-0.181090,-0.687964,-19.368733,142.976893
66.517330,-8.884559,-0.124825,-0.658112,-19.434986,146.193212
66.402881,-9.790361,-0.176771,-0.654113,-19.435608,146.905985
69.996314,-9.212408,-0.177992,-0.795753,-19.322334,140.045271
68.454363,-8.944298,-0.185670,-0.852159,-19.382871,143.647728
66.442523,-10.456383,-0.149959,-0.526601,-19.432878,148.202974
68.394349,-9.025148,-0.160417,-0.743791,-19.365979,142.919093
65.325396,-11.203163,-0.202272,-0.547250,-19.470054,149.531876
64.882172,-8.781511,-0.160255,-0.768792,-19.492133,152.528265
66.120371,-11.082749,-0.234945,-0.671174,-19.452713,150.023729
69.493818,-10.680373,-0.218010,-0.711653,-19.343609,142.759626
67.327474,-11.358578,-0.155773,-0.453395,-19.403144,144.591719
66.070717,-7.152506,-0.165211,-1.184754,-19.446566,148.153976
68.886385,-7.695363,-0.167254,-1.088861,-19.357075,143.291149
65.871998,-8.661858,-0.173679,-0.829191,-19.459733,149.851595
69.305029,-9.310176,-0.223637,-0.945550,-19.347332,142.738989
66.349512,-7.555693,-0.187138,-1.148499,-19.434912,146.846192
67.486016,-10.600134,-0.237301,-0.761734,-19.413247,147.607463
67.343751,-8.053607,-0.226652,-1.237603,-19.411618,146.032889
66.114301,-8.699323,-0.164114,-0.786743,-19.443475,147.758641
68.069502,-8.908608,-0.178765,-0.825979,-19.390592,144.314132
67.615500,-10.112281,-0.191391,-0.678637,-19.398076,145.992240
66.921275,-8.107912,-0.189817,-1.031391,-19.420177,147.435590
66.918537,-7.929302,-0.090424,-0.731030,-19.417656,144.781269
66.962301,-8.188872,-0.168527,-0.921948,-19.416883,146.560580
70.334113,-10.775620,-0.174355,-0.574688,-19.317819,139.658536
66.854250,-8.477613,-0.176635,-0.885227,-19.421170,146.496643
63.774024,-6.486101,-0.178568,-1.457221,-19.519860,153.498542
65.868897,-10.210235,-0.188247,-0.631835,-19.456705,148.395930
67.711303,-8.993953,-0.149882,-0.712455,-19.395332,143.345729
67.709890,-8.702617,-0.212901,-1.003189,-19.402599,145.679151
68.122080,-9.949126,-0.191081,-0.695330,-19.381725,144.579793
68.129593,-8.876020,-0.211971,-0.965157,-19.389563,144.250847
68.026726,-10.599728,-0.197745,-0.633218,-19.381632,144.690031
65.408791,-8.959467,-0.155841,-0.703009,-19.467857,148.338804
66.475955,-11.382112,-0.198390,-0.549965,-19.441401,149.568396
65.248604,-8.191474,-0.186174,-0.956888,-19.475463,150.116422
69.195241,-10.082181,-0.144476,-0.580983,-19.349678,142.633982
