68.455068,-7.632223,-0.044101,-1.275800,-0.567846,-19.367707,142.891375
65.091159,-9.742654,-0.141760,-0.789875,-0.739176,-19.488419,150.360735
71.008529,-7.416692,-0.103644,-0.826003,-1.158396,-19.282306,137.287228
67.732922,-8.592957,-0.083535,-0.778966,-0.786477,-19.382788,141.813537
67.400828,-7.272490,-0.103846,-0.954780,-0.972437,-19.396411,142.488698
64.830477,-6.219744,-0.022111,-1.215289,-0.764829,-19.480625,147.922133
68.224289,-7.787942,-0.047251,-1.291894,-0.558203,-19.377242,141.785507
62.876000,-9.794325,-0.110113,-0.998785,-0.467047,-19.541338,152.526571
65.876345,-7.746080,-0.079239,-1.014476,-0.723756,-19.446739,145.990524
67.524110,-8.704783,-0.091139,-0.759745,-0.835528,-19.408843,145.571510
70.792727,-8.172122,-0.086561,-1.058987,-0.697398,-19.292742,137.438879
67.569585,-7.151120,-0.083684,-0.885792,-1.050858,-19.395218,145.710743
70.864966,-8.700582,-0.093760,-1.456425,-0.464207,-19.293597,138.433950
65.061262,-7.905441,-0.097737,-0.840165,-0.854437,-19.468249,149.520740
71.626625,-9.425027,-0.146290,-1.004961,-0.704280,-19.279854,135.693116
69.919320,-7.853991,-0.068995,-0.982167,-0.766363,-19.316401,139.023027
66.836120,-7.801134,-0.109990,-1.079309,-0.755261,-19.411188,144.920356
69.189482,-8.110339,-0.164447,-1.043132,-0.925808,-19.347353,141.929554
65.222474,-8.632131,-0.042466,-0.700481,-0.724780,-19.462204,147.407334
68.560869,-6.009796,-0.053747,-0.819387,-1.404594,-19.354929,140.213143
66.898399,-8.801242,-0.137800,-1.018789,-0.693021,-19.418879,143.747694
70.044353,-7.462160,-0.143449,-0.907769,-1.202352,-19.318211,139.762654
67.839833,-8.590329,-0.021983,-1.032097,-0.518683,-19.387065,143.911243
71.677041,-7.575276,-0.029643,-0.851988,-0.864350,-19.258424,134.924920
65.102727,-7.256383,-0.121621,-0.925447,-1.026888,-19.476663,148.791818
66.845215,-9.276054,-0.167835,-1.075877,-0.660186,-19.413965,146.128331
67.897756,-7.935410,-0.007231,-0.807657,-0.743905,-19.387247,142.169267
67.607669,-5.936225,-0.012043,-1.297996,-0.800625,-19.379214,141.570580
68.055488,-6.062957,-0.000362,-0.953708,-1.069485,-19.377174,142.607909
67.548457,-7.928579,-0.081232,-1.183863,-0.639184,-19.402005,145.219541
68.571134,-9.639589,-0.127588,-0.888008,-0.657721,-19.358254,141.091610
63.982660,-7.372050,-0.039177,-0.888501,-0.782365,-19.509874,149.508358
70.949195,-6.887619,-0.156013,-1.229790,-1.071304,-19.288917,137.373354
69.073357,-8.212880,-0.101139,-0.974763,-0.764319,-19.346705,141.281709
67.085731,-6.480432,-0.057537,-0.837679,-1.215183,-19.411122,145.305289
64.990915,-8.034428,-0.137407,-1.352331,-0.614252,-19.479689,149.908859
70.535747,-8.098732,-0.057989,-0.865639,-0.806428,-19.305662,138.230874
67.235261,-8.469970,-0.048397,-0.778359,-0.738189,-19.394305,145.751951
67.641940,-7.868201,-0.051250,-0.884532,-0.747488,-19.388890,142.533762
67.004441,-8.024986,-0.124962,-0.877593,-0.926830,-19.406848,144.658259
68.067082,-7.797062,-0.187272,-1.090819,-1.044325,-19.383645,144.159011
66.957939,-8.124241,-0.103022,-1.081792,-0.697386,-19.419670,146.483574
65.477646,-7.150683,-0.028291,-1.010285,-0.721648,-19.459663,147.623137
64.656076,-8.649931,-0.137354,-1.248942,-0.567545,-19.494112,149.043360
69.121313,-7.071516,-0.056365,-0.980026,-0.910153,-19.346375,142.082223
66.115007,-6.923450,-0.070145,-1.181245,-0.788284,-19.450783,148.401532
67.543693,-8.721498,-0.190162,-0.944315,-0.951408,-19.401651,144.466556
71.202263,-7.789470,-0.069407,-0.756466,-1.033733,-19.274303,137.229850
70.064072,-6.990906,-0.095024,-0.938611,-1.076696,-19.312611,138.399382
67.448330,-9.998979,-0.140365,-0.805542,-0.695511,-19.398107,143.177521
72.147238,-8.534957,-0.080955,-0.680951,-0.985296,-19.251189,134.712000
66.488858,-8.139703,-0.117930,-0.902752,-0.859846,-19.429680,145.849488
71.240112,-8.542150,-0.063460,-0.969293,-0.658398,-19.280227,136.708247
70.882076,-6.621718,-0.080194,-1.169703,-0.953258,-19.291172,137.831548
67.249680,-8.815474,-0.126417,-1.258321,-0.547591,-19.409259,145.346745
68.331879,-8.089037,-0.081992,-1.048060,-0.662580,-19.363238,140.852807
68.389672,-8.561273,-0.030853,-0.855349,-0.637203,-19.363374,141.266873
68.740366,-8.134484,-0.020331,-1.273496,-0.480388,-19.356818,142.850200
71.422041,-7.305172,-0.133801,-1.001768,-1.123649,-19.284485,136.661516
65.660411,-7.478086,-0.126316,-1.174237,-0.779895,-19.456116,146.685768
69.981960,-6.838967,-0.065830,-1.198527,-0.783719,-19.309271,138.388273
65.980154,-7.129662,-0.120339,-1.211146,-0.841443,-19.453649,148.762672
65.991841,-7.146795,-0.142731,-1.112965,-0.954677,-19.443430,145.569133
65.611194,-7.706739,-0.151641,-1.179994,-0.817673,-19.467747,148.147872
61.953934,-7.382481,-0.124953,-1.211525,-0.714627,-19.573578,154.248405
66.661263,-8.752336,-0.135955,-1.187774,-0.608985,-19.432822,146.240013
65.592357,-9.057839,-0.086159,-1.034347,-0.547379,-19.465810,149.933615
69.179675,-7.857644,-0.152158,-1.133137,-0.865791,-19.352444,140.847312
70.726480,-9.610400,-0.183218,-0.935005,-0.815328,-19.297258,137.080299
70.876787,-9.446519,-0.097461,-1.030517,-0.555012,-19.291865,138.787620
67.247565,-6.907506,-0.053784,-1.143352,-0.765398,-19.401778,144.022843
66.956508,-9.402957,-0.143907,-0.772815,-0.834737,-19.425993,145.933216
72.318599,-8.951246,-0.107771,-0.600780,-1.136613,-19.243064,135.510969
67.716594,-8.093021,-0.114148,-0.819928,-0.927381,-19.374940,143.391442
64.696608,-6.869688,-0.096284,-1.028305,-0.927267,-19.485506,147.728750
64.874377,-6.890161,-0.059913,-1.097351,-0.801387,-19.481070,148.642539
68.089749,-7.693877,-0.038776,-1.300339,-0.544017,-19.381562,142.650029
64.238822,-9.663416,-0.121305,-1.022392,-0.523274,-19.506532,150.659995
66.389488,-7.219652,-0.102196,-1.048835,-0.857988,-19.430227,144.593146
70.495833,-9.612200,-0.180246,-0.931097,-0.811714,-19.316388,138.882251
69.673550,-8.152617,-0.110625,-1.228609,-0.658797,-19.331982,139.817653
66.255332,-7.777571,-0.106752,-0.872073,-0.952183,-19.437397,148.135191
68.501888,-8.532902,-0.095344,-1.360733,-0.512932,-19.369952,142.324158
68.639476,-8.634179,-0.162707,-0.999362,-0.833710,-19.363205,142.352245
70.924265,-10.029299,-0.174989,-0.961554,-0.723417,-19.308390,138.749173
69.288987,-7.718734,-0.093823,-0.861062,-0.935258,-19.338528,139.934656
65.128283,-8.493780,-0.100620,-0.967176,-0.678177,-19.470696,149.841024
69.672472,-8.276194,-0.156161,-1.184724,-0.788572,-19.336376,141.420372
66.493601,-7.635466,-0.089172,-0.908111,-0.868645,-19.428529,145.088306
68.893096,-6.152008,-0.051636,-0.821881,-1.378417,-19.343408,139.362457
66.857354,-8.889782,-0.130808,-1.037472,-0.664127,-19.419429,144.313834
69.032229,-7.156239,-0.137368,-0.945090,-1.190647,-19.348472,141.388789
67.923660,-7.958332,-0.002636,-1.032072,-0.557199,-19.378836,141.780289
65.827859,-6.713455,-0.043407,-1.038339,-0.855814,-19.442293,147.081545
64.810344,-7.735187,-0.022509,-0.757276,-0.797680,-19.475629,147.654648
69.046803,-8.494039,-0.136525,-0.989197,-0.808425,-19.345551,141.002073
67.818650,-8.342833,-0.058141,-0.929190,-0.671364,-19.385580,142.420475
67.896703,-5.767803,-0.001083,-1.171809,-0.926207,-19.373576,141.575235
68.025185,-6.068969,-0.000555,-0.955344,-1.066382,-19.378119,142.676195
66.191365,-7.597494,-0.042606,-1.236336,-0.572178,-19.441542,148.366962
66.597275,-8.437130,-0.069618,-0.872619,-0.684226,-19.419075,144.109790
63.807075,-7.790478,-0.013930,-1.102347,-0.528810,-19.514574,150.612903
69.997327,-6.917145,-0.148132,-1.433691,-0.894468,-19.318446,140.066581
69.503232,-7.955280,-0.105296,-1.147207,-0.719415,-19.333157,141.213958
67.667878,-5.989867,-0.037445,-0.889349,-1.278143,-19.392734,143.887750
64.893645,-7.821810,-0.125824,-1.286873,-0.642895,-19.482770,149.598299
69.670169,-8.086042,-0.096630,-0.871984,-0.895926,-19.331433,140.459271
65.135882,-8.231104,-0.067929,-1.038942,-0.604490,-19.467184,149.578771
66.435678,-9.108799,-0.086064,-0.990531,-0.558959,-19.437592,145.950839
66.757138,-7.834186,-0.167702,-0.993399,-1.008070,-19.422711,144.717420
65.372617,-7.601535,-0.203246,-1.088307,-1.120568,-19.469443,148.597366
70.637973,-8.524727,-0.138452,-1.169983,-0.702776,-19.306801,139.444829
68.646087,-7.601577,-0.067845,-1.018737,-0.755478,-19.356059,140.588761
62.239860,-8.619700,-0.170930,-1.347758,-0.570840,-19.567490,153.461878
65.867423,-6.375015,-0.037657,-1.061736,-0.917886,-19.449414,147.987336
66.305342,-7.216688,-0.051456,-0.903024,-0.891456,-19.435327,147.151334
67.125746,-8.618859,-0.182306,-0.909147,-0.971931,-19.413651,145.012069
67.886719,-7.972511,-0.060507,-0.780997,-0.868579,-19.379248,143.506037
69.009571,-7.219258,-0.121096,-1.111573,-0.919928,-19.348962,140.193943
67.813112,-10.223278,-0.161754,-0.786883,-0.737565,-19.384471,141.844305
71.723616,-8.236951,-0.136188,-0.805537,-1.068665,-19.268485,134.612509
66.117414,-8.293118,-0.178318,-1.128019,-0.822110,-19.449215,145.438059
67.594684,-8.500210,-0.081241,-1.088589,-0.590566,-19.397904,144.009303
70.639059,-7.212916,-0.151543,-1.175641,-1.020201,-19.306699,138.384564
64.317758,-8.045228,-0.095476,-1.369534,-0.520144,-19.503370,151.751049
69.170302,-8.404017,-0.120946,-0.940341,-0.808346,-19.347012,140.643944
69.926699,-8.915366,-0.032622,-0.732010,-0.692246,-19.311166,137.871542
66.496502,-7.808645,-0.001428,-1.334572,-0.444655,-19.430884,147.457324
71.764573,-7.036406,-0.130530,-1.046695,-1.124461,-19.273455,135.035912
68.509552,-8.609091,-0.103768,-0.887301,-0.752094,-19.366839,140.488173
67.793100,-7.891704,-0.093635,-1.178443,-0.664006,-19.381549,144.140111
66.116013,-7.665062,-0.139937,-1.026466,-0.910284,-19.444190,146.573625
66.319644,-6.714835,-0.115894,-1.142374,-0.969789,-19.435280,144.937054
65.354176,-7.770408,-0.155126,-1.090615,-0.870280,-19.475865,146.826021
65.944454,-7.862885,-0.133749,-1.148033,-0.756478,-19.443703,147.147531
69.677895,-8.565598,-0.177160,-1.213891,-0.764344,-19.339383,140.954285
65.158251,-8.924108,-0.100338,-1.227141,-0.506024,-19.477913,149.527968
71.488387,-8.396587,-0.203059,-1.137331,-0.965886,-19.285064,136.822192
69.884763,-9.583613,-0.198175,-0.934725,-0.837275,-19.317832,137.947005
68.326392,-10.194887,-0.104931,-0.828348,-0.577087,-19.370747,142.216039
68.708605,-6.695241,-0.072787,-1.337594,-0.765673,-19.357670,141.407852
65.968675,-8.381841,-0.120106,-0.768968,-0.978353,-19.451634,146.999994
70.859800,-8.792027,-0.121515,-0.638035,-1.143271,-19.291578,138.573657
69.422221,-8.887415,-0.148691,-0.862054,-0.867429,-19.334700,139.461422
68.900013,-8.165663,-0.102416,-1.108136,-0.702552,-19.358583,140.947752
66.020956,-6.721248,-0.028489,-0.959334,-0.871786,-19.439299,145.598999
69.338931,-8.064643,-0.073452,-1.318433,-0.559973,-19.343416,141.107276
65.005746,-8.643973,-0.125012,-1.271129,-0.535743,-19.482016,150.467730
68.156694,-7.424275,-0.105465,-1.021668,-0.893458,-19.373572,141.800435
70.920519,-9.287793,-0.178739,-0.907561,-0.889596,-19.300622,138.159788
73.324688,-8.854047,-0.163964,-1.502938,-0.587058,-19.229449,134.456505
68.227315,-7.360513,-0.107525,-0.765592,-1.260547,-19.374929,144.593839
69.245043,-9.205496,-0.130421,-1.354992,-0.484187,-19.347765,141.371685
71.320171,-9.103340,-0.139583,-0.947060,-0.758841,-19.275684,137.607746
69.723568,-9.186222,-0.189124,-0.926694,-0.921581,-19.336387,140.833258
66.369938,-7.272558,-0.030146,-0.781446,-0.895836,-19.424422,144.735216
66.246355,-8.338455,-0.095584,-0.894901,-0.755659,-19.434209,147.618570
67.549062,-7.715501,-0.064778,-1.359786,-0.568310,-19.400844,146.400720
65.394784,-7.474441,-0.108818,-0.843146,-0.999966,-19.459975,145.345396
68.864763,-5.935642,-0.045805,-0.807664,-1.437486,-19.342565,139.263893
68.704613,-9.427426,-0.145121,-0.971326,-0.677397,-19.363373,139.405666
70.883999,-7.265782,-0.168788,-1.041817,-1.198219,-19.292692,137.068235
67.775082,-7.956898,-0.027293,-1.117075,-0.531087,-19.372498,142.957290
67.489716,-6.481505,-0.066241,-1.071762,-1.004346,-19.399051,144.372248
64.438073,-8.370028,-0.090176,-0.927081,-0.693334,-19.498958,150.342393
69.567615,-8.002041,-0.147996,-1.046748,-0.895581,-19.325018,140.537326
66.642297,-8.397656,-0.066502,-0.839470,-0.741270,-19.422624,144.264616
67.820226,-6.262306,-0.064928,-1.117818,-0.989262,-19.380069,142.376074
68.022703,-6.073825,-0.000750,-0.954946,-1.065932,-19.378192,142.682379
67.850026,-8.241340,-0.073784,-1.360978,-0.511251,-19.394375,146.733456
68.234066,-8.021881,-0.075676,-0.729041,-0.962226,-19.371469,141.338478
64.873656,-7.493129,-0.023597,-1.217711,-0.531543,-19.478434,149.454190
72.276208,-7.618829,-0.193999,-1.395038,-0.919014,-19.245737,135.070046
68.027022,-8.588600,-0.089138,-1.186794,-0.540427,-19.383631,144.236965
67.500652,-5.987693,-0.035975,-0.898076,-1.261000,-19.399495,144.500704
64.561995,-7.187366,-0.199207,-1.279590,-1.021438,-19.502702,149.401522
68.596367,-8.152917,-0.047977,-0.800427,-0.825817,-19.364993,142.308668
66.747547,-7.352596,-0.069022,-1.185026,-0.687034,-19.416962,145.225130
69.331787,-8.586929,-0.073072,-1.043531,-0.623815,-19.349626,140.970345
66.688087,-7.871131,-0.186881,-1.032794,-1.033246,-19.425209,145.899714
65.025189,-6.269549,-0.138021,-1.064835,-1.237350,-19.472029,148.027744
68.698147,-7.468820,-0.072618,-1.239710,-0.678731,-19.364756,143.230551
69.444759,-7.213282,-0.011785,-1.054480,-0.671769,-19.323309,137.385815
64.681784,-8.524765,-0.160580,-1.299586,-0.612156,-19.488376,149.098057
67.698566,-6.789083,-0.037213,-1.102446,-0.808192,-19.391493,145.673422
65.388362,-6.244869,-0.035014,-1.047547,-0.963790,-19.464479,149.871113
66.258607,-8.896122,-0.178394,-0.812228,-1.008571,-19.447313,147.108101
67.988825,-8.102362,-0.107645,-0.914272,-0.849372,-19.376974,143.429454
67.465303,-6.893903,-0.100042,-1.085182,-0.944380,-19.395906,143.627130
67.096783,-10.266338,-0.147796,-0.760909,-0.709071,-19.405854,143.041596
73.700109,-7.948672,-0.089104,-0.711915,-1.139269,-19.203183,130.293361
66.381223,-8.623536,-0.135265,-1.117085,-0.663552,-19.436595,145.178225
69.661143,-8.902962,-0.112074,-1.071718,-0.615886,-19.329754,138.732523
70.286447,-7.027391,-0.083907,-1.007774,-1.011280,-19.315543,138.015377
67.711780,-8.626737,-0.130856,-1.408621,-0.545105,-19.406768,144.905284
67.797010,-8.295259,-0.116170,-0.871801,-0.885644,-19.397445,143.152552
69.577996,-9.373563,-0.043062,-0.629168,-0.748930,-19.323782,139.156540
66.149357,-7.788659,-0.010756,-1.352091,-0.453020,-19.442788,148.284800
69.504652,-6.646461,-0.101198,-0.995329,-1.179503,-19.339892,139.523180
64.914710,-9.384679,-0.101596,-0.854025,-0.624843,-19.477314,147.614260
70.455702,-9.250753,-0.133650,-0.913340,-0.756777,-19.304148,139.254468
63.431123,-7.648260,-0.089028,-0.849269,-0.872885,-19.529325,153.347662
68.423609,-7.089177,-0.144778,-1.094435,-1.053976,-19.369863,141.260184
65.628851,-6.823202,-0.087078,-1.233417,-0.799448,-19.454946,147.307641
63.541227,-6.652313,-0.125473,-1.210454,-0.897529,-19.518288,151.269315
69.065314,-9.195203,-0.151194,-1.041179,-0.694093,-19.354927,141.570993
63.831825,-8.249714,-0.104944,-1.417668,-0.488012,-19.522330,151.998117
71.737438,-8.432154,-0.198362,-1.077954,-0.997473,-19.272286,136.324689
67.813633,-9.231666,-0.174416,-0.873260,-0.861624,-19.389320,142.604505
68.199471,-10.033297,-0.121257,-0.863228,-0.613652,-19.375699,142.542823
72.483683,-6.613421,-0.091191,-1.486283,-0.795041,-19.245834,134.976138
65.504735,-8.190685,-0.103610,-0.664059,-1.065410,-19.458621,146.923040
70.860492,-8.112125,-0.106886,-0.662629,-1.244848,-19.290689,139.581642
69.010444,-9.032001,-0.166202,-0.926487,-0.829747,-19.343670,139.685994
66.366470,-7.560318,-0.100667,-1.212849,-0.694568,-19.436119,145.012513
65.338272,-6.626778,-0.044479,-1.025647,-0.866792,-19.461794,147.592395
69.805439,-8.356656,-0.099469,-1.298406,-0.571440,-19.329187,139.987983
66.250635,-9.611792,-0.129997,-1.020605,-0.562452,-19.440898,147.820807
68.597128,-8.415808,-0.149792,-1.007105,-0.826996,-19.368169,141.128162
69.704176,-9.116922,-0.167077,-0.952305,-0.842678,-19.337149,139.923113
72.291431,-8.559826,-0.196200,-1.657331,-0.623887,-19.258424,136.549625
68.584571,-7.734539,-0.133646,-0.800803,-1.192440,-19.363560,144.080782
68.362696,-9.251629,-0.115907,-1.271526,-0.488220,-19.375471,143.288699
66.938235,-8.283292,-0.119177,-1.045580,-0.741965,-19.417071,147.635177
66.606000,-8.640542,-0.167151,-0.778703,-1.067223,-19.429920,147.420933
65.797329,-6.944529,-0.037928,-0.849735,-0.918636,-19.440055,144.797978
67.935847,-8.603045,-0.115859,-0.867547,-0.828282,-19.382663,143.252385
67.574083,-7.600364,-0.080391,-1.356200,-0.603030,-19.398763,144.482821
68.654468,-8.204949,-0.134405,-0.922664,-0.878823,-19.363472,138.037677
68.804985,-6.161220,-0.051551,-0.793677,-1.414831,-19.345260,139.663631
68.907240,-9.439505,-0.137804,-1.028542,-0.623783,-19.355556,139.873504
70.797816,-6.979699,-0.156762,-1.009350,-1.277573,-19.296726,137.640442
67.140690,-7.462060,-0.021842,-1.119999,-0.610736,-19.396463,144.755807
67.791487,-6.306250,-0.093229,-1.017888,-1.191857,-19.391644,144.076909
65.185734,-9.050130,-0.101560,-0.975584,-0.608918,-19.476969,150.320452
69.899763,-7.792573,-0.161367,-1.019204,-1.004992,-19.315514,138.898210
67.379019,-9.107120,-0.073942,-0.708676,-0.752125,-19.397576,141.761093
68.319111,-6.560009,-0.056465,-1.170626,-0.836629,-19.360161,141.211816
68.039117,-5.726604,-0.012434,-1.003327,-1.158311,-19.378619,142.659754
68.710870,-8.197130,-0.127011,-1.238730,-0.679958,-19.367727,143.074710
65.816822,-9.208741,-0.175502,-0.714162,-1.029754,-19.459633,147.610195
61.506538,-7.160262,-0.018278,-1.277702,-0.516162,-19.585533,156.201610
70.497144,-7.348150,-0.207303,-1.321241,-1.068702,-19.305432,138.443492
67.738778,-7.641426,-0.085883,-1.020927,-0.778311,-19.379362,143.538596
67.642620,-6.110883,-0.060782,-1.071286,-1.103052,-19.391372,143.416470
64.397239,-6.946132,-0.154050,-1.311055,-0.895708,-19.505676,150.101324
68.951773,-8.091735,-0.032189,-0.741022,-0.867909,-19.354777,140.715440
66.245570,-6.959841,-0.098586,-1.191576,-0.803554,-19.434086,146.210802
69.443540,-8.763767,-0.105726,-1.207370,-0.563626,-19.346373,140.358872
67.652876,-8.291874,-0.186715,-0.904879,-1.087667,-19.396854,145.037228
66.713067,-6.663849,-0.139012,-0.994292,-1.227060,-19.417434,144.778829
68.878434,-7.369610,-0.087952,-1.368272,-0.665886,-19.359818,142.767553
68.908203,-7.808556,-0.016757,-0.977525,-0.620311,-19.344100,138.608224
64.568952,-8.203120,-0.164750,-1.391195,-0.619379,-19.491995,149.869589
67.871058,-7.005905,-0.065162,-1.052723,-0.861008,-19.381779,142.730699
64.451701,-6.186377,-0.068203,-1.095237,-1.018177,-19.498592,151.299113
65.375948,-8.041137,-0.140214,-0.711374,-1.190223,-19.471947,149.520261
70.476639,-7.337838,-0.016076,-0.787622,-0.919280,-19.301584,136.846502
65.349131,-7.110982,-0.104909,-1.243771,-0.774221,-19.464344,148.195102
67.040185,-10.127393,-0.148670,-0.829216,-0.679354,-19.412991,144.445649
73.502466,-7.279001,-0.066088,-0.832372,-1.101822,-19.213921,131.900740
67.343516,-7.933614,-0.122902,-1.160413,-0.708005,-19.399282,142.485682
67.145281,-7.655146,-0.116030,-1.279258,-0.663740,-19.407526,142.316413
71.047404,-6.827822,-0.047875,-0.982143,-0.973864,-19.285288,135.953741
67.303158,-9.151091,-0.134068,-1.231580,-0.543616,-19.412407,144.713449
70.486023,-8.863431,-0.136787,-0.838051,-0.907383,-19.319743,137.852460
69.664702,-9.323546,-0.065473,-0.687763,-0.764020,-19.322012,139.508771
66.355826,-7.960552,-0.028281,-1.300318,-0.485293,-19.436262,147.523039
69.167457,-6.937190,-0.114864,-0.906672,-1.235442,-19.349240,141.093978
62.960183,-9.632156,-0.106314,-0.733482,-0.667712,-19.538423,151.646041
70.439472,-9.411384,-0.158150,-0.952962,-0.757970,-19.307962,139.933728
66.757595,-8.293941,-0.147199,-1.036043,-0.815546,-19.431377,147.481186
67.727433,-6.733042,-0.134067,-1.202580,-1.028763,-19.393045,142.958629
65.089388,-6.647167,-0.120901,-1.248857,-0.905096,-19.475297,148.173905
66.440975,-7.671331,-0.139333,-1.182772,-0.790303,-19.429000,145.265158
67.742853,-9.227111,-0.161348,-1.010259,-0.723490,-19.398131,144.826580
63.952783,-8.336658,-0.150035,-1.438522,-0.547042,-19.519064,150.940979
71.482346,-8.587636,-0.197443,-1.028951,-0.999377,-19.281346,136.651316
67.336259,-9.302445,-0.198575,-0.871655,-0.889073,-19.397395,142.310586
68.044547,-9.944941,-0.117113,-0.907024,-0.579842,-19.380007,142.829689
69.946950,-7.272050,-0.108670,-1.371969,-0.725521,-19.322089,139.862721
66.217514,-8.132817,-0.120782,-0.682926,-1.124289,-19.434442,146.278512
68.380842,-8.815094,-0.138801,-0.630958,-1.162932,-19.376299,142.961678
67.536232,-7.346128,-0.125725,-1.009476,-0.964894,-19.386939,143.097301
65.633238,-7.482622,-0.100024,-1.307591,-0.642366,-19.462600,147.161530
66.916750,-7.041350,-0.121264,-0.996892,-1.036717,-19.413008,144.303915
70.527724,-8.737285,-0.113726,-1.392916,-0.518836,-19.310460,138.976775
66.797202,-9.327601,-0.118339,-0.902564,-0.660059,-19.420736,145.690846
72.158391,-8.617636,-0.148862,-0.859372,-0.971159,-19.254721,136.438629
71.595402,-9.305946,-0.187726,-0.959000,-0.886092,-19.272858,136.455662
66.506401,-7.939221,-0.197504,-1.409022,-0.771553,-19.431290,145.818160
66.213623,-8.226840,-0.130728,-0.747081,-1.066430,-19.437803,148.179874
68.270571,-9.417197,-0.196378,-1.553646,-0.509681,-19.373663,143.716220
64.517609,-8.300483,-0.101584,-0.761015,-0.884116,-19.490564,150.235916
66.902332,-8.517715,-0.151118,-0.763058,-1.048786,-19.415897,145.982731
68.514420,-7.136418,-0.063266,-0.831978,-1.035999,-19.357610,140.265925
67.698941,-8.589510,-0.105663,-0.738591,-0.899650,-19.380069,141.978100
68.629934,-7.067598,-0.036363,-1.396816,-0.609422,-19.367896,144.504664
68.004008,-8.338549,-0.170097,-0.890291,-1.000447,-19.381994,140.132997
67.843128,-6.091534,-0.053441,-0.806916,-1.398587,-19.377659,142.051003
69.110795,-9.771435,-0.154569,-0.984313,-0.648001,-19.349308,139.252872
69.425112,-7.775452,-0.183192,-0.957740,-1.185933,-19.338832,139.892880
66.976014,-6.999731,-0.009106,-1.142350,-0.667317,-19.402862,146.381938
70.354298,-6.826714,-0.112480,-0.958043,-1.212335,-19.309522,138.161314
67.685670,-8.036148,-0.092548,-1.206355,-0.621015,-19.393824,144.470984
67.694288,-7.714218,-0.125425,-1.129193,-0.784904,-19.387307,143.627192
67.823391,-9.644546,-0.108651,-0.741196,-0.725607,-19.384504,141.300231
68.058975,-6.212407,-0.035365,-1.073182,-0.975589,-19.368988,141.542694
67.494019,-5.545991,-0.039618,-1.070315,-1.255805,-19.402901,145.506484
68.990440,-8.256508,-0.167641,-1.370359,-0.693815,-19.358683,142.407173
66.205829,-9.105179,-0.167563,-0.758618,-0.979751,-19.446060,145.444437
61.817905,-7.522902,-0.016822,-1.247720,-0.497110,-19.579243,157.126311
68.274209,-7.143786,-0.182269,-1.241912,-1.058841,-19.376483,142.166259
68.546339,-7.886818,-0.095873,-1.172427,-0.677044,-19.359155,142.194989
67.212982,-5.697087,-0.023396,-0.991493,-1.210378,-19.403665,143.662915
65.611354,-7.107497,-0.121518,-1.396054,-0.723516,-19.462027,147.697614
68.002436,-8.160695,-0.039476,-0.921328,-0.672464,-19.381039,142.740435
67.332011,-6.932389,-0.105686,-1.113650,-0.919963,-19.401667,144.146149
69.716082,-8.791603,-0.111261,-1.122070,-0.611362,-19.333324,139.490055
67.683102,-8.434334,-0.200230,-0.914998,-1.091339,-19.392848,144.041683
67.194439,-6.646957,-0.141708,-1.042103,-1.195649,-19.402462,143.780965
68.716309,-7.640809,-0.098562,-1.156895,-0.753083,-19.362986,144.599289
67.982153,-8.470132,-0.011962,-0.879164,-0.574668,-19.373689,141.366104
63.956677,-7.111503,-0.109821,-1.441636,-0.635024,-19.504680,148.586221
67.850901,-7.171696,-0.065102,-0.967465,-0.874968,-19.383500,142.205777
63.304233,-6.164335,-0.095270,-1.031190,-1.140866,-19.535657,153.693406
66.412901,-7.794072,-0.109843,-0.732304,-1.119247,-19.430132,147.085743
69.128276,-7.082213,-0.004944,-0.862040,-0.882350,-19.345251,139.980595
63.639239,-6.453653,-0.072196,-1.218917,-0.806997,-19.516001,151.919159
70.058790,-10.308074,-0.169009,-0.894523,-0.693470,-19.319265,139.009221
70.082440,-7.231360,-0.060373,-0.656768,-1.302029,-19.313324,137.949926
67.121517,-8.136364,-0.107160,-1.075631,-0.670608,-19.399426,141.530193
67.604906,-7.388865,-0.118543,-1.219344,-0.774649,-19.391492,142.428191
71.526358,-6.825209,-0.081843,-0.910096,-1.197849,-19.273185,137.141607
62.497216,-6.899285,-0.027096,-1.357436,-0.537833,-19.555291,151.694619
70.431570,-8.931217,-0.175051,-0.907893,-0.928164,-19.309537,137.674026
69.828166,-9.704898,-0.070513,-0.657632,-0.727241,-19.313463,138.369533
68.549169,-8.544767,-0.062347,-1.320816,-0.467598,-19.369564,143.101730
69.620334,-6.423828,-0.083850,-0.844482,-1.375662,-19.327534,139.416597
65.693820,-9.027510,-0.049811,-0.654148,-0.745331,-19.446127,146.942291
68.152684,-7.784870,-0.100201,-0.908516,-0.877690,-19.371790,141.911338
67.130292,-7.225676,-0.110950,-0.969089,-1.031254,-19.416494,145.897915
68.884046,-6.753502,-0.148749,-1.216184,-1.073737,-19.359665,140.882391
65.397262,-6.650916,-0.128930,-1.210541,-0.937920,-19.461583,146.570261
66.726765,-7.347487,-0.136010,-1.175709,-0.850492,-19.422498,145.231979
68.829612,-9.541267,-0.153651,-0.955052,-0.695398,-19.355317,141.589728
65.282820,-7.718805,-0.125657,-1.325603,-0.656112,-19.470248,148.209190
70.635609,-8.152300,-0.162610,-0.970207,-1.003697,-19.306401,137.661592
65.716573,-9.124501,-0.199832,-0.813551,-0.974885,-19.446084,144.508133
69.959718,-9.761819,-0.136094,-0.931870,-0.644824,-19.318681,139.087947
70.052347,-7.539592,-0.086776,-1.373884,-0.633829,-19.319894,141.261059
67.399139,-7.839163,-0.114285,-0.599413,-1.328335,-19.392535,141.627600
68.240224,-8.900843,-0.149437,-0.722565,-1.067374,-19.383342,143.434397
64.439546,-6.760381,-0.087718,-1.199710,-0.793279,-19.485744,150.335277
65.220634,-7.364559,-0.094531,-1.326134,-0.664511,-19.484019,149.851446
68.145543,-7.756887,-0.118448,-1.031653,-0.847352,-19.371851,140.900574
69.691899,-8.664484,-0.089523,-1.351482,-0.494285,-19.334655,140.673885
65.689487,-8.603703,-0.075591,-0.916154,-0.637959,-19.453860,146.316306
68.911711,-7.805620,-0.106274,-0.969777,-0.890817,-19.359142,142.821547
69.859237,-8.554571,-0.130702,-1.027274,-0.776117,-19.325090,141.685436
67.112463,-8.251574,-0.218122,-1.379597,-0.817968,-19.411141,145.523523
68.286050,-8.981796,-0.175273,-0.892543,-0.921086,-19.382277,142.993415
68.399633,-9.252472,-0.183133,-1.497050,-0.535656,-19.370173,143.329491
66.177719,-7.526270,-0.089259,-0.836213,-0.974059,-19.436227,145.704773
66.809645,-8.793026,-0.162143,-0.728357,-1.065317,-19.416575,145.999980
68.664231,-7.475332,-0.013089,-0.767891,-0.868740,-19.351657,138.851000
66.554221,-8.409205,-0.074316,-0.699853,-0.882011,-19.417530,144.818443
64.562812,-7.149120,-0.088837,-1.483085,-0.588989,-19.491856,149.494737
67.425981,-7.982647,-0.143098,-0.915878,-0.952645,-19.401276,142.450657
67.476439,-5.911572,-0.051087,-0.821888,-1.433735,-19.388239,142.775570
69.099800,-10.097014,-0.154169,-0.943638,-0.621673,-19.348102,138.993450
71.617535,-7.511729,-0.197604,-1.054336,-1.259061,-19.267745,135.411728
66.128954,-7.799025,-0.092491,-1.300597,-0.586762,-19.436607,145.799306
69.663644,-6.532559,-0.080851,-1.128902,-0.990651,-19.329286,139.751703
66.850383,-7.885838,-0.086575,-1.319768,-0.556923,-19.416181,144.385250
67.958527,-7.787505,-0.149206,-1.140891,-0.869943,-19.382985,143.557898
67.899891,-9.576281,-0.098102,-0.713971,-0.742070,-19.380919,140.934582
67.669009,-5.906193,-0.000369,-1.085641,-0.914414,-19.375689,141.711596
67.988132,-5.878847,-0.039376,-1.012966,-1.221154,-19.380405,143.385724
69.477736,-7.881853,-0.129642,-1.536570,-0.592248,-19.343520,142.324833
64.278024,-8.987274,-0.159788,-0.781266,-0.938876,-19.513384,149.387950
63.319783,-7.729883,-0.041288,-1.359733,-0.469366,-19.535433,153.751808
69.443319,-7.176745,-0.179899,-1.284242,-1.024496,-19.340959,138.875941
67.108833,-7.622290,-0.038085,-1.086823,-0.626339,-19.401153,143.736348
66.638068,-5.705704,-0.025730,-1.054080,-1.090093,-19.421448,144.811601
67.426419,-7.558066,-0.104008,-1.474506,-0.598082,-19.410639,145.238229
70.259707,-8.534810,-0.071735,-0.862797,-0.748712,-19.314250,139.663618
65.899820,-7.776457,-0.100184,-0.989441,-0.791706,-19.447127,146.680924
70.273502,-8.836538,-0.107798,-1.071889,-0.639329,-19.317536,138.168447
68.929514,-8.063473,-0.195596,-1.010129,-1.103180,-19.357373,142.561855
67.952184,-6.798198,-0.153764,-0.966150,-1.302617,-19.375763,141.551973
71.826320,-7.658329,-0.124119,-1.172302,-0.859051,-19.269749,138.098087
68.576436,-8.084216,-0.030792,-1.053896,-0.589615,-19.360468,141.008319
65.596842,-7.576657,-0.117421,-1.460173,-0.596507,-19.459905,146.997415
71.807074,-7.145763,-0.019780,-0.942971,-0.850313,-19.260448,134.800509
63.706023,-6.879779,-0.097630,-0.893280,-1.093688,-19.520775,153.270866
66.630782,-7.364345,-0.081383,-0.786487,-1.076840,-19.423984,146.244445
68.876406,-6.787119,-0.005417,-0.895488,-0.919319,-19.346913,139.733626
67.957070,-6.743903,-0.095881,-1.247337,-0.868442,-19.383522,143.271916
70.508331,-10.735912,-0.154260,-0.894471,-0.609499,-19.306580,139.581291
70.647543,-7.151750,-0.060728,-0.687123,-1.311986,-19.299220,136.830090
68.287187,-8.176549,-0.095703,-1.183008,-0.612054,-19.369520,141.069394
68.543074,-7.319965,-0.061713,-1.323729,-0.598784,-19.352901,139.119583
71.753674,-6.997621,-0.100099,-0.830400,-1.327099,-19.270330,137.410828
64.595286,-6.911963,-0.036587,-1.167558,-0.664472,-19.481803,148.017768
71.336976,-8.482938,-0.154314,-1.056294,-0.842397,-19.282775,136.491265
68.765832,-9.412492,-0.094513,-0.733443,-0.769100,-19.359987,139.880241
68.770826,-8.626193,-0.062197,-1.327410,-0.449479,-19.362548,142.555153
68.779275,-7.377349,-0.144890,-0.775358,-1.366287,-19.354121,139.981203
65.876024,-9.006400,-0.047763,-0.650843,-0.750472,-19.440098,146.507368
69.376184,-8.289355,-0.103424,-0.909844,-0.836904,-19.336045,141.754110
66.473539,-7.292967,-0.043516,-0.834986,-0.922463,-19.429223,145.232529
69.488436,-7.060335,-0.141066,-1.304729,-0.917116,-19.340114,139.420816
64.075722,-6.735351,-0.121002,-1.321626,-0.805398,-19.503990,149.593479
66.509826,-6.552607,-0.127831,-1.214807,-1.005937,-19.429371,145.199333
67.793920,-9.520807,-0.141750,-0.761981,-0.823020,-19.379837,143.870541
65.997304,-7.435855,-0.063886,-1.233605,-0.609211,-19.439385,146.780028
68.095599,-8.554959,-0.152740,-0.893005,-0.900384,-19.373844,141.223400
67.637533,-8.796163,-0.178595,-0.837846,-0.986155,-19.389824,142.342807
69.036162,-8.235848,-0.108313,-1.190797,-0.647903,-19.345631,140.475555
69.282202,-7.219038,-0.075456,-1.316006,-0.697458,-19.343751,142.519992
68.387687,-7.053811,-0.080567,-0.655433,-1.356977,-19.361076,138.678267
68.149348,-9.285981,-0.151502,-0.703915,-0.998823,-19.389208,144.184946
68.910938,-8.082652,-0.071985,-1.133244,-0.612848,-19.349078,142.307943
66.158033,-7.762722,-0.089882,-1.302902,-0.604380,-19.446450,147.615077
65.139295,-7.393341,-0.136327,-1.104939,-0.892085,-19.475791,148.419142
70.995818,-8.710406,-0.087553,-1.391706,-0.489504,-19.297565,138.974987
66.974633,-8.635750,-0.082686,-1.142412,-0.549364,-19.416871,144.500116
66.952022,-7.905443,-0.125759,-0.861544,-0.987735,-19.424450,146.418460
68.515606,-8.216923,-0.146714,-1.177602,-0.757253,-19.366262,143.977406
67.426162,-8.272106,-0.216531,-1.340620,-0.838744,-19.400312,144.718615
67.350788,-8.559989,-0.164422,-0.826645,-1.022370,-19.408384,145.100081
67.852502,-9.344289,-0.187234,-1.586618,-0.485532,-19.388566,144.483542
67.857819,-7.137629,-0.111839,-1.090096,-0.891044,-19.380855,140.567135
66.700601,-8.865163,-0.155021,-0.720678,-1.033872,-19.422843,147.161901
68.447489,-7.612344,-0.040105,-0.697189,-0.997508,-19.360142,139.791215
65.611749,-8.225655,-0.042251,-0.621120,-0.906785,-19.445935,146.833993
64.969986,-6.827035,-0.098699,-1.562926,-0.650532,-19.483187,149.119973
69.501225,-8.026355,-0.185950,-1.138000,-0.945343,-19.341608,139.729370
67.575856,-5.968385,-0.051778,-0.816555,-1.428236,-19.385388,142.572666
66.911239,-9.647628,-0.126286,-1.004987,-0.562933,-19.414185,143.524773
70.883477,-6.780184,-0.178096,-1.044127,-1.424744,-19.294030,137.669394
64.356560,-7.465370,-0.071179,-1.142043,-0.649015,-19.491250,148.838280
70.477221,-6.703210,-0.096654,-1.063331,-1.079672,-19.302514,138.088295
67.921043,-7.803462,-0.065849,-1.381699,-0.529733,-19.380967,142.758835
69.361576,-7.793898,-0.162792,-1.060091,-0.968990,-19.332636,139.256352
67.877867,-9.608322,-0.097082,-0.704718,-0.739756,-19.381443,140.959630
68.078717,-6.622877,-0.036587,-0.987552,-0.928390,-19.366215,141.068104
67.728861,-5.653309,-0.091203,-1.154207,-1.349130,-19.399504,145.302031
66.685685,-7.533278,-0.108705,-1.585977,-0.542857,-19.421483,147.015593
65.532205,-8.523621,-0.068139,-0.740014,-0.799230,-19.465842,147.041044
65.313473,-7.795472,-0.037574,-1.301538,-0.503657,-19.471224,150.922636
68.013676,-6.825884,-0.181412,-1.310071,-1.098668,-19.386398,141.507390
67.879940,-7.536312,-0.012308,-1.020665,-0.656486,-19.378666,142.241714
65.894109,-5.987799,-0.032578,-1.029586,-1.044170,-19.444411,146.136057
66.355776,-7.267349,-0.097839,-1.480891,-0.613049,-19.439845,146.551201
68.206247,-8.029053,-0.082844,-0.903266,-0.792673,-19.373340,142.475361
66.889632,-8.145209,-0.145480,-1.156557,-0.745365,-19.425926,145.548767
67.569577,-8.309418,-0.077688,-1.016209,-0.621949,-19.390263,142.684287
69.223360,-7.593115,-0.194214,-1.116650,-1.131809,-19.355950,143.250110
67.992319,-7.378752,-0.133843,-0.772985,-1.289878,-19.373361,141.498066
70.576907,-7.420799,-0.145853,-1.152157,-0.948428,-19.304157,138.130842
70.935134,-7.541487,-0.028862,-1.080165,-0.677548,-19.289505,138.257706
65.349267,-7.403029,-0.135431,-1.449880,-0.651762,-19.466427,147.780328
69.185212,-8.630942,-0.100499,-0.803521,-0.852804,-19.340881,139.937691
65.186925,-7.427488,-0.100595,-0.745882,-1.161395,-19.478814,150.583263
65.780189,-7.416149,-0.087841,-0.865316,-0.962631,-19.447163,147.457116
69.118055,-6.777702,-0.000432,-0.856809,-0.938638,-19.338588,139.202878
67.867729,-6.911211,-0.099399,-1.235711,-0.847385,-19.387751,143.143579
70.705237,-10.664641,-0.160338,-0.887105,-0.648021,-19.301911,139.419254
69.227050,-7.677017,-0.059282,-0.571636,-1.281955,-19.342640,137.461759
68.489902,-8.205285,-0.138821,-1.052184,-0.764607,-19.357516,140.016500
65.575594,-7.551228,-0.076481,-1.242650,-0.592412,-19.448461,145.442460
71.744688,-6.700256,-0.086714,-0.873352,-1.321621,-19.268649,137.117502
65.214646,-6.690986,-0.064741,-1.204559,-0.768943,-19.468797,148.275597
70.178464,-7.849222,-0.088535,-1.232426,-0.657413,-19.318196,138.268154
69.234095,-9.797549,-0.087357,-0.709713,-0.700265,-19.343212,138.112337
68.382035,-8.371457,-0.071458,-1.328998,-0.499211,-19.373984,142.994771
68.809670,-8.267137,-0.175193,-0.770657,-1.204677,-19.352759,139.880128
65.163040,-8.135427,-0.000054,-0.792827,-0.658114,-19.464676,147.000251
69.775072,-9.056208,-0.128464,-0.766573,-0.879538,-19.322745,140.380664
68.165042,-7.670542,-0.075814,-0.742568,-1.058417,-19.376059,142.280030
67.313118,-7.324995,-0.172808,-1.423296,-0.835665,-19.413338,143.402970
64.950033,-6.935085,-0.127217,-1.209647,-0.878711,-19.476765,148.809415
66.814078,-6.090646,-0.084242,-1.150723,-1.083428,-19.418535,145.766526
67.751556,-9.194858,-0.111127,-0.716969,-0.845477,-19.380980,143.655483
68.345619,-7.578498,-0.082957,-1.236009,-0.673786,-19.368750,142.335753
68.259141,-8.285128,-0.112766,-0.885829,-0.839503,-19.370068,141.083149
67.356129,-7.800102,-0.107417,-0.724994,-1.128810,-19.393789,143.470469
69.384922,-9.245062,-0.152364,-1.285899,-0.551942,-19.341099,140.628112
67.828220,-7.404294,-0.026983,-1.199997,-0.622645,-19.388061,145.619186
67.222596,-7.625761,-0.059731,-0.678987,-1.082294,-19.401274,141.887311
69.242076,-9.931132,-0.179834,-0.696008,-1.012064,-19.362541,142.701164
67.753357,-8.188450,-0.104265,-1.173046,-0.627826,-19.387419,143.401104
67.987648,-9.416812,-0.150281,-1.153823,-0.574191,-19.385847,143.476378
67.862536,-7.828609,-0.196846,-1.075326,-1.095593,-19.394681,144.446838
66.692301,-7.569327,-0.037113,-1.055130,-0.672328,-19.419710,143.385751
66.245266,-8.635035,-0.057580,-1.098964,-0.502384,-19.439760,145.763898
66.265407,-7.661608,-0.113219,-0.808186,-1.058624,-19.438222,147.519862
66.936836,-7.349496,-0.149220,-1.169357,-0.908261,-19.410407,145.641594
67.330836,-8.379527,-0.216224,-1.289679,-0.841002,-19.405612,145.267341
67.674018,-9.262307,-0.170455,-0.790537,-0.952341,-19.398368,145.161231
67.194127,-8.606866,-0.157206,-1.564806,-0.526663,-19.409633,145.910993
67.597277,-6.993743,-0.110164,-1.145249,-0.896165,-19.391066,141.477353
66.939865,-8.933284,-0.177911,-0.831591,-0.998888,-19.421899,147.602163
68.443810,-7.345774,-0.063308,-0.901445,-0.905473,-19.363029,139.529557
66.502494,-8.719499,-0.105553,-0.685086,-0.953641,-19.425201,146.152421
65.099820,-6.803989,-0.108712,-1.598289,-0.653512,-19.478016,147.833313
69.318113,-7.987350,-0.173854,-1.135153,-0.910467,-19.346961,140.144386
66.787108,-5.898327,-0.048942,-0.812569,-1.441762,-19.408682,144.031442
66.966114,-10.364345,-0.121112,-0.831097,-0.555254,-19.410212,142.152129
71.178858,-6.973638,-0.190362,-1.069619,-1.392062,-19.284971,137.074049
67.673349,-7.960473,-0.091113,-1.013086,-0.729560,-19.386062,142.896393
67.958529,-6.392314,-0.084112,-1.210460,-0.927063,-19.380997,143.210863
69.568261,-8.001154,-0.095405,-1.558953,-0.490411,-19.324999,138.331340
67.716335,-7.627144,-0.155911,-1.243443,-0.803451,-19.381512,141.325481
67.397070,-9.735495,-0.089923,-0.685004,-0.695852,-19.389433,141.039951
65.461359,-6.671191,-0.020700,-1.032410,-0.765476,-19.443871,144.992418
67.598397,-5.930519,-0.080365,-1.136478,-1.201811,-19.402805,145.126100
66.206293,-8.017678,-0.134089,-1.560366,-0.548426,-19.442011,149.526219
65.614944,-7.847678,-0.091915,-0.889237,-0.845383,-19.465637,148.328924
65.108561,-7.753014,-0.098203,-1.444971,-0.533177,-19.472016,149.041211
68.783014,-6.445179,-0.191928,-1.336581,-1.247539,-19.361622,139.907126
68.052165,-7.439097,-0.021751,-1.056628,-0.670174,-19.377053,142.357147
65.688052,-6.057256,-0.018458,-0.992117,-1.014613,-19.450446,146.704440
67.185887,-7.051356,-0.057612,-1.397512,-0.594965,-19.399102,143.516377
71.307230,-8.541211,-0.039964,-0.928358,-0.637981,-19.274118,138.242337
67.458691,-7.720462,-0.130478,-1.101843,-0.834520,-19.403204,143.784049
67.636212,-8.168325,-0.057538,-1.008644,-0.628221,-19.390425,143.407240
68.733616,-7.499202,-0.177604,-1.115661,-1.090957,-19.369327,143.825540
70.213925,-8.680046,-0.173827,-0.739550,-1.207077,-19.319026,137.622846
69.670498,-7.192926,-0.131605,-1.051557,-1.025658,-19.329632,138.918508
72.197473,-7.145015,-0.044256,-0.956652,-0.944820,-19.256247,134.855637
66.324262,-8.090431,-0.163724,-1.524419,-0.592919,-19.440092,146.262289
69.004156,-8.661559,-0.099668,-0.955798,-0.687251,-19.344132,140.358582
65.669310,-7.234667,-0.150240,-0.965634,-1.129871,-19.458361,148.724257
65.482639,-7.097463,-0.075425,-1.169979,-0.770982,-19.467767,150.669667
70.012009,-7.012588,-0.003080,-0.793419,-0.981577,-19.315058,138.049341
67.386454,-6.712667,-0.138572,-1.158423,-1.075441,-19.401199,144.226638
70.208967,-10.128813,-0.138923,-0.884451,-0.654187,-19.315583,140.006111
68.607860,-7.268272,-0.047534,-0.648708,-1.245056,-19.363372,139.474697
69.087918,-7.537306,-0.106733,-1.077280,-0.825402,-19.341487,142.295231
68.249332,-7.357095,-0.068301,-1.133338,-0.744675,-19.379881,143.472214
73.250898,-6.733742,-0.063470,-0.807779,-1.345425,-19.221429,133.399602
65.530273,-6.862358,-0.131032,-1.239099,-0.904758,-19.463251,147.635406
69.179057,-7.523677,-0.010749,-1.051781,-0.649948,-19.341845,140.498099
66.522251,-8.854650,-0.006579,-0.660372,-0.689076,-19.424201,143.086901
68.100086,-8.105918,-0.066444,-1.313619,-0.525859,-19.382539,143.598820
67.904979,-8.232954,-0.149226,-0.769782,-1.109113,-19.381996,142.650192
65.161822,-8.148604,-0.000002,-0.795704,-0.651732,-19.464798,147.012383
69.733464,-8.609535,-0.093874,-0.743663,-0.907691,-19.323313,140.204512
67.009330,-8.057573,-0.089499,-0.746960,-0.964812,-19.416911,144.830908
66.944507,-7.164066,-0.156725,-1.298896,-0.896583,-19.421934,144.241056
64.711510,-6.824855,-0.126602,-1.238384,-0.869328,-19.483097,149.198333
67.100000,-6.039787,-0.137399,-1.081199,-1.374568,-19.407397,144.455199
67.727380,-9.252422,-0.119035,-0.715540,-0.847619,-19.377621,143.152606
67.830087,-7.126966,-0.036192,-1.226716,-0.658682,-19.382945,146.611922
65.642425,-7.792528,-0.114204,-1.063977,-0.759945,-19.459961,146.433352
66.289242,-7.963598,-0.109880,-0.818739,-0.955143,-19.427447,146.948694
69.400161,-9.408355,-0.147031,-1.281689,-0.518700,-19.339581,140.385904
67.409116,-7.702281,-0.058316,-1.351991,-0.551612,-19.403698,146.311292
67.509192,-7.655872,-0.058211,-0.673134,-1.073594,-19.392439,141.280339
69.292068,-9.556330,-0.177191,-0.715397,-1.070514,-19.362129,142.930888
66.489089,-7.926524,-0.082581,-1.213668,-0.597232,-19.432181,146.495073
67.599801,-8.992560,-0.179602,-1.285806,-0.621006,-19.395658,143.643979
69.320169,-7.459367,-0.208427,-1.174993,-1.189526,-19.349494,140.728195
68.114534,-7.408889,-0.045859,-1.135321,-0.663492,-19.377208,141.369065
68.001434,-9.304237,-0.103522,-0.972999,-0.598202,-19.385060,143.502894
66.341822,-7.612938,-0.139419,-0.852302,-1.124336,-19.436798,147.826477
66.130147,-8.066338,-0.146795,-1.052755,-0.837733,-19.436486,148.314768
66.868767,-8.493508,-0.218833,-1.394089,-0.761808,-19.421975,146.968708
67.716565,-9.262071,-0.172941,-0.795239,-0.955047,-19.396935,145.006243
67.345912,-8.863687,-0.164529,-1.545679,-0.516228,-19.405548,145.766636
67.049506,-6.909252,-0.099752,-1.066959,-0.939465,-19.410681,141.331002
65.936290,-8.973110,-0.178114,-0.878471,-0.900986,-19.449448,149.230453
69.935885,-6.906345,-0.053343,-1.061447,-0.866131,-19.308971,137.044438
66.859271,-8.449149,-0.094605,-0.647845,-1.024759,-19.416157,146.048569
65.119676,-6.757470,-0.113096,-1.620140,-0.656144,-19.477611,147.754943
70.269908,-8.152856,-0.183835,-1.218736,-0.860607,-19.315674,138.873710
66.423149,-5.720139,-0.051215,-0.820644,-1.492728,-19.419994,144.568842
68.324589,-10.512783,-0.150783,-0.785344,-0.675741,-19.369838,140.847321
70.896525,-6.580418,-0.174631,-1.031224,-1.499144,-19.290578,137.289415
70.168405,-7.902213,-0.124187,-1.088500,-0.823949,-19.312639,137.878786
68.197390,-7.004921,-0.091279,-1.109443,-0.869474,-19.374823,142.007890
68.603853,-8.015255,-0.094149,-1.451166,-0.524001,-19.357122,140.784685
67.965358,-7.730759,-0.147326,-1.304724,-0.732734,-19.377386,141.583770
67.159246,-9.558947,-0.090709,-0.718637,-0.703814,-19.397615,141.637328
66.614807,-6.752015,-0.043541,-1.025616,-0.845371,-19.415436,144.011802
66.072581,-5.891928,-0.103400,-1.179354,-1.238208,-19.452463,148.724054
66.134893,-8.053857,-0.130805,-1.492572,-0.562243,-19.444830,149.228242
67.116650,-8.547386,-0.100446,-0.819400,-0.809606,-19.411865,144.374327
65.292878,-7.229466,-0.093620,-1.485193,-0.594167,-19.467356,148.222569
67.847644,-6.055277,-0.186909,-1.365792,-1.311198,-19.389298,141.930890
67.492984,-7.140327,-0.015463,-1.131316,-0.659644,-19.394891,142.689738
65.803636,-6.021268,-0.015927,-0.991667,-1.008354,-19.446818,146.736534
67.988673,-6.580860,-0.058499,-1.350497,-0.732173,-19.374684,142.946193
69.359359,-8.558725,-0.026785,-0.807747,-0.689320,-19.330582,140.383850
67.073763,-8.161377,-0.154051,-1.052601,-0.844129,-19.418035,144.182425
66.261406,-8.113640,-0.087960,-1.036568,-0.681071,-19.434701,146.374625
68.997093,-6.987210,-0.171424,-1.125105,-1.202396,-19.354762,141.940070
68.562742,-8.574524,-0.131620,-0.684662,-1.101031,-19.366379,141.579588
69.381897,-7.140060,-0.122225,-1.088935,-0.971713,-19.337943,139.496628
68.159596,-7.401820,-0.091923,-0.867252,-1.015083,-19.374697,142.195627
66.381501,-8.268997,-0.187012,-1.505653,-0.644780,-19.439509,146.368856
68.103060,-7.626169,-0.098644,-1.274765,-0.654194,-19.374069,140.207650
66.392649,-7.261965,-0.098130,-0.747623,-1.213458,-19.429204,147.083942
67.223121,-8.107345,-0.023284,-0.789679,-0.773928,-19.405911,146.756594
69.428587,-6.641762,-0.014447,-0.934216,-0.962922,-19.333842,139.735916
66.322805,-6.868420,-0.106979,-0.981379,-1.060504,-19.427933,146.672764
70.942456,-10.385558,-0.163751,-0.777990,-0.799887,-19.297203,139.101188
68.358539,-7.836350,-0.057330,-0.632921,-1.139643,-19.369948,140.979312
69.716401,-7.339407,-0.129174,-1.129056,-0.912486,-19.327716,140.707811
68.551151,-7.266221,-0.088207,-0.948070,-0.979598,-19.369542,142.175700
72.371696,-6.862146,-0.092879,-0.929238,-1.204212,-19.251123,134.778385
65.044667,-7.023443,-0.121211,-1.236171,-0.838016,-19.481152,148.480599
70.941921,-7.946471,-0.009863,-0.934405,-0.667409,-19.283940,138.306652
66.395847,-8.776093,-0.000425,-0.659988,-0.686187,-19.428062,143.336500
68.047555,-7.687295,-0.065206,-1.425407,-0.540474,-19.385008,143.110780
67.831625,-8.022059,-0.179844,-0.885301,-1.140148,-19.387983,143.113663
64.036940,-8.260436,-0.050374,-0.702626,-0.818753,-19.502114,149.915838
71.866175,-9.258368,-0.148319,-0.676984,-1.062254,-19.260822,135.377850
66.458994,-7.248802,-0.092589,-0.936491,-0.982562,-19.440566,147.411334
66.744673,-7.199424,-0.134388,-1.125177,-0.931567,-19.428059,144.644355
65.394743,-6.841206,-0.120950,-1.106288,-0.979742,-19.461210,146.437330
66.371053,-5.860196,-0.108782,-1.070287,-1.337618,-19.427419,145.658231
66.049273,-9.452622,-0.166538,-0.735747,-0.919023,-19.440109,147.590860
63.917721,-7.764708,-0.127551,-1.183177,-0.710932,-19.513107,153.288198
65.725641,-7.617214,-0.092519,-1.000127,-0.803345,-19.454303,146.316640
66.473708,-7.509222,-0.076506,-1.011844,-0.766771,-19.425740,145.708139
68.823270,-8.772168,-0.150315,-1.405822,-0.554027,-19.356450,141.378337
67.444810,-7.297118,-0.047151,-1.379822,-0.576732,-19.404278,146.979369
63.610673,-7.993181,-0.087213,-0.775626,-0.858165,-19.521432,151.459210
67.692548,-10.109126,-0.156066,-0.740514,-0.815835,-19.399386,143.647762
66.481467,-7.575547,-0.048734,-1.106362,-0.645830,-19.430230,146.082067
67.775292,-9.268027,-0.199428,-1.312168,-0.622183,-19.389690,143.134093
69.086829,-7.268821,-0.220643,-1.177654,-1.292540,-19.357874,141.210475
64.711738,-6.940106,-0.114714,-1.349245,-0.754780,-19.493349,149.776265
69.649353,-9.793948,-0.106860,-0.922755,-0.588314,-19.331841,139.396997
66.665409,-7.198797,-0.092143,-0.968757,-0.951296,-19.425848,146.556790
65.292786,-7.766978,-0.138026,-1.179701,-0.752538,-19.465449,148.728938
66.805430,-8.487438,-0.216197,-1.379245,-0.762770,-19.423525,147.101801
65.829553,-9.270504,-0.213317,-0.890560,-0.956178,-19.456791,149.285993
67.844683,-9.201432,-0.156676,-1.527939,-0.471903,-19.389196,145.119486
67.731131,-6.739540,-0.110295,-1.024112,-1.115248,-19.389807,142.620579
66.880812,-8.432808,-0.161425,-0.960479,-0.905271,-19.418852,146.559651
69.775642,-7.291256,-0.003367,-1.085943,-0.644361,-19.316419,137.557551
67.027110,-8.591084,-0.061575,-0.617275,-0.940510,-19.409600,145.127665
66.387350,-5.983366,-0.108479,-1.799566,-0.749475,-19.439871,145.447162
68.914719,-8.095698,-0.153704,-1.221655,-0.752569,-19.354871,141.008012
65.784314,-5.616689,-0.030844,-0.785330,-1.480946,-19.437741,145.430815
68.878000,-10.836938,-0.165292,-0.813649,-0.659687,-19.358786,141.151532
69.759793,-6.612566,-0.160893,-1.015293,-1.441087,-19.328180,140.262089
68.407762,-7.441086,-0.113842,-0.868615,-1.063426,-19.365177,141.237339
69.023619,-7.030259,-0.107596,-1.293339,-0.806026,-19.349862,139.897178
68.604466,-8.163716,-0.112097,-1.539207,-0.494222,-19.357645,140.880519
68.888480,-7.482460,-0.129688,-1.097012,-0.910007,-19.354374,140.703884
67.691356,-10.160064,-0.127937,-0.734704,-0.693900,-19.384913,141.593904
66.199836,-5.650047,-0.048555,-1.321438,-0.955218,-19.433950,145.037164
65.796785,-5.754355,-0.086481,-1.162406,-1.210156,-19.459079,148.775968
65.030516,-7.489147,-0.123339,-1.439029,-0.651990,-19.478992,150.870127
68.072560,-9.159411,-0.149542,-0.904614,-0.782703,-19.382822,142.660522
64.980590,-6.934005,-0.100425,-1.472975,-0.656224,-19.476892,148.449881
68.360741,-6.028227,-0.145635,-1.217682,-1.315088,-19.369617,141.220341
67.780904,-7.179902,-0.008310,-1.163176,-0.623665,-19.387975,142.277976
67.281523,-6.452825,-0.016051,-0.967765,-0.945321,-19.401852,144.014511
68.286849,-6.542322,-0.052825,-1.327186,-0.737907,-19.363183,142.281265
70.981101,-8.724066,-0.008227,-0.725469,-0.712409,-19.277441,137.311066
68.140454,-8.341495,-0.177110,-1.000943,-0.943913,-19.380764,141.964711
67.897271,-7.778801,-0.077674,-0.871250,-0.852172,-19.380872,142.229963
68.629636,-7.353571,-0.156969,-1.070765,-1.048494,-19.362979,142.218904
68.146469,-8.613803,-0.145422,-0.723994,-1.078964,-19.379435,142.616686
67.020156,-6.151749,-0.070896,-1.382591,-0.857778,-19.420073,143.709067
70.190453,-7.062380,-0.014010,-0.794570,-0.983523,-19.304797,137.836827
66.940736,-8.397883,-0.181954,-1.566064,-0.598282,-19.422991,145.443040
66.518732,-9.020823,-0.089995,-0.819612,-0.689898,-19.424247,145.017537
65.095988,-7.189519,-0.095460,-0.717636,-1.272842,-19.471512,150.426516
66.250990,-8.693764,-0.015934,-0.829202,-0.615553,-19.441024,149.807404
69.166945,-7.032058,-0.003584,-0.931034,-0.846175,-19.344000,140.784678
64.461541,-6.964792,-0.093833,-1.107575,-0.831403,-19.491303,151.280795
70.004379,-10.442826,-0.162419,-0.746498,-0.791728,-19.322831,139.675094
69.091979,-7.943458,-0.061984,-0.595724,-1.177271,-19.346685,139.487419
70.708281,-7.336536,-0.128025,-0.961044,-1.090339,-19.294605,138.680263
68.196088,-6.685973,-0.071221,-1.030795,-1.010216,-19.381571,142.441251
70.025038,-6.717807,-0.106135,-0.979632,-1.177558,-19.320053,138.693249
62.256765,-7.205760,-0.125343,-1.377582,-0.676506,-19.573745,153.390295
68.232568,-7.737737,-0.011869,-0.984872,-0.651430,-19.370808,142.641315
66.665981,-8.709092,-0.002814,-0.633919,-0.732812,-19.417992,143.530003
66.158132,-7.611087,-0.078280,-1.494268,-0.522191,-19.446747,146.900240
66.664039,-7.985534,-0.144393,-0.789061,-1.139688,-19.423791,147.649049
64.852261,-8.351287,-0.038666,-0.584647,-0.922077,-19.476550,147.999684
70.818884,-9.142851,-0.135892,-0.698723,-1.007901,-19.296125,138.492798
69.331162,-7.573307,-0.079790,-0.900465,-0.938637,-19.346517,139.768543
67.018830,-7.237352,-0.126817,-1.213024,-0.840208,-19.420261,144.713182
65.121434,-6.547850,-0.114249,-1.027754,-1.077516,-19.463295,145.725929
67.335561,-5.991756,-0.110990,-1.024926,-1.343200,-19.397362,144.168891
68.907071,-8.431043,-0.140042,-0.749405,-1.046368,-19.344356,139.163644
63.427965,-8.058892,-0.094145,-1.012261,-0.676545,-19.528568,153.962690
66.988905,-8.330292,-0.046589,-0.885494,-0.665356,-19.411195,144.199104
67.196508,-7.328564,-0.062157,-1.087178,-0.721333,-19.402336,142.937968
70.668567,-8.553373,-0.098610,-1.459617,-0.474843,-19.294978,137.323985
66.736976,-7.031034,-0.054477,-1.419834,-0.608163,-19.425458,145.973330
66.499413,-7.643755,-0.098375,-0.957621,-0.865377,-19.425870,146.383760
67.250029,-10.019838,-0.131876,-0.670149,-0.820579,-19.410821,144.436042
65.665047,-7.903375,-0.062714,-1.132771,-0.615350,-19.459700,148.646510
67.155024,-8.894227,-0.200692,-1.240414,-0.730248,-19.411378,144.284407
68.773106,-7.082053,-0.205987,-1.148618,-1.297481,-19.365949,142.216005
65.322883,-6.943724,-0.079430,-1.119003,-0.838094,-19.472920,150.982682
68.438420,-10.054619,-0.120699,-0.886661,-0.596816,-19.370362,142.157804
66.747646,-6.854488,-0.073087,-1.008656,-0.946963,-19.425524,146.796060
65.416963,-7.424193,-0.111212,-1.281332,-0.685304,-19.453590,147.071038
66.545814,-8.351131,-0.197992,-1.341845,-0.763021,-19.430734,147.685375
66.648669,-9.106352,-0.213494,-0.938151,-0.955619,-19.432921,147.028698
67.303760,-9.803954,-0.176761,-1.447546,-0.479778,-19.410116,147.493105
67.053034,-6.569348,-0.113974,-0.865239,-1.366628,-19.412937,145.329677
65.847931,-8.529478,-0.098431,-1.066653,-0.609617,-19.451998,149.203049
69.072997,-7.528389,-0.023521,-1.000579,-0.702132,-19.341464,138.773734
64.937107,-9.029404,-0.076111,-0.676216,-0.769482,-19.477385,149.820672
68.117816,-6.551980,-0.124727,-1.468348,-0.856759,-19.380607,142.002416
70.225151,-8.012187,-0.162397,-1.451356,-0.695095,-19.313493,139.418292
66.663870,-5.807228,-0.050108,-0.823449,-1.437955,-19.413033,143.870019
68.782237,-10.588648,-0.158427,-0.828558,-0.670000,-19.361153,141.234277
69.001816,-6.502754,-0.146810,-0.958600,-1.470446,-19.352011,141.655884
67.522679,-7.340512,-0.053304,-0.858147,-0.898899,-19.383304,144.311451
70.290829,-6.825311,-0.105176,-1.336387,-0.824203,-19.311000,137.420475
67.974832,-8.332968,-0.140162,-1.548897,-0.525914,-19.383124,142.707104
68.470210,-7.602395,-0.172636,-1.219923,-0.902185,-19.371260,141.775181
66.152332,-8.864733,-0.079433,-0.767389,-0.722647,-19.428577,144.785217
66.517254,-5.402697,-0.055145,-1.351113,-1.011127,-19.423106,144.140963
66.328957,-5.836976,-0.087193,-1.126979,-1.219140,-19.441410,147.630188
63.840178,-7.749351,-0.181329,-1.419388,-0.727666,-19.515390,151.955635
68.928689,-10.034883,-0.166948,-0.918096,-0.693137,-19.355968,141.175226
62.965578,-7.560685,-0.079263,-1.467891,-0.510496,-19.549085,155.069974
68.552292,-5.772078,-0.153687,-1.227468,-1.431478,-19.359407,140.528872
68.079304,-7.675182,-0.051860,-1.017921,-0.715942,-19.380682,140.992696
66.601578,-6.084744,-0.029835,-1.082634,-0.972520,-19.421636,145.097507
70.283270,-6.545857,-0.022288,-1.336021,-0.688895,-19.298738,137.561251
70.432040,-8.813981,-0.028479,-0.699691,-0.754746,-19.296129,137.891034
67.607231,-8.507839,-0.137871,-0.881490,-0.863352,-19.393538,142.474675
68.532445,-8.100281,-0.085156,-0.772686,-0.952435,-19.362079,142.153682
71.174759,-7.123160,-0.176601,-1.227440,-1.079324,-19.280323,136.712229
68.484919,-8.738628,-0.121353,-0.736147,-0.955457,-19.367139,141.368108
66.002137,-6.255680,-0.060697,-1.519368,-0.714879,-19.448748,144.866754
69.041990,-6.990558,-0.026908,-0.870305,-0.934243,-19.342470,139.843997
67.927790,-8.617006,-0.179985,-1.559277,-0.577902,-19.391296,143.527234
67.958956,-9.618017,-0.136171,-0.818441,-0.732078,-19.382282,142.062606
66.094823,-7.186808,-0.098163,-0.756228,-1.210949,-19.439604,148.643207
66.537257,-8.595555,-0.001003,-0.769905,-0.637907,-19.427757,147.871884
68.420063,-6.641959,-0.044644,-1.006820,-0.942093,-19.372052,143.893346
63.835809,-6.351453,-0.102094,-1.125716,-1.026724,-19.518638,153.368191
70.818161,-10.280746,-0.129813,-0.679579,-0.782731,-19.293245,137.728241
67.327477,-7.608126,-0.068783,-0.628822,-1.201520,-19.404658,142.500851
69.881947,-8.256969,-0.138049,-0.896702,-0.963519,-19.322380,139.704183
66.296279,-7.195733,-0.121880,-0.991366,-1.019348,-19.444711,147.123164
69.840375,-7.201243,-0.118607,-0.943978,-1.122594,-19.324229,138.982810
63.280854,-7.788592,-0.108388,-1.057166,-0.725285,-19.536309,152.579478
66.787912,-7.517583,-0.063335,-0.991407,-0.785549,-19.419896,146.665127
67.022737,-8.501724,-0.005799,-0.697727,-0.729801,-19.406550,142.993112
65.870093,-7.663816,-0.095361,-1.473711,-0.560534,-19.455817,147.678291
67.221550,-7.675846,-0.149440,-0.807029,-1.223173,-19.407579,146.465819
65.761067,-8.289027,-0.042082,-0.594933,-0.951026,-19.447114,145.987579
70.134836,-8.970432,-0.135099,-0.766834,-0.942531,-19.317134,139.231512
70.870838,-7.956014,-0.148264,-1.256353,-0.801263,-19.301562,140.821657
68.068570,-7.912039,-0.126562,-1.183806,-0.738237,-19.385226,142.539972
65.953055,-6.902090,-0.143539,-1.140408,-1.018237,-19.451779,146.481536
67.193346,-6.771842,-0.098471,-0.947659,-1.099862,-19.401211,143.740757
70.136921,-7.137103,-0.112522,-0.886121,-1.154082,-19.308531,137.496384
63.817708,-8.737615,-0.124270,-0.948799,-0.677356,-19.515019,151.392882
66.851872,-7.210963,-0.036682,-0.956591,-0.794383,-19.416593,144.476788
67.094643,-7.961991,-0.069318,-0.947126,-0.720759,-19.404216,143.630293
69.543461,-8.214847,-0.092118,-1.480808,-0.500834,-19.331604,140.138339
68.528746,-7.391404,-0.072660,-1.509346,-0.552142,-19.364898,142.022587
63.316208,-7.641856,-0.123028,-0.920444,-0.907301,-19.528937,152.705561
67.973411,-10.369596,-0.154449,-0.650731,-0.865593,-19.386498,143.563577
65.070777,-8.128515,-0.047328,-1.034649,-0.588666,-19.476800,149.780086
67.359836,-9.857366,-0.216275,-1.261194,-0.614855,-19.406229,142.272183
70.789863,-7.043534,-0.213202,-1.139500,-1.408855,-19.298822,137.625632
64.695525,-7.727284,-0.078315,-0.882880,-0.841764,-19.485234,151.962234
71.269933,-10.877965,-0.107204,-0.729844,-0.604105,-19.275506,135.739243
68.425419,-7.599478,-0.019477,-0.733453,-0.950165,-19.376729,142.070331
67.197510,-7.195487,-0.102431,-1.388323,-0.669614,-19.400531,143.053155
67.717501,-8.356093,-0.198274,-1.427806,-0.716063,-19.393972,145.830845
67.522145,-8.750734,-0.179494,-0.981315,-0.884672,-19.402170,144.252915
67.282397,-9.801858,-0.163819,-1.421785,-0.465961,-19.410253,147.382132
67.288646,-6.417706,-0.110748,-0.906842,-1.370507,-19.407172,144.895243
63.136020,-9.183747,-0.124845,-1.088743,-0.527979,-19.538952,154.303802
69.999641,-7.556882,-0.017505,-1.090423,-0.627392,-19.314964,137.496919
66.677577,-8.544399,-0.075701,-0.695485,-0.902412,-19.421017,147.548309
68.457881,-6.834921,-0.166101,-1.545877,-0.857230,-19.369231,140.725173
70.476559,-8.497203,-0.186372,-1.402049,-0.707194,-19.306176,139.757097
67.620888,-6.459968,-0.050743,-0.755790,-1.328909,-19.379776,141.235907
69.036681,-11.309712,-0.169207,-0.754430,-0.666903,-19.353572,140.500989
69.083170,-6.383928,-0.150057,-0.997331,-1.473783,-19.348294,141.621791
67.662827,-6.400554,-0.068626,-1.102150,-0.979801,-19.383336,143.698913
69.096030,-6.799643,-0.109821,-1.151334,-0.965114,-19.342336,138.339177
68.556289,-7.693558,-0.162695,-1.626903,-0.658666,-19.367056,140.899754
67.075892,-7.491923,-0.162230,-1.309566,-0.830402,-19.416935,145.154369
66.059270,-9.409677,-0.084630,-0.744835,-0.657843,-19.430572,144.864214
65.959500,-6.107733,-0.029032,-1.084698,-0.941476,-19.443314,144.683583
66.974352,-6.032192,-0.098842,-1.172618,-1.166413,-19.421047,146.109626
65.069608,-7.479569,-0.151092,-1.243172,-0.795844,-19.474281,148.155889
67.929093,-9.940522,-0.144968,-0.838620,-0.711576,-19.387862,143.361697
63.944886,-7.369390,-0.049636,-1.335275,-0.550947,-19.513174,152.638834
68.387683,-5.780314,-0.139510,-1.237005,-1.357396,-19.363879,141.176605
66.786589,-8.248800,-0.049178,-0.809260,-0.753504,-19.424806,144.242589
65.285779,-5.865286,-0.006942,-1.137373,-0.901957,-19.460658,148.054652
68.391363,-6.449341,-0.050027,-1.542846,-0.644712,-19.363600,140.951516
68.990350,-8.545048,-0.044577,-0.737595,-0.781336,-19.343073,141.589941
67.873877,-7.869704,-0.079161,-0.781318,-0.918878,-19.380211,141.231629
67.796694,-7.997958,-0.070195,-0.798387,-0.892872,-19.386423,143.101186
70.086893,-7.119198,-0.144490,-1.175744,-1.005218,-19.312961,138.658311
68.774851,-9.002663,-0.145883,-0.648547,-1.103401,-19.356756,139.485193
66.833028,-6.327035,-0.065148,-1.457556,-0.742172,-19.419527,143.223195
69.007340,-6.530512,-0.028050,-0.915425,-1.032768,-19.344664,140.117717
67.914489,-8.791470,-0.191374,-1.552748,-0.580504,-19.392199,143.523118
67.051818,-8.552335,-0.113949,-0.912538,-0.758589,-19.414695,144.199557
66.761204,-7.119294,-0.086901,-0.752538,-1.201681,-19.416634,146.633595
66.415795,-9.020074,-0.023277,-0.700567,-0.670779,-19.431740,147.617431
66.879211,-7.631799,-0.039871,-0.889538,-0.791879,-19.419669,145.511457
62.267460,-7.864749,-0.090085,-0.997616,-0.710445,-19.571917,156.072857
70.060210,-9.834623,-0.078235,-0.631081,-0.789045,-19.314965,138.658810
68.041388,-7.483970,-0.103056,-0.757232,-1.188875,-19.386778,141.967664
69.914471,-7.714233,-0.143594,-0.875265,-1.146361,-19.327559,140.898150
65.506254,-7.510971,-0.148449,-1.107037,-0.888656,-19.468463,146.921080
68.448919,-6.577213,-0.104412,-0.986564,-1.205429,-19.367833,141.908554
65.720916,-7.581670,-0.100262,-1.030065,-0.824665,-19.455727,147.652516
65.119770,-7.419729,-0.063614,-1.072503,-0.727225,-19.474462,150.629446
66.533054,-8.519043,-0.010807,-0.702648,-0.720818,-19.423111,144.290575
68.292990,-7.063422,-0.105181,-1.494154,-0.691371,-19.379056,142.120353
64.807481,-7.669445,-0.168721,-0.922542,-1.113999,-19.486807,152.093227
65.594388,-8.335219,-0.036084,-0.595397,-0.921998,-19.450693,146.528329
69.280077,-8.847404,-0.145201,-0.785053,-0.975847,-19.345444,141.220467
67.811850,-7.423867,-0.085228,-1.147395,-0.746932,-19.392199,144.395075
68.901292,-8.534682,-0.136182,-1.111875,-0.705560,-19.354561,140.191824
65.375706,-7.393750,-0.094117,-0.800603,-1.034642,-19.470543,147.033118
67.719136,-6.650003,-0.084900,-0.956483,-1.087540,-19.380464,142.129111
68.731237,-6.443365,-0.105293,-1.006503,-1.214662,-19.357603,140.655780
65.130623,-8.648869,-0.126376,-1.021900,-0.676063,-19.472876,148.652849
66.760247,-9.161178,-0.085526,-0.666388,-0.816610,-19.414501,145.152316
65.580140,-8.187439,-0.080664,-0.967963,-0.665761,-19.449197,145.618085
69.273868,-8.429656,-0.095727,-1.492266,-0.472849,-19.341029,140.922407
71.423475,-7.084715,-0.036482,-1.552362,-0.536325,-19.269778,135.407222
65.696716,-8.302989,-0.138303,-0.789745,-0.994274,-19.456530,147.129536
68.795731,-9.896012,-0.137983,-0.669531,-0.879989,-19.358130,141.979727
66.143306,-7.989651,-0.024684,-0.887983,-0.676988,-19.440104,146.681856
67.455316,-9.947034,-0.213857,-1.269802,-0.593881,-19.403443,142.149167
70.912402,-7.223325,-0.217469,-1.194395,-1.311967,-19.295085,137.447361
70.671907,-6.926408,-0.001141,-1.054976,-0.748308,-19.293791,138.249699
69.193710,-10.002033,-0.076343,-0.721339,-0.652955,-19.341424,139.680815
68.712843,-7.886063,-0.008512,-0.714101,-0.867902,-19.365156,141.713979
67.688631,-7.477344,-0.114234,-1.443970,-0.636395,-19.384311,142.125106
66.735889,-8.333065,-0.172798,-1.356320,-0.665265,-19.421814,146.652976
68.723006,-9.088754,-0.194455,-1.042349,-0.826677,-19.364443,141.032241
66.948143,-9.839661,-0.149476,-1.372115,-0.448442,-19.420292,148.372148
66.723697,-6.016970,-0.142481,-1.030399,-1.498419,-19.427484,145.555464
62.872776,-8.569080,-0.120794,-1.225394,-0.529156,-19.545387,153.693521
70.427015,-8.165530,-0.033150,-1.016405,-0.616824,-19.303784,137.577980
66.111283,-8.345318,-0.076171,-0.627952,-1.033532,-19.442204,147.714892
68.141410,-6.536271,-0.141889,-1.541338,-0.852494,-19.379480,141.255431
70.633562,-8.252980,-0.181832,-1.483865,-0.698936,-19.301925,139.433368
67.391412,-6.541676,-0.034713,-0.687077,-1.307678,-19.384454,140.994310
69.189015,-11.143923,-0.174769,-0.749158,-0.711559,-19.349879,140.392710
68.553339,-6.458360,-0.165946,-1.036686,-1.451624,-19.365526,142.648004
68.781108,-6.653450,-0.080939,-1.360539,-0.783484,-19.354144,140.361351
67.951800,-6.501779,-0.110087,-1.181792,-1.017593,-19.382388,141.985614
70.079155,-7.941091,-0.196140,-1.808301,-0.641250,-19.321531,137.775761
68.857667,-7.098148,-0.184770,-1.299172,-1.044393,-19.360455,140.293301
66.017735,-9.487864,-0.071775,-0.731941,-0.662106,-19.435081,146.509229
64.548726,-6.500294,-0.089435,-0.988259,-1.067875,-19.495953,147.320285
68.251795,-5.986984,-0.104964,-1.427775,-1.007240,-19.382402,145.423826
64.940282,-7.303008,-0.142127,-1.161218,-0.854632,-19.477371,147.880534
64.780670,-8.292964,-0.130324,-0.819772,-0.940605,-19.493046,149.404591
64.861789,-7.602850,-0.070617,-1.388573,-0.541242,-19.484208,151.100775
67.855197,-5.470995,-0.128306,-1.427413,-1.247962,-19.388466,142.926927
67.310104,-8.154109,-0.018795,-0.833777,-0.674952,-19.398907,141.849826
65.598922,-6.220913,-0.055333,-1.266509,-0.844266,-19.454851,147.129089
68.043640,-6.594752,-0.063873,-1.515519,-0.658902,-19.375596,141.497601
69.358582,-7.897545,-0.054741,-0.841603,-0.800701,-19.326795,139.182468
68.847768,-7.322094,-0.112188,-0.943771,-1.020400,-19.349156,138.915381
69.055216,-7.374356,-0.030650,-0.738009,-1.008851,-19.345103,142.076138
69.876709,-6.202644,-0.108806,-1.224961,-1.085016,-19.314034,137.721050
69.464311,-8.990596,-0.168568,-0.690803,-1.142197,-19.336388,138.899323
68.859380,-6.871238,-0.072608,-1.516891,-0.632245,-19.356962,138.752628
69.050305,-6.612865,-0.017321,-0.891607,-1.012449,-19.343224,140.337572
68.665121,-8.446681,-0.156974,-1.515738,-0.572428,-19.366691,142.996790
69.447444,-9.348659,-0.082244,-0.823784,-0.653653,-19.333270,138.270828
67.238490,-6.597194,-0.109091,-0.915723,-1.240391,-19.404876,145.245474
66.436561,-8.938817,-0.021450,-0.691635,-0.720169,-19.436448,149.020197
66.732724,-7.640161,-0.019246,-0.828870,-0.790789,-19.419129,146.251570
67.193499,-8.395380,-0.145549,-0.871706,-0.947655,-19.419262,145.683934
70.703684,-9.811043,-0.078291,-0.572856,-0.872983,-19.290251,137.162119
67.771032,-7.586816,-0.076793,-0.769127,-1.045371,-19.388062,142.892950
68.498350,-7.704384,-0.158556,-0.827583,-1.237503,-19.367027,143.519334
67.808080,-7.060394,-0.144333,-1.011815,-1.150874,-19.395851,142.972930
67.713616,-7.195834,-0.072657,-0.722562,-1.192378,-19.391214,143.240241
62.476299,-7.222047,-0.057108,-0.828451,-0.892221,-19.562823,153.716484
66.415030,-7.631945,-0.056371,-1.177425,-0.620382,-19.432823,147.578537
67.100901,-8.278453,-0.070885,-0.761889,-0.867322,-19.412017,144.553718
68.733487,-7.193554,-0.110870,-1.497973,-0.680262,-19.365905,141.645781
63.519051,-7.069530,-0.170767,-1.029441,-1.162836,-19.530785,154.700677
66.564897,-7.342193,-0.010431,-0.739320,-0.889616,-19.419858,144.479987
69.382879,-8.895452,-0.158116,-0.812818,-0.975306,-19.339780,141.629356
68.766099,-7.434176,-0.056595,-0.910774,-0.879329,-19.357740,142.474904
68.974309,-8.739991,-0.131884,-1.064008,-0.668090,-19.345454,139.159966
68.740402,-7.324942,-0.144019,-1.448541,-0.732003,-19.358390,140.353069
66.821964,-7.552346,-0.090843,-0.844523,-0.974300,-19.413103,144.787144
70.396515,-6.322127,-0.131913,-1.094841,-1.323299,-19.312126,137.171800
64.639366,-8.904484,-0.122846,-0.880428,-0.731353,-19.487415,150.496655
66.917861,-9.825346,-0.115133,-0.702937,-0.737494,-19.408833,144.148479
66.107987,-7.830157,-0.060396,-0.967621,-0.692991,-19.433060,145.249053
67.636022,-8.623996,-0.078988,-1.446255,-0.419789,-19.391953,143.959011
70.543516,-7.332018,-0.025988,-1.559200,-0.475286,-19.294753,136.904214
67.527429,-8.007401,-0.127385,-0.843876,-1.022463,-19.407927,145.041662
64.729016,-10.208313,-0.163214,-0.709256,-0.798931,-19.492629,149.922738
64.569089,-8.292740,-0.034293,-0.810143,-0.656286,-19.489925,149.054276
67.455316,-9.947034,-0.213857,-1.269802,-0.593881,-19.403443,142.149167
69.324215,-6.969632,-0.196311,-1.168894,-1.284863,-19.344672,141.062455
69.381479,-7.034299,-0.031090,-0.976094,-0.851546,-19.335482,140.535303
70.785857,-10.571799,-0.074668,-0.710451,-0.596102,-19.292503,136.394266
69.603396,-8.343861,-0.023860,-0.646956,-0.888676,-19.332649,137.767955
66.194472,-7.395724,-0.089030,-1.328435,-0.619411,-19.425729,144.919554
67.442326,-8.007972,-0.171397,-1.343964,-0.733848,-19.399259,144.193705
68.572934,-7.652968,-0.134033,-1.108327,-0.864136,-19.366791,141.354035
66.951291,-9.799352,-0.149357,-1.365411,-0.457979,-19.420226,148.307603
66.685769,-6.080518,-0.141568,-1.031519,-1.472380,-19.428479,145.582706
64.913257,-8.410491,-0.120229,-1.285671,-0.546093,-19.480243,149.214527
70.220988,-8.816606,-0.054299,-1.064012,-0.548428,-19.312377,138.775283
65.913620,-8.663333,-0.101610,-0.673456,-0.969676,-19.452184,148.522490
67.390834,-5.805846,-0.092243,-1.354135,-1.026067,-19.402724,142.811944
70.324122,-8.286872,-0.183583,-1.452472,-0.712008,-19.312316,140.237248
67.972727,-6.738605,-0.083214,-0.745269,-1.359597,-19.376333,142.324829
68.887640,-11.021268,-0.172896,-0.760029,-0.711190,-19.359452,141.130308
68.507789,-6.885678,-0.168213,-1.035164,-1.312240,-19.364943,142.589482
68.627162,-6.735864,-0.059268,-1.155638,-0.828708,-19.353155,140.379537
69.185939,-7.389717,-0.084912,-0.938020,-0.954965,-19.348911,140.785717
70.513287,-7.448446,-0.174329,-1.885617,-0.628416,-19.305490,135.617457
68.337032,-7.099291,-0.196941,-1.341522,-1.048546,-19.374685,141.111960
65.652489,-10.307451,-0.102589,-0.756887,-0.595812,-19.448719,147.300925
64.856501,-6.702343,-0.128274,-1.015123,-1.121603,-19.478829,148.552158
67.542862,-6.290712,-0.141264,-1.342770,-1.078623,-19.402521,145.725017
65.852849,-6.846991,-0.117603,-1.235243,-0.860559,-19.445149,146.058337
67.322026,-7.928168,-0.120373,-0.715087,-1.151745,-19.393159,143.369025
64.517206,-7.831435,-0.076147,-1.390950,-0.518929,-19.497490,152.557209
67.703006,-5.601052,-0.132497,-1.464310,-1.209929,-19.393501,143.241182
66.093488,-9.144610,-0.057173,-0.656130,-0.740155,-19.437715,143.175780
64.602572,-6.854908,-0.073800,-1.378040,-0.656267,-19.487548,149.501435
70.551772,-6.394603,-0.088406,-1.601208,-0.751626,-19.303066,137.624892
67.262498,-8.030660,-0.046435,-0.717068,-0.880667,-19.400085,144.021700
67.002010,-7.300977,-0.141589,-0.976550,-1.072615,-19.410114,144.411253
66.344573,-8.931240,-0.044484,-0.716664,-0.685517,-19.432746,143.873440
69.961705,-6.315088,-0.125753,-1.142995,-1.198092,-19.317591,138.768483
69.632343,-8.884785,-0.176225,-0.726875,-1.166018,-19.332749,139.109656
67.379348,-7.249136,-0.078552,-1.438079,-0.590531,-19.398149,142.821552
68.226708,-6.180961,-0.049854,-0.982701,-1.149242,-19.371630,141.996433
68.674871,-8.434589,-0.156516,-1.517721,-0.572255,-19.366394,143.003621
68.527491,-9.696129,-0.127559,-1.031745,-0.567197,-19.366689,141.172311
68.820911,-6.951934,-0.124541,-1.000828,-1.142472,-19.348911,141.744495
66.900351,-8.677058,-0.037598,-0.703340,-0.755474,-19.415019,145.128505
66.734226,-8.423411,-0.039831,-0.816521,-0.711269,-19.419871,146.878361
68.247700,-7.474121,-0.113275,-0.859962,-1.109944,-19.384343,143.610726
68.640329,-9.655478,-0.079679,-0.637708,-0.786926,-19.355737,141.139960
68.363506,-7.799991,-0.095313,-0.695141,-1.161834,-19.370446,142.246149
69.294209,-7.893530,-0.141042,-0.769460,-1.244267,-19.350090,142.416128
67.425756,-6.228918,-0.072300,-1.069247,-1.078665,-19.403480,143.357170
68.775952,-7.240411,-0.102403,-0.750289,-1.265616,-19.360569,141.879189
66.104503,-8.353288,-0.138404,-0.783638,-1.021683,-19.451886,148.446620
67.795445,-7.134890,-0.042846,-1.315422,-0.621464,-19.385268,143.799644
67.957353,-7.530551,-0.091545,-0.738324,-1.180985,-19.389592,144.197744
71.093618,-7.359517,-0.060543,-1.358845,-0.625994,-19.294077,135.984686
64.445805,-6.879724,-0.146033,-1.064321,-1.094733,-19.496774,151.993884
66.386624,-7.641998,-0.007260,-0.775856,-0.796208,-19.425911,145.632740
72.059786,-10.363202,-0.169631,-0.706223,-0.911027,-19.258626,134.633050
65.744883,-7.634790,-0.088539,-0.781837,-1.000684,-19.450090,148.365564
67.956822,-8.050278,-0.090813,-1.129504,-0.626627,-19.372624,141.079455
70.583501,-8.059060,-0.170932,-1.339967,-0.753009,-19.296165,135.891249
69.770320,-7.625167,-0.144986,-0.884086,-1.155391,-19.321835,138.904934
71.781516,-6.209287,-0.154221,-1.126527,-1.454175,-19.270960,134.513378
63.118164,-8.708469,-0.167150,-0.968213,-0.776994,-19.543659,154.741719
65.689739,-8.942889,-0.082928,-0.752859,-0.738338,-19.449465,146.763062
67.123537,-7.907275,-0.103654,-1.115099,-0.696195,-19.402345,142.309496
68.382757,-8.992421,-0.077066,-1.458878,-0.395941,-19.373794,143.187969
