67.133887,-6.384726,-1.082490,-0.804998,-19.399522,146.343666
63.354055,-5.392194,-1.329044,-0.846715,-19.511793,154.081732
66.464084,-6.928401,-1.252172,-0.579506,-19.420616,146.199532
67.557267,-6.952875,-1.186114,-0.601055,-19.379445,143.364310
67.226726,-6.367141,-1.149865,-0.761882,-19.401246,145.516308
66.522622,-5.889898,-0.894687,-1.119192,-19.421750,145.631581
67.304343,-6.371048,-1.343700,-0.644701,-19.394650,143.682967
65.195245,-4.840335,-1.234422,-1.142647,-19.457648,147.712268
64.528052,-5.304460,-0.990723,-1.206123,-19.486103,151.754204
66.771234,-6.200667,-1.191505,-0.782048,-19.411341,146.974775
66.573788,-6.701978,-1.016845,-0.730944,-19.413441,143.336920
64.203350,-5.282281,-1.098881,-1.067655,-19.496382,149.223923
69.470254,-5.756697,-1.100855,-1.005217,-19.330921,140.351677
65.640948,-6.028494,-1.217376,-0.753538,-19.443000,146.212927
67.465182,-7.212572,-1.316604,-0.524000,-19.392672,146.253787
67.143874,-5.428134,-1.246117,-0.922331,-19.394305,144.071801
68.669635,-4.817226,-1.444254,-1.056738,-19.351761,141.377858
68.654094,-5.491219,-1.305278,-0.907035,-19.349002,141.091764
69.721672,-5.796577,-1.293920,-0.827675,-19.312035,138.584966
67.799639,-6.045714,-0.991406,-0.983364,-19.377383,143.845735
68.155821,-5.068466,-1.074666,-1.329123,-19.370698,143.218255
64.652753,-6.128947,-1.311666,-0.655319,-19.472598,148.233084
69.161564,-6.903123,-0.876021,-0.839218,-19.329397,138.799131
65.420155,-6.043473,-0.881528,-1.089311,-19.457040,149.994863
67.343669,-6.216391,-1.289629,-0.693843,-19.382607,143.948778
63.953742,-6.046830,-1.137084,-0.809281,-19.506425,153.019590
64.169547,-6.022837,-1.224550,-0.737400,-19.492360,150.374264
67.381760,-5.488855,-1.290134,-0.932477,-19.397300,145.507919
67.003773,-5.378825,-1.309310,-0.928640,-19.406634,145.662772
65.485582,-5.085323,-1.061282,-1.278567,-19.450225,149.320054
66.701208,-6.534090,-0.994558,-0.802928,-19.411099,145.533776
67.243891,-5.644176,-0.883796,-1.213485,-19.389666,144.023940
68.844750,-7.138207,-1.007507,-0.676385,-19.340926,138.901507
66.817236,-5.388469,-0.979614,-1.239082,-19.403323,146.270678
66.570990,-6.101090,-1.422338,-0.647234,-19.413851,145.812071
65.145852,-5.140697,-1.192625,-1.084594,-19.465789,149.670220
64.234876,-6.731873,-1.312024,-0.536053,-19.492295,149.131030
67.175531,-5.732926,-1.250243,-0.863634,-19.398430,144.068788
68.348948,-6.246688,-0.828234,-1.101468,-19.360465,141.798368
65.878458,-6.189368,-1.046016,-0.860650,-19.441334,148.487144
65.550282,-5.490141,-1.053811,-1.108786,-19.454400,148.965878
65.891724,-6.354925,-1.024749,-0.816213,-19.436275,146.914943
66.237540,-5.696191,-1.504716,-0.712988,-19.429290,146.317118
67.960940,-5.793809,-1.135190,-0.918010,-19.373903,142.240005
70.142542,-6.081458,-1.553992,-0.649382,-19.312250,140.129354
65.982276,-5.511601,-1.721361,-0.663817,-19.440492,147.385292
64.705730,-5.461621,-0.997001,-1.100343,-19.483408,148.527078
68.293925,-6.879631,-1.094336,-0.674887,-19.357920,140.807586
70.928075,-5.671455,-1.482485,-0.780001,-19.282528,136.940559
68.167793,-6.161436,-1.562067,-0.602862,-19.363267,142.735404
66.088956,-5.146137,-1.424160,-0.896262,-19.428157,145.784240
65.696502,-5.411379,-1.046765,-1.093884,-19.442021,146.486895
68.138604,-5.840051,-1.488699,-0.697174,-19.364396,143.118431
66.522054,-6.750654,-0.843803,-0.899438,-19.416026,146.032552
67.100115,-6.237521,-1.433059,-0.635528,-19.399048,146.424119
63.593515,-6.101219,-1.006440,-0.883911,-19.519959,152.721500
66.485417,-6.959159,-1.176211,-0.606734,-19.424647,145.413931
67.138378,-5.956928,-1.610986,-0.623236,-19.402866,144.812848
65.353221,-4.678699,-1.311395,-1.190503,-19.462090,149.393280
68.273049,-5.750206,-1.147766,-0.934283,-19.356514,142.185871
64.732112,-6.234714,-1.282353,-0.664863,-19.473985,150.531810
64.532511,-5.585437,-0.996099,-1.041518,-19.479414,151.045872
66.529470,-7.073580,-1.323939,-0.532509,-19.421722,147.205634
66.532494,-6.712084,-1.019742,-0.766751,-19.415237,147.013309
67.519642,-6.508682,-1.000759,-0.815309,-19.385205,143.090191
68.822299,-6.219255,-0.940458,-0.985287,-19.345493,139.258577
68.414292,-6.201679,-1.245897,-0.728436,-19.352172,140.964851
63.846192,-4.834177,-1.240878,-1.106724,-19.498910,150.693724
66.530713,-5.767217,-1.096500,-0.936677,-19.414225,145.068824
67.116811,-6.852939,-1.154777,-0.645561,-19.397439,144.588764
66.802689,-6.502630,-1.171255,-0.695957,-19.404533,146.172858
64.929349,-6.242140,-1.209434,-0.700908,-19.469490,148.197079
69.241145,-5.753187,-1.010003,-1.089857,-19.334454,140.606976
64.618778,-5.915852,-1.263490,-0.739011,-19.476907,148.505429
65.674153,-7.040301,-1.156925,-0.592510,-19.442997,147.877892
67.353385,-6.013994,-1.014150,-0.918939,-19.384150,142.304289
67.981391,-4.984282,-1.511428,-0.957206,-19.376787,142.903251
69.870743,-5.879330,-1.073785,-0.952964,-19.308643,138.370355
67.739319,-5.819738,-1.241901,-0.838208,-19.376962,143.257394
65.254073,-6.590028,-0.979023,-0.804520,-19.455803,149.484653
67.934019,-4.620682,-1.250204,-1.357970,-19.383199,143.617013
64.605043,-6.328106,-1.395265,-0.572786,-19.476126,147.690480
70.317493,-7.207013,-0.820039,-0.837119,-19.292265,136.761666
62.804129,-5.653482,-0.988041,-1.052588,-19.546947,157.235415
69.381349,-6.122531,-1.331304,-0.722492,-19.326713,139.576007
66.598324,-6.557589,-0.890058,-0.892882,-19.416447,144.806718
66.567096,-5.990298,-1.131715,-0.854070,-19.415859,146.156823
66.382227,-5.008027,-1.240179,-1.123342,-19.425135,147.340393
69.571184,-5.592197,-1.317022,-0.890702,-19.323378,140.547418
67.442707,-5.424983,-0.948238,-1.322877,-19.390815,145.586177
65.758612,-7.364295,-1.109920,-0.550648,-19.433019,146.917465
66.317600,-4.882720,-1.342244,-1.028668,-19.413627,143.628367
68.405739,-6.988466,-0.927643,-0.782676,-19.357441,140.513249
68.245664,-5.181127,-1.058366,-1.231027,-19.352441,142.983557
70.522615,-5.321071,-1.516737,-0.866114,-19.286205,138.929165
66.577999,-5.154488,-0.971060,-1.375400,-19.418405,146.862867
65.568389,-6.117177,-1.209260,-0.764420,-19.448700,147.661439
67.702858,-5.962813,-1.169475,-0.835927,-19.381823,142.744018
67.146967,-5.662226,-0.898353,-1.209705,-19.400993,144.491874
69.062402,-6.778377,-1.166286,-0.700785,-19.344718,143.252815
66.851640,-5.827122,-0.960187,-1.087822,-19.411912,146.089587
65.749958,-5.612258,-1.149435,-0.961537,-19.445459,148.381643
66.879226,-5.707709,-1.681286,-0.644277,-19.410331,146.469110
66.784764,-6.291563,-1.058519,-0.817469,-19.406895,144.185335
66.850488,-6.092102,-1.523560,-0.620481,-19.414867,145.838528
64.866158,-5.455843,-1.871485,-0.603462,-19.477736,149.519445
65.678879,-5.296609,-1.079268,-1.116556,-19.447941,146.191995
64.574762,-7.017657,-0.977693,-0.684302,-19.473333,148.852057
65.386335,-6.047727,-1.266274,-0.749857,-19.453273,148.702982
69.922975,-6.441094,-1.170207,-0.779062,-19.309977,140.621533
65.165342,-4.956119,-1.592375,-0.847361,-19.456614,148.191159
64.981175,-5.956580,-0.998670,-0.907101,-19.464143,146.799424
68.033313,-5.879312,-1.261185,-0.824897,-19.374077,142.606964
64.932927,-6.067598,-0.892954,-1.058420,-19.473095,150.974367
67.112166,-6.220399,-1.361590,-0.657198,-19.400774,144.697539
66.732084,-5.644656,-1.382027,-0.801706,-19.420656,146.165878
66.092208,-6.604181,-0.853979,-0.929990,-19.440013,147.566507
66.021854,-6.453605,-1.470270,-0.556436,-19.432642,146.699825
64.583440,-6.009746,-1.496526,-0.633059,-19.484463,151.549949
69.168599,-6.363214,-1.164716,-0.791578,-19.334284,141.197893
66.896734,-6.531106,-1.108204,-0.722016,-19.403430,144.035677
66.093929,-6.160326,-0.963509,-0.937066,-19.432820,147.095483
67.860005,-6.727592,-1.383567,-0.575807,-19.379553,143.491316
66.318146,-5.632889,-1.121741,-0.994979,-19.423545,147.919215
67.584151,-6.160856,-1.138247,-0.838643,-19.390377,144.701100
68.866988,-6.687908,-1.007129,-0.793806,-19.348589,139.672032
67.058871,-5.637045,-1.617694,-0.676606,-19.395187,144.288190
63.885403,-5.236133,-1.051380,-1.132919,-19.495145,151.058478
66.135224,-5.591966,-1.102298,-1.010547,-19.431300,147.183029
67.863606,-6.288065,-1.145323,-0.746499,-19.366182,141.450837
64.402916,-6.618715,-1.387843,-0.541444,-19.480672,150.676634
64.762868,-6.734432,-0.883628,-0.817136,-19.472365,149.076132
68.702247,-6.286745,-0.825562,-1.134521,-19.354267,142.636936
64.908429,-5.919502,-1.118453,-0.842755,-19.470853,148.903399
66.015569,-6.592833,-1.269768,-0.622092,-19.432314,146.994596
65.476267,-5.243183,-1.152673,-1.046087,-19.447786,147.018566
66.954677,-5.199209,-1.355466,-0.960481,-19.407691,144.502027
67.489494,-6.540428,-1.098232,-0.737225,-19.381092,142.539774
68.182993,-5.381278,-1.342332,-0.904768,-19.365565,142.139925
65.700470,-6.723961,-0.908181,-0.839823,-19.445887,149.588646
67.443892,-4.573919,-1.293127,-1.305333,-19.396989,144.240785
64.558316,-5.815673,-1.323128,-0.743718,-19.487483,149.016583
68.919414,-6.874616,-0.771123,-0.972376,-19.339218,139.705004
66.210037,-5.390342,-1.158607,-1.044948,-19.436935,147.794510
69.670560,-6.111132,-1.471377,-0.652902,-19.316501,138.775642
66.448138,-6.554937,-0.819025,-0.966286,-19.421394,144.915214
65.004107,-6.864352,-0.860879,-0.828290,-19.469294,149.277808
68.273370,-5.278413,-1.202103,-1.084754,-19.366200,143.514347
70.015040,-6.064960,-1.383424,-0.697634,-19.310275,138.225834
67.554063,-5.185439,-0.922794,-1.476783,-19.386182,145.749580
66.125491,-7.131115,-1.218234,-0.552302,-19.422348,146.195667
68.811659,-4.564654,-1.415366,-1.207928,-19.348949,140.489189
64.782683,-6.216581,-0.811845,-1.035820,-19.475776,147.640396
70.139235,-5.957297,-1.099037,-0.931115,-19.300859,137.357428
66.421539,-5.253517,-1.364845,-0.919011,-19.418218,146.057785
67.204528,-4.974208,-1.006103,-1.443511,-19.398246,145.269280
65.343296,-6.432008,-0.969292,-0.837173,-19.452622,147.688853
64.832879,-6.074706,-1.323733,-0.704394,-19.479180,150.180134
63.528623,-5.777637,-0.755146,-1.297778,-19.517017,152.470095
68.078923,-6.761790,-1.206749,-0.655151,-19.375511,144.326781
66.039773,-6.910418,-0.834548,-0.854274,-19.431300,146.473704
63.309351,-5.202023,-1.128383,-1.082520,-19.525912,153.137886
65.740162,-5.349377,-1.932093,-0.630123,-19.450222,148.726155
67.095197,-6.265224,-1.061104,-0.817969,-19.397052,143.604639
66.398298,-5.955949,-1.559568,-0.634753,-19.428082,146.732749
63.870534,-5.001652,-1.969037,-0.678221,-19.510821,151.730177
67.680458,-5.757198,-0.888417,-1.201673,-19.386179,143.624257
67.493946,-7.015217,-0.899772,-0.782855,-19.383123,142.295774
64.507261,-5.851380,-1.482366,-0.673264,-19.489561,152.253911
67.071262,-5.684838,-1.131613,-0.979162,-19.403934,145.965681
66.073808,-5.275580,-1.553045,-0.786777,-19.428773,146.410076
65.672194,-6.484108,-1.259540,-0.641605,-19.448287,147.401292
65.789253,-5.428280,-1.112562,-1.015231,-19.444870,145.519964
66.672755,-6.358653,-0.819611,-1.059649,-19.414401,145.943778
69.543520,-5.701475,-1.515091,-0.741369,-19.327765,139.622950
67.381360,-5.949442,-1.154317,-0.855367,-19.394609,143.467871
66.871807,-6.709910,-0.888156,-0.875226,-19.408611,144.663552
65.539507,-6.439362,-1.477883,-0.557318,-19.448645,147.811119
63.868702,-5.270972,-1.113220,-1.068843,-19.502136,152.346163
69.427331,-6.079278,-1.083936,-0.892781,-19.330047,140.454572
71.632705,-6.229673,-1.176650,-0.809905,-19.257062,134.934818
64.952078,-6.198451,-0.844372,-1.037724,-19.471607,150.038115
68.829392,-6.913748,-1.493166,-0.506598,-19.346222,141.996855
65.082087,-4.935274,-1.073497,-1.294962,-19.464656,149.690681
65.131851,-6.259431,-1.114385,-0.783745,-19.464313,148.822219
66.751987,-6.641040,-0.924533,-0.842639,-19.413973,144.047190
66.488157,-5.576102,-1.627948,-0.675319,-19.413911,145.719836
65.239843,-5.029903,-1.145140,-1.181345,-19.455097,148.581280
65.108365,-5.604642,-1.089617,-0.993476,-19.465124,149.905159
65.861638,-5.506199,-1.091735,-1.017546,-19.433093,146.526666
64.903666,-6.588635,-1.355889,-0.561176,-19.464932,148.402022
66.111853,-7.028594,-0.880956,-0.785204,-19.428725,145.984262
68.350451,-6.658906,-0.786229,-1.039457,-19.363415,142.482892
63.911777,-6.263152,-1.049677,-0.778633,-19.499873,149.773015
65.700911,-6.386207,-1.282456,-0.655093,-19.439861,147.550865
65.127917,-5.745571,-0.954198,-1.055491,-19.465716,148.201773
68.143642,-5.061293,-1.264608,-1.070132,-19.368398,141.317242
65.380070,-6.457902,-1.093284,-0.723804,-19.448015,145.920829
67.466864,-6.195610,-1.363072,-0.664003,-19.388804,143.186845
65.328855,-6.902415,-1.045023,-0.676822,-19.458078,149.175580
66.243606,-4.662020,-1.268923,-1.251701,-19.431681,146.532742
66.203829,-5.849241,-1.511843,-0.647482,-19.426203,146.444756
68.121384,-7.176774,-0.764241,-0.880229,-19.366138,141.779646
62.599698,-6.592897,-0.990766,-0.735063,-19.546807,152.990928
70.228494,-5.925084,-1.509824,-0.708798,-19.304608,139.984296
66.081876,-5.852453,-0.891761,-1.104251,-19.430931,144.582343
64.656722,-6.656753,-0.821722,-0.934764,-19.484269,151.983720
67.852408,-5.259180,-1.215390,-1.059161,-19.384209,144.387111
67.873593,-5.923209,-1.610761,-0.612264,-19.375218,142.594587
66.287017,-5.062739,-0.982730,-1.384182,-19.426116,147.655598
66.058704,-7.664225,-1.264028,-0.451181,-19.421654,146.879665
69.762018,-5.297520,-1.606076,-0.799661,-19.310681,138.292983
64.839572,-6.002969,-0.848204,-1.071890,-19.473124,147.971753
69.301227,-5.136616,-1.122395,-1.203714,-19.329872,138.874030
67.649767,-5.200239,-1.343353,-0.992134,-19.380603,144.231242
67.370799,-4.937777,-0.987680,-1.489312,-19.392859,145.195763
65.272301,-6.573840,-1.056895,-0.749898,-19.457919,149.069054
63.862971,-5.298690,-1.096303,-1.112911,-19.516997,153.389206
64.668923,-5.569710,-0.814091,-1.356369,-19.479974,150.911522
68.401915,-7.065917,-1.050955,-0.680652,-19.360300,142.381502
64.517330,-7.049556,-0.818166,-0.792714,-19.476383,149.038287
64.481725,-4.656918,-1.121442,-1.408363,-19.490333,150.935521
66.682465,-5.664418,-1.796018,-0.611718,-19.417009,146.449135
67.193198,-6.871719,-0.973070,-0.753999,-19.389918,144.491783
66.657277,-5.750131,-1.491965,-0.693108,-19.415646,144.755202
61.597905,-4.646240,-1.841057,-0.765654,-19.579330,154.519046
63.367328,-5.615946,-0.942853,-1.075320,-19.521116,151.501747
66.604764,-6.383808,-1.068638,-0.785532,-19.413417,144.454186
65.786061,-6.038113,-1.030413,-0.928837,-19.444752,148.151408
68.594966,-6.019323,-1.000353,-0.996185,-19.359108,141.527346
66.640301,-5.114342,-1.868520,-0.732839,-19.427012,145.824945
64.074899,-6.649680,-1.349598,-0.551804,-19.506236,150.173898
64.200047,-5.000778,-1.259920,-1.046466,-19.494950,149.666833
68.421349,-6.666725,-0.824659,-0.975613,-19.355861,142.509777
69.498138,-5.582405,-1.591162,-0.746383,-19.330461,140.152069
65.542060,-5.317133,-1.350719,-0.881295,-19.449956,146.664210
64.644036,-6.787165,-0.854313,-0.823631,-19.481880,148.608347
63.007224,-6.119615,-1.584749,-0.532622,-19.529828,152.624797
63.740681,-4.864260,-1.331062,-1.044919,-19.506077,152.373110
65.892761,-5.458221,-1.109623,-1.009997,-19.443109,146.673882
69.616190,-6.091500,-1.407274,-0.687308,-19.322228,138.952507
68.678171,-6.501954,-0.832258,-1.030744,-19.352428,142.758514
68.786538,-7.087650,-1.456624,-0.491028,-19.348910,142.329973
63.881608,-5.177273,-0.962024,-1.267801,-19.502316,151.831503
64.543212,-6.543370,-1.074410,-0.710901,-19.483154,150.858042
66.883638,-6.887280,-1.300385,-0.575288,-19.414554,145.374591
66.831018,-5.884650,-1.527754,-0.665841,-19.407584,145.557427
65.135958,-4.729480,-1.092968,-1.335649,-19.454018,148.112220
66.436370,-5.437021,-1.117960,-1.053010,-19.422974,146.251077
65.706837,-5.085600,-1.027241,-1.248145,-19.442037,146.822104
65.069339,-7.086358,-1.121815,-0.580614,-19.461625,148.012344
65.699124,-7.167374,-0.835537,-0.781296,-19.442817,146.122827
69.668236,-6.810110,-0.785115,-0.993952,-19.319591,140.163295
64.980461,-6.316089,-1.096438,-0.767839,-19.468773,150.006210
67.625339,-6.414965,-1.301404,-0.647750,-19.374917,142.999008
65.814303,-5.190297,-0.981733,-1.256707,-19.442409,145.972448
66.200422,-5.464489,-1.126209,-1.010327,-19.431210,145.660904
64.368912,-6.772240,-1.066983,-0.672185,-19.483772,149.916423
68.468609,-6.406598,-1.284598,-0.679800,-19.351703,141.061074
66.051141,-6.780946,-0.910885,-0.823591,-19.434293,146.844018
65.337691,-4.303032,-1.257511,-1.496784,-19.463324,150.031196
67.812392,-6.421728,-1.284355,-0.658310,-19.368341,142.868040
70.523905,-7.258579,-0.764458,-0.910371,-19.292245,137.346424
63.538939,-6.592773,-1.101198,-0.674428,-19.510490,151.126269
69.559059,-6.673168,-1.118905,-0.729365,-19.318830,139.442271
69.316750,-5.927080,-1.197893,-0.849510,-19.329085,138.670224
64.716989,-5.475636,-1.047336,-1.056591,-19.477738,149.901275
63.291146,-6.641491,-0.916728,-0.825578,-19.536176,154.225350
66.117371,-6.829068,-1.060652,-0.692874,-19.431688,146.491461
67.360919,-5.449684,-0.886689,-1.366508,-19.395239,145.281274
66.029184,-7.632538,-1.328253,-0.423701,-19.422928,146.963183
67.219024,-5.375664,-1.588586,-0.747638,-19.390485,143.998573
65.484950,-6.563762,-0.873892,-0.894199,-19.457524,147.779198
68.219533,-5.349458,-1.061882,-1.169886,-19.368933,141.948771
68.154024,-4.872038,-1.449662,-1.063313,-19.367034,143.933144
67.440722,-4.937834,-0.982591,-1.497933,-19.390704,145.062178
67.773883,-6.654256,-0.825401,-0.990204,-19.382337,145.256586
65.616054,-4.863715,-0.993910,-1.487145,-19.454639,149.913681
63.854275,-5.842468,-0.707782,-1.381533,-19.506810,153.018220
68.837454,-7.099534,-1.097971,-0.638120,-19.343662,140.592378
63.688083,-6.646391,-0.907000,-0.817026,-19.509694,151.293108
65.604205,-4.817137,-1.164732,-1.281804,-19.452338,148.138460
67.141427,-5.645422,-1.948660,-0.574188,-19.407882,145.502708
65.997754,-6.593673,-0.888479,-0.883347,-19.430541,146.425164
67.707174,-5.367327,-1.496468,-0.810061,-19.382383,143.042391
63.885813,-4.646392,-1.666054,-0.909353,-19.501095,149.698186
65.116871,-5.615802,-0.961734,-1.107388,-19.467073,147.958360
68.996779,-5.510394,-1.097286,-1.064700,-19.333656,139.564219
67.469609,-5.582307,-1.102753,-1.033547,-19.389397,144.601171
68.543050,-6.204398,-0.857914,-1.097886,-19.359825,142.536032
70.079087,-5.344808,-1.694578,-0.755044,-19.310090,137.493744
64.693022,-6.893631,-1.466874,-0.475880,-19.478573,149.293484
64.588722,-5.582907,-1.100182,-0.970402,-19.485236,148.911953
69.614974,-6.817890,-0.781496,-0.994740,-19.316824,138.352765
69.712734,-5.569973,-1.622116,-0.739224,-19.325056,140.078847
62.555872,-4.712109,-1.618805,-0.883412,-19.552808,154.263849
68.869397,-7.106016,-0.825417,-0.869964,-19.346965,140.913171
63.525520,-5.700772,-1.569775,-0.643401,-19.520007,152.492081
64.760428,-5.074116,-1.423339,-0.901837,-19.476862,149.902159
66.586927,-4.709269,-1.322228,-1.145164,-19.415913,144.910380
69.127667,-6.296902,-1.552341,-0.605680,-19.343093,141.735531
65.143043,-6.423722,-0.922814,-0.885707,-19.462817,148.665021
64.450664,-6.233082,-1.423385,-0.608963,-19.483703,150.299572
64.741490,-5.253454,-0.980120,-1.230536,-19.472757,149.222155
65.360532,-6.057821,-1.336493,-0.700362,-19.458103,148.761576
67.719729,-6.762412,-1.392197,-0.561412,-19.386895,143.924509
66.444328,-6.528945,-1.508918,-0.535284,-19.421166,146.937020
66.042213,-4.869206,-1.142723,-1.266313,-19.432714,146.679990
63.574591,-5.445168,-1.088227,-1.047863,-19.512437,153.510354
65.341440,-5.185627,-1.034962,-1.203545,-19.455778,148.048970
67.443027,-6.750419,-0.998054,-0.771258,-19.384116,142.711218
64.172541,-7.319465,-0.769245,-0.773045,-19.490328,148.527722
68.356414,-6.940068,-1.116775,-0.673189,-19.361156,142.798536
64.799592,-5.576626,-1.141336,-0.945052,-19.475762,149.316004
66.652316,-6.081811,-1.295978,-0.704585,-19.406078,143.985438
65.096399,-5.463761,-0.897334,-1.219235,-19.464565,147.765961
70.138060,-4.845983,-1.252007,-1.304278,-19.307600,140.181919
63.639593,-6.852122,-0.954768,-0.718883,-19.507609,151.575107
66.680146,-5.942182,-1.333353,-0.711200,-19.405031,144.628372
63.938489,-6.604200,-1.001533,-0.753044,-19.503843,152.013568
65.585222,-4.367965,-1.266996,-1.457149,-19.454669,149.452331
67.604369,-6.398120,-1.452501,-0.597284,-19.385380,143.628120
69.354125,-7.102630,-0.787422,-0.910076,-19.329391,139.732018
63.646679,-5.590157,-1.169119,-0.870938,-19.512366,149.721702
69.363043,-6.604818,-1.063426,-0.766326,-19.319987,139.747712
67.824593,-5.584254,-1.064318,-1.054867,-19.372358,142.468688
66.786117,-5.200442,-1.111392,-1.167879,-19.411141,146.082885
65.739402,-6.748011,-0.940083,-0.805791,-19.450189,148.253054
67.687660,-7.219895,-1.198491,-0.562024,-19.382494,143.364206
67.850932,-5.669488,-0.807645,-1.351371,-19.375278,143.133507
66.354721,-7.416472,-1.349181,-0.457052,-19.423263,146.096919
67.121701,-5.521796,-1.388151,-0.817136,-19.397271,144.567734
65.291800,-6.766403,-0.757724,-0.997852,-19.460529,148.501417
68.623327,-5.207538,-1.047457,-1.247431,-19.352444,141.224323
68.224065,-4.694198,-1.438994,-1.136216,-19.365278,143.959512
68.164016,-4.804180,-1.050465,-1.470988,-19.360379,142.297262
65.515024,-5.917309,-1.079885,-0.901055,-19.447647,148.644399
65.115737,-4.906734,-0.989857,-1.432471,-19.468921,149.857922
64.801419,-5.816319,-0.779212,-1.295223,-19.475840,150.209655
71.231934,-7.067231,-1.222363,-0.600877,-19.261194,135.470321
64.674298,-6.602484,-1.043589,-0.740560,-19.476218,149.279828
64.699931,-4.585240,-1.369993,-1.167927,-19.475381,149.496658
69.108888,-6.558445,-1.777090,-0.478238,-19.344279,141.124226
64.959185,-7.329776,-1.054662,-0.582838,-19.465757,147.655222
68.329923,-5.334635,-1.533977,-0.818564,-19.362376,141.912911
63.300508,-4.561123,-1.685809,-0.907892,-19.520534,151.213252
67.589197,-5.449396,-1.249989,-0.941113,-19.387156,141.874971
68.109475,-5.091000,-1.390774,-0.937309,-19.363796,140.880765
68.341514,-6.134975,-0.880350,-1.086348,-19.361401,142.217963
69.277671,-6.033614,-0.921583,-1.070647,-19.335110,139.660281
69.383690,-5.168023,-1.643129,-0.822197,-19.329204,139.408793
65.050985,-6.821155,-1.592451,-0.451467,-19.468939,148.797798
64.204935,-5.475742,-1.067774,-1.036538,-19.493095,149.991279
68.021900,-6.628378,-1.069439,-0.764663,-19.370596,142.231591
68.829572,-5.678436,-1.646059,-0.698189,-19.352225,141.673342
61.533032,-4.266482,-1.593414,-1.071556,-19.586105,156.717855
65.605822,-7.062550,-0.666764,-1.008570,-19.446256,147.549150
63.931574,-5.783761,-1.476591,-0.675824,-19.503942,151.820673
65.731535,-5.954846,-1.355636,-0.713459,-19.449805,147.867887
66.947398,-4.819362,-1.338940,-1.128712,-19.404104,144.767855
70.146666,-6.121966,-1.566996,-0.648224,-19.310876,140.123066
65.351064,-6.543921,-0.905561,-0.877976,-19.459024,148.590966
64.566788,-6.234903,-1.609609,-0.533717,-19.482787,149.999811
62.486996,-5.555126,-0.901993,-1.107377,-19.540680,153.235281
65.052781,-6.017613,-1.214161,-0.762342,-19.460750,148.958354
68.183755,-7.207706,-1.275740,-0.538010,-19.368050,142.026395
66.943151,-6.369443,-1.481814,-0.582443,-19.405022,145.962011
64.191687,-4.649992,-1.086242,-1.356214,-19.490659,149.892710
64.673139,-6.185450,-0.895695,-1.003783,-19.479028,150.831212
69.656691,-5.276969,-1.003858,-1.332095,-19.321167,141.052458
65.158596,-6.514371,-0.940811,-0.829852,-19.459831,147.709720
64.587856,-7.387375,-0.898730,-0.678521,-19.481039,148.345507
67.717719,-6.340065,-1.290255,-0.692871,-19.378195,144.253329
64.929382,-6.101874,-1.108793,-0.819845,-19.472530,149.461184
66.649286,-6.275772,-1.116559,-0.790120,-19.409008,144.556292
64.876751,-5.200021,-1.044261,-1.182043,-19.470694,149.107835
65.357423,-5.245944,-0.940642,-1.315613,-19.457178,149.494525
64.031856,-6.145946,-1.180337,-0.755746,-19.498317,152.767910
67.190711,-6.692953,-1.240956,-0.617697,-19.388803,143.853502
64.975589,-6.968070,-0.993696,-0.686603,-19.469203,149.446836
65.011362,-4.360331,-1.227165,-1.450649,-19.470729,149.950157
64.806472,-6.071639,-1.537761,-0.603101,-19.479508,149.969363
70.081532,-7.172550,-0.796892,-0.886902,-19.305930,138.141667
63.783281,-5.392624,-1.075548,-1.074331,-19.513016,151.512200
69.434029,-6.286054,-1.180546,-0.755684,-19.319287,138.589133
66.222344,-6.642454,-0.982644,-0.781034,-19.425729,146.274066
66.046998,-5.378536,-1.079785,-1.112120,-19.434050,147.672151
66.709137,-7.001241,-1.002578,-0.733977,-19.421076,147.235990
64.742593,-7.016752,-1.267486,-0.550019,-19.483975,150.556053
68.302360,-5.405249,-0.829029,-1.452862,-19.359475,142.370405
65.593582,-7.107298,-1.424993,-0.464048,-19.448340,147.702747
66.968856,-5.307499,-1.385760,-0.889998,-19.399668,145.058599
66.807248,-6.766793,-0.742659,-1.039343,-19.414137,146.116068
67.226623,-5.212103,-1.034948,-1.247412,-19.396767,144.153091
69.053186,-4.494989,-1.430885,-1.253501,-19.340193,140.085361
67.563895,-4.913856,-1.011439,-1.438203,-19.379518,143.452766
65.944842,-6.319551,-1.097370,-0.782375,-19.435264,146.988670
65.384363,-4.834037,-1.095323,-1.300939,-19.452200,148.412745
66.464026,-5.558141,-0.817689,-1.397526,-19.422259,147.124484
65.567181,-6.769017,-1.356696,-0.553224,-19.448048,147.674462
63.608387,-6.833311,-1.073108,-0.650984,-19.509448,151.255380
62.021752,-4.234357,-1.431809,-1.228455,-19.560841,155.404987
68.800681,-6.520331,-1.749784,-0.492044,-19.355062,141.860479
62.900979,-7.344593,-1.106270,-0.532909,-19.534752,152.225768
69.043891,-5.354839,-1.684581,-0.753997,-19.343569,141.117915
64.172548,-4.943938,-1.653631,-0.803691,-19.490903,149.944412
66.590459,-5.394722,-1.169406,-1.004543,-19.418051,145.435428
65.759529,-5.319267,-1.195025,-0.989699,-19.439349,146.917471
68.118803,-6.475588,-0.926615,-0.939414,-19.371438,143.437052
68.087717,-5.997529,-0.946129,-1.054155,-19.376663,144.050216
69.776518,-5.054191,-1.737330,-0.794235,-19.306165,137.325656
64.411067,-6.880979,-1.572639,-0.447098,-19.488124,149.863321
64.580939,-5.905066,-0.887345,-1.082169,-19.481797,149.623396
65.850875,-6.679098,-1.290209,-0.593912,-19.443655,147.184705
68.386219,-5.730481,-1.655623,-0.657158,-19.360857,141.402415
61.974424,-4.081814,-1.679563,-1.124097,-19.571743,155.937987
65.396813,-7.236585,-0.716460,-0.890064,-19.452898,147.477034
64.598742,-5.724407,-1.681749,-0.612988,-19.485726,150.967330
65.762139,-6.241745,-1.233289,-0.717072,-19.447284,147.809962
65.989691,-4.622489,-1.288361,-1.241241,-19.434004,146.977017
68.660070,-6.651935,-1.350542,-0.605444,-19.351905,142.145986
64.962909,-6.493944,-0.864427,-0.933673,-19.467615,148.739966
63.109047,-6.467655,-1.504098,-0.507478,-19.530893,153.110176
65.894119,-5.999110,-0.792309,-1.203669,-19.439379,147.092403
65.205727,-6.235270,-1.310975,-0.658881,-19.458295,148.576447
67.631335,-7.402418,-1.216613,-0.530259,-19.385896,142.749391
66.782992,-6.391285,-1.476343,-0.571871,-19.405079,146.143144
69.166962,-5.182914,-0.962430,-1.405814,-19.333845,140.375255
65.668430,-6.421581,-0.837458,-0.995772,-19.449785,148.255812
68.048886,-5.196429,-1.043505,-1.253814,-19.368146,142.917974
63.998962,-5.644048,-0.870224,-1.169167,-19.493681,150.072086
64.185852,-7.359409,-0.777359,-0.785095,-19.497190,150.103867
68.254409,-5.938737,-1.256771,-0.812846,-19.361661,143.596315
66.249110,-5.813004,-1.365892,-0.757208,-19.428670,146.131408
67.423380,-5.867297,-0.970724,-1.001251,-19.380502,142.056266
68.600040,-5.282520,-0.931893,-1.376890,-19.352605,141.234461
65.840921,-5.853395,-0.849257,-1.184237,-19.442191,148.483662
64.230942,-5.141813,-1.410997,-0.899885,-19.492989,151.407186
64.677366,-5.927492,-1.486690,-0.647408,-19.479654,150.107169
70.211595,-6.952374,-0.886993,-0.852025,-19.295295,139.249813
65.756993,-4.659929,-1.098983,-1.422731,-19.444318,147.901604
63.175713,-5.800133,-1.695182,-0.585563,-19.537522,154.099904
71.153933,-7.180359,-0.814056,-0.899465,-19.269447,136.439856
64.034038,-4.783943,-1.401284,-1.039360,-19.497761,151.164500
69.353041,-6.169254,-1.203899,-0.769928,-19.319333,138.814997
65.698067,-6.534652,-1.015635,-0.782342,-19.443756,147.409381
65.586791,-5.702341,-1.080223,-0.973781,-19.449645,148.760319
67.065288,-7.245225,-0.933015,-0.724739,-19.410737,145.756599
65.862351,-7.655255,-1.215876,-0.490965,-19.450947,148.694450
67.884073,-5.381399,-0.892517,-1.379954,-19.374902,143.446733
67.086066,-7.283548,-1.325936,-0.500924,-19.399787,144.263697
66.455405,-6.657515,-1.086262,-0.737276,-19.424709,147.231175
68.492276,-6.393354,-0.773119,-1.177707,-19.361046,143.129288
69.551483,-5.771421,-1.135933,-0.969023,-19.326161,139.997587
68.851849,-4.471831,-1.310732,-1.363341,-19.345143,140.676318
65.748017,-5.155869,-1.002338,-1.275840,-19.435852,147.055298
64.638463,-6.642772,-1.045733,-0.730355,-19.478647,150.070160
66.470450,-5.145420,-1.074315,-1.228997,-19.419441,146.713293
65.346998,-5.623884,-0.751170,-1.454136,-19.460407,149.965922
68.412222,-6.187291,-1.504509,-0.612832,-19.355188,141.304247
63.610446,-7.006512,-1.055585,-0.631705,-19.511709,151.567928
62.208755,-4.373124,-1.493696,-1.096385,-19.554705,154.138867
67.707999,-6.634396,-1.808350,-0.445716,-19.389652,143.504869
64.284640,-7.068055,-1.354471,-0.488208,-19.492981,150.594621
70.149389,-5.268844,-1.585390,-0.847499,-19.307534,138.500206
67.860420,-5.033166,-1.726037,-0.791827,-19.377491,142.453830
68.071900,-5.413222,-1.254700,-0.961532,-19.370469,141.529600
66.088818,-4.840402,-1.307427,-1.086616,-19.431962,145.364434
67.552448,-6.370372,-0.895484,-0.982692,-19.389352,144.224257
67.352273,-5.902005,-0.952554,-1.074322,-19.396336,144.834103
66.014262,-4.701037,-1.706498,-0.888654,-19.428507,145.299112
64.112693,-6.891366,-1.564132,-0.438297,-19.497940,150.514810
63.982033,-5.799205,-0.901068,-1.101269,-19.500864,150.533563
62.272652,-5.851814,-1.319804,-0.710372,-19.560982,155.399247
69.782672,-6.023358,-1.705040,-0.587615,-19.314731,138.462559
64.116565,-4.649462,-1.477155,-1.070829,-19.500017,151.291573
66.089512,-7.333352,-0.701885,-0.902921,-19.429498,146.009598
65.259236,-5.841452,-1.616836,-0.633099,-19.462939,150.272475
67.498572,-6.286088,-1.085556,-0.837238,-19.391471,144.029255
65.166756,-4.862849,-1.270470,-1.129756,-19.460642,148.642878
69.161579,-6.131106,-1.082121,-0.898203,-19.336143,141.456681
65.575583,-5.337623,-1.170641,-1.009849,-19.443434,147.004287
65.284410,-6.582045,-1.598385,-0.494192,-19.462652,148.595565
64.639652,-6.199272,-0.822282,-1.067708,-19.478193,149.481014
66.978846,-5.857061,-1.278098,-0.790452,-19.395797,144.745899
67.021318,-7.611179,-1.099090,-0.553274,-19.405848,144.006444
66.446056,-7.037100,-1.324116,-0.529781,-19.422258,146.298255
69.524322,-5.225392,-0.916537,-1.465462,-19.323370,139.494744
64.887755,-6.974642,-0.757736,-0.930013,-19.480307,150.103790
65.981454,-5.817505,-0.874548,-1.166284,-19.434864,146.965170
63.233172,-5.733829,-0.809268,-1.230301,-19.524162,153.531280
62.529025,-7.390855,-0.741657,-0.773539,-19.552183,153.261372
66.127074,-5.811939,-1.317222,-0.792924,-19.434370,148.049941
65.517597,-6.355723,-1.265544,-0.662918,-19.453202,148.990967
65.651777,-6.536573,-0.801091,-0.953957,-19.437040,146.391225
68.338011,-5.439739,-0.843871,-1.432386,-19.361360,141.701705
66.236397,-6.189759,-0.769366,-1.199259,-19.431507,148.008094
63.442447,-4.779355,-1.668386,-0.860458,-19.520556,152.954464
64.912908,-5.687900,-1.412561,-0.741132,-19.473651,149.614721
67.504022,-5.811083,-0.818081,-1.256314,-19.384768,143.731774
65.193554,-4.514838,-1.200753,-1.376674,-19.463417,148.905714
62.162007,-5.647812,-1.770489,-0.580104,-19.572748,157.060688
67.760427,-7.403221,-0.815618,-0.786654,-19.376587,142.526626
63.826959,-4.712996,-1.400128,-1.056865,-19.504990,151.794198
64.188060,-6.375248,-1.311624,-0.618411,-19.492172,150.514524
63.057973,-5.864378,-0.985296,-0.990481,-19.538395,156.255026
67.297644,-5.734320,-0.949481,-1.121958,-19.396204,145.829034
63.448373,-7.304780,-0.816005,-0.765329,-19.527148,152.717655
66.366189,-7.181579,-1.232785,-0.559058,-19.429803,147.289411
66.924707,-5.361804,-0.870231,-1.391176,-19.403243,145.875635
68.411641,-7.591503,-1.471085,-0.419700,-19.361604,141.307560
65.807547,-5.767610,-1.030124,-0.997335,-19.443707,147.791012
67.570901,-6.620407,-0.732089,-1.115357,-19.389832,144.723219
70.844944,-4.888734,-1.330636,-1.167583,-19.287212,137.265925
68.406920,-4.371817,-1.278071,-1.433758,-19.357405,140.733609
64.260696,-4.604376,-1.251608,-1.239067,-19.481854,150.836438
63.098142,-6.693409,-1.030470,-0.700582,-19.527913,152.846343
67.139947,-5.068491,-1.348040,-1.028544,-19.397198,145.126654
66.179572,-6.194435,-0.720513,-1.278300,-19.436024,148.421547
66.975009,-6.433232,-1.443349,-0.578358,-19.404202,145.148001
67.381692,-7.516420,-1.295552,-0.465246,-19.392431,142.295143
64.768242,-4.673343,-1.345384,-1.144834,-19.475795,149.831399
67.355258,-6.287909,-1.842064,-0.485862,-19.397415,145.826640
63.957647,-7.030278,-1.283231,-0.517461,-19.501244,151.030924
67.012413,-5.326836,-1.353268,-0.920719,-19.405537,145.704714
66.097553,-5.388972,-1.514467,-0.784232,-19.436238,146.598348
65.703590,-5.254524,-1.103238,-1.085617,-19.444878,145.434680
66.604558,-4.953983,-1.267794,-1.079852,-19.414297,143.404130
67.500422,-6.124846,-0.960691,-0.981058,-19.391451,144.549018
69.228707,-6.498738,-0.874536,-0.997000,-19.340396,141.155483
65.604377,-4.513701,-1.726279,-0.914299,-19.439945,145.684371
65.586740,-6.710664,-1.589484,-0.477099,-19.449365,147.765862
64.752231,-6.339539,-0.984325,-0.841164,-19.475598,148.373333
62.983460,-6.015355,-1.225853,-0.719856,-19.536034,153.594581
69.732423,-5.948002,-1.642494,-0.624161,-19.315115,138.383629
66.153958,-4.486913,-1.498063,-1.140147,-19.433832,146.768784
65.265816,-7.691005,-0.730879,-0.765073,-19.455271,147.202858
68.767868,-5.665335,-1.803108,-0.628496,-19.350878,142.460743
66.491127,-7.548521,-1.123280,-0.544715,-19.426590,145.640425
64.412300,-4.509859,-1.143032,-1.396662,-19.482984,149.225948
68.282059,-5.768530,-0.973873,-1.126350,-19.365548,143.121300
66.230848,-5.745807,-1.270049,-0.793513,-19.423490,145.320109
67.136063,-6.370972,-1.817696,-0.472726,-19.405240,144.886629
62.869356,-6.461720,-0.661341,-1.137597,-19.528567,152.780210
64.595841,-6.338438,-1.156655,-0.721862,-19.478144,149.851376
68.033650,-7.759166,-1.138099,-0.512172,-19.372454,141.737349
65.990491,-6.551587,-1.443571,-0.565501,-19.435895,148.275659
69.399271,-5.586614,-0.878241,-1.338118,-19.328217,140.296099
65.787154,-7.167904,-0.851779,-0.786824,-19.442940,147.288495
68.635777,-5.277981,-1.017831,-1.224425,-19.343898,140.164083
63.473274,-6.204263,-0.788655,-1.091073,-19.516872,153.331879
64.106819,-7.269659,-0.841090,-0.745837,-19.500066,150.407349
66.594750,-5.496991,-1.400418,-0.839089,-19.418230,146.980727
64.465811,-6.115798,-1.456198,-0.618516,-19.492938,151.925229
67.143739,-7.114445,-0.742211,-0.929945,-19.397099,145.013482
66.975514,-5.618128,-0.877577,-1.276411,-19.404700,144.869500
64.300567,-6.642763,-0.697044,-1.112699,-19.494447,152.162735
65.556494,-4.593634,-1.606302,-1.023289,-19.456438,148.775160
66.426248,-5.853204,-1.663607,-0.618565,-19.427088,146.861348
68.371585,-6.197158,-0.810753,-1.154599,-19.362255,142.979668
65.260561,-4.508256,-1.188215,-1.398081,-19.461245,148.549193
64.257352,-5.766021,-1.695408,-0.606315,-19.501060,151.618457
68.223547,-7.220919,-1.065086,-0.635729,-19.359335,141.612968
65.180805,-4.888943,-1.416214,-0.991105,-19.462903,148.827193
64.819652,-6.574352,-1.198281,-0.652130,-19.472046,149.193057
65.746927,-5.020660,-1.140736,-1.185679,-19.444362,147.230150
65.991244,-5.633999,-0.975582,-1.103351,-19.436513,146.905292
62.796408,-7.291789,-0.827813,-0.748199,-19.554257,154.806666
68.938193,-7.496531,-1.262813,-0.533233,-19.349811,143.874168
64.724969,-5.199404,-0.903506,-1.365418,-19.472720,150.384515
69.061214,-7.914036,-1.419984,-0.398470,-19.339415,139.829829
67.423927,-5.145626,-1.219426,-1.101011,-19.394695,144.462252
67.667980,-6.755277,-0.701654,-1.119090,-19.387907,144.569259
69.409134,-5.190097,-1.288977,-1.057546,-19.333013,140.341033
68.657203,-4.471509,-1.275254,-1.381922,-19.349333,139.884045
66.087547,-4.584311,-1.289128,-1.231745,-19.425022,145.011592
63.675713,-6.407584,-1.048904,-0.746622,-19.511709,151.450751
68.370947,-5.085024,-1.383449,-1.014644,-19.360266,142.698833
65.919636,-6.155611,-0.712958,-1.310475,-19.442070,149.361234
65.392332,-6.708547,-1.439547,-0.525935,-19.455521,148.706394
65.677695,-7.714740,-1.078190,-0.518234,-19.447341,146.257999
64.164739,-4.553015,-1.386298,-1.160641,-19.495145,151.404204
67.871816,-6.188025,-1.947826,-0.490376,-19.383044,145.161683
65.517435,-7.113858,-1.267600,-0.536997,-19.453041,148.370724
67.003547,-5.605639,-1.199522,-0.918015,-19.400786,145.111239
66.888960,-5.201927,-1.513804,-0.857738,-19.410474,144.826964
65.562865,-5.214111,-1.240736,-0.992588,-19.448616,146.562097
64.464207,-5.157499,-1.109415,-1.073953,-19.481816,147.923171
67.354177,-6.067985,-0.981809,-0.977398,-19.399679,144.769611
70.595834,-6.645471,-0.839168,-0.999094,-19.292415,138.090508
68.527111,-4.529481,-1.672050,-1.053460,-19.355472,142.031445
65.179350,-6.771793,-1.682232,-0.423497,-19.461563,148.051389
66.269881,-6.290367,-1.095089,-0.784355,-19.429671,145.196251
62.671156,-6.311318,-1.267535,-0.636032,-19.544292,154.217530
69.138911,-6.565185,-1.609069,-0.502946,-19.333014,138.997891
65.856704,-4.596380,-1.441696,-1.140135,-19.443918,146.869840
66.039882,-7.917031,-0.734566,-0.699402,-19.425502,144.435792
69.453885,-5.576061,-1.777513,-0.675439,-19.326934,140.946692
69.672509,-8.125419,-0.887624,-0.610677,-19.321760,137.714259
63.609451,-4.430687,-1.140244,-1.439403,-19.509643,151.268749
66.403597,-5.939996,-0.936715,-1.048136,-19.421119,146.679631
65.508864,-5.840313,-1.231474,-0.797004,-19.451035,147.495001
67.967001,-6.087024,-1.819871,-0.535159,-19.377128,143.423373
64.510321,-6.531351,-0.686383,-1.122705,-19.479792,150.341685
63.886311,-6.162267,-1.026569,-0.844118,-19.497388,151.317543
67.615051,-7.409427,-1.234053,-0.520707,-19.383472,142.151870
64.303598,-7.099667,-1.112709,-0.578970,-19.481248,150.178744
66.760377,-4.929410,-1.215266,-1.171644,-19.411352,145.265181
66.014913,-7.255892,-0.883497,-0.741954,-19.434575,146.791602
67.353437,-4.858880,-1.046123,-1.393746,-19.385800,143.602680
66.062764,-5.439031,-1.008360,-1.149972,-19.430588,146.243686
64.856312,-7.059235,-0.771358,-0.884619,-19.478591,148.994873
66.896678,-5.471120,-1.507900,-0.792456,-19.411484,146.756053
64.484078,-5.891831,-1.470577,-0.663427,-19.490240,151.694682
68.926260,-7.261265,-0.793774,-0.849453,-19.337580,140.564974
67.623204,-5.759947,-0.826542,-1.292157,-19.384427,143.491408
69.373184,-6.899173,-0.761572,-1.034694,-19.335963,143.202867
65.027492,-4.549796,-1.512229,-1.111966,-19.477121,150.195232
66.476350,-5.691250,-1.462003,-0.741640,-19.422633,146.308745
70.606293,-5.665497,-0.917819,-1.304813,-19.294854,139.754302
65.740945,-4.362093,-1.218997,-1.453587,-19.446173,146.813375
62.143181,-4.694125,-1.670027,-0.891712,-19.574898,156.032354
67.618800,-7.146338,-0.954206,-0.728809,-19.382176,143.196853
65.810952,-4.887710,-1.563922,-0.936565,-19.442999,148.777501
66.600617,-6.368245,-1.050084,-0.801215,-19.411489,145.117584
68.741168,-5.660935,-1.052421,-1.081164,-19.350635,142.167165
66.489225,-5.817337,-1.028379,-0.975046,-19.414992,145.211454
65.409526,-7.019776,-0.819409,-0.858142,-19.462050,149.086278
68.977585,-7.226910,-1.392677,-0.515844,-19.346203,142.573593
64.723637,-5.201640,-0.919946,-1.357326,-19.477896,150.740402
69.044184,-7.905775,-1.420304,-0.399449,-19.339954,139.876772
70.588238,-5.333044,-1.049807,-1.236581,-19.293027,138.997367
67.667135,-6.570241,-0.724655,-1.151804,-19.387070,144.349885
68.661465,-5.359192,-1.276289,-0.978355,-19.355381,141.320343
69.049078,-4.532325,-1.477975,-1.197083,-19.338742,140.442167
68.430213,-5.518869,-1.186617,-0.991991,-19.353735,141.969821
62.714223,-5.655117,-1.305398,-0.764921,-19.539358,154.186900
68.062736,-4.874002,-1.251657,-1.194514,-19.366491,143.201165
65.801915,-6.270936,-0.698578,-1.252838,-19.444035,148.941566
62.792155,-7.263997,-1.214126,-0.511354,-19.540217,154.505012
66.399480,-7.558871,-1.077154,-0.561601,-19.425358,145.013857
64.731081,-4.626535,-1.388376,-1.142954,-19.477612,150.730951
66.850898,-6.438509,-1.809190,-0.467631,-19.412302,145.865229
64.181086,-7.599827,-1.142812,-0.489392,-19.493056,149.033892
66.500984,-5.640665,-1.286209,-0.835557,-19.416646,145.916880
65.410756,-5.263209,-1.435522,-0.848498,-19.455342,147.757233
66.480713,-5.461348,-1.127049,-0.984341,-19.412271,144.231620
65.672400,-5.414484,-0.978530,-1.160178,-19.444228,145.910117
66.761324,-6.582585,-0.901939,-0.898864,-19.417320,145.601625
68.759254,-6.483707,-0.967753,-0.890716,-19.349563,141.998519
68.422878,-4.794919,-1.686577,-0.915911,-19.357632,142.177372
65.753920,-6.872570,-1.552291,-0.462932,-19.445361,147.639537
67.094262,-5.820003,-1.061109,-0.965389,-19.402747,143.150035
64.638353,-6.416054,-1.248039,-0.645809,-19.478141,149.563651
66.999800,-6.403091,-1.311281,-0.617192,-19.396932,141.993809
65.974144,-4.561575,-1.281055,-1.268699,-19.438006,146.016504
63.622107,-7.479741,-0.626850,-0.925805,-19.508121,150.842861
69.179886,-5.433074,-1.805327,-0.681130,-19.335090,141.148798
68.763414,-8.069734,-0.860561,-0.631162,-19.351787,139.880700
63.861365,-4.529087,-1.134228,-1.383614,-19.502880,150.642687
65.901380,-6.195234,-0.980859,-0.905631,-19.436428,147.163208
63.949028,-5.020052,-1.512909,-0.842824,-19.503324,149.492049
67.718392,-6.079677,-1.885370,-0.504055,-19.386225,143.939883
65.240318,-6.196283,-0.735782,-1.204035,-19.461509,149.265104
66.990538,-7.332638,-0.865623,-0.730718,-19.397294,143.944162
69.527542,-6.694443,-1.291020,-0.615330,-19.323879,139.268493
66.055509,-7.017489,-1.143023,-0.611860,-19.431882,146.606577
64.893510,-5.480576,-1.283580,-0.907434,-19.470429,150.851318
65.655324,-7.411744,-0.848243,-0.718644,-19.442807,147.409369
66.785984,-4.782076,-1.033661,-1.429672,-19.401486,144.654049
65.830480,-5.667465,-0.880305,-1.210955,-19.438950,147.408870
65.956574,-6.783347,-0.912928,-0.827159,-19.439620,146.820989
70.915875,-5.573085,-1.288674,-0.954754,-19.282585,138.466633
66.756280,-6.020781,-1.434520,-0.684525,-19.416282,147.422276
68.370762,-7.021200,-0.892603,-0.819104,-19.357987,141.711988
68.205997,-5.930979,-0.764497,-1.309348,-19.363338,141.492382
65.958706,-6.495617,-0.838653,-1.013171,-19.440555,149.270019
68.696214,-4.824660,-1.249366,-1.252793,-19.349571,142.359350
68.402554,-6.479152,-1.208898,-0.691819,-19.367010,142.038073
70.515911,-5.606993,-0.875729,-1.350058,-19.295137,139.110647
67.628290,-4.550008,-1.287620,-1.345778,-19.388713,143.395614
65.302236,-5.048464,-1.543168,-0.879330,-19.469142,149.097645
66.001072,-7.072012,-1.174040,-0.576641,-19.436123,146.849621
69.380764,-5.695600,-1.628557,-0.684356,-19.330157,140.420302
67.074762,-6.510801,-1.001576,-0.833169,-19.402197,145.751927
68.243944,-6.668760,-0.827170,-0.979058,-19.366041,144.483707
66.430246,-5.787066,-1.030180,-0.991055,-19.416539,145.438186
63.814295,-7.375737,-0.725445,-0.843956,-19.514596,152.794228
68.743429,-7.124348,-1.334298,-0.542463,-19.349640,141.817377
63.756172,-5.198611,-0.903814,-1.355302,-19.508068,152.808861
67.673838,-7.526276,-1.445801,-0.431209,-19.383653,143.239364
67.775964,-5.881633,-1.025902,-0.984878,-19.378716,141.774219
63.484687,-5.564195,-0.804546,-1.335456,-19.522156,153.136766
71.425286,-5.405659,-1.284384,-1.020979,-19.275522,136.568561
67.009136,-5.326415,-1.423145,-0.860257,-19.398751,144.880701
68.987392,-5.675060,-1.420124,-0.810575,-19.335937,142.295364
65.771544,-5.903270,-1.218447,-0.820127,-19.441251,147.522513
68.318436,-5.193721,-1.072162,-1.214035,-19.359017,142.070505
65.920667,-6.109800,-0.738320,-1.259038,-19.438710,147.902844
63.562181,-7.098616,-1.298476,-0.509774,-19.515757,152.850816
65.350867,-7.280315,-1.222723,-0.520716,-19.460556,147.028726
65.443375,-5.494088,-1.281503,-0.857895,-19.445868,147.647644
67.181552,-6.433510,-1.884206,-0.451431,-19.404756,145.429849
64.558862,-7.707239,-1.185263,-0.463208,-19.480841,148.101501
65.257285,-6.697687,-1.220986,-0.608148,-19.457772,147.652755
64.056877,-5.032498,-1.588361,-0.794570,-19.498168,150.217837
66.724943,-5.526399,-1.125725,-0.984383,-19.408263,142.996618
63.914031,-4.969723,-1.242484,-1.034594,-19.497440,149.817287
65.939574,-5.989722,-1.025911,-0.942325,-19.446481,147.089843
69.278848,-7.322004,-0.942536,-0.713755,-19.331512,140.070905
70.637618,-4.782716,-1.722000,-0.952215,-19.286920,138.068519
64.434676,-7.273566,-1.401438,-0.444392,-19.486898,150.667889
64.309916,-4.913572,-1.169590,-1.169390,-19.491371,149.092071
65.277018,-6.913167,-1.155686,-0.604608,-19.458087,148.307756
64.367905,-6.634898,-1.252673,-0.593116,-19.484632,149.209289
65.839485,-4.542069,-1.215811,-1.336389,-19.438723,146.086351
65.121839,-7.610438,-0.666946,-0.861163,-19.458463,148.041685
68.567106,-5.766038,-1.922032,-0.559745,-19.353308,142.742072
66.549960,-7.644873,-0.784462,-0.752614,-19.423578,146.015298
64.610267,-4.436123,-1.221969,-1.358335,-19.479777,149.417127
67.635843,-6.548892,-1.017762,-0.815085,-19.379381,143.280398
65.529704,-5.621331,-1.359231,-0.792277,-19.450954,146.582155
67.062443,-6.054205,-1.775081,-0.543770,-19.405680,145.073374
67.087607,-5.787311,-0.771781,-1.318279,-19.398614,144.037715
67.685238,-7.216103,-0.885907,-0.750456,-19.375224,142.318868
67.551751,-6.780483,-1.377564,-0.571992,-19.388248,143.995416
65.352252,-7.086694,-1.116439,-0.598008,-19.450024,148.302340
66.296055,-5.827651,-1.254798,-0.815798,-19.427883,147.111088
65.941579,-7.105972,-0.921573,-0.723632,-19.432048,146.788101
66.383825,-4.704847,-1.123904,-1.367614,-19.418683,145.411673
68.802810,-5.165025,-0.953950,-1.379473,-19.332197,139.870784
64.959181,-7.158949,-0.821165,-0.797945,-19.466938,148.390897
68.467074,-5.267812,-1.261861,-1.044426,-19.356969,142.456490
64.362960,-5.950712,-1.145549,-0.823425,-19.491977,151.484476
68.668704,-7.127160,-0.815245,-0.884100,-19.352704,142.205076
67.772167,-5.900251,-0.806980,-1.270246,-19.378985,142.891376
65.674755,-6.327923,-0.801766,-1.091628,-19.450425,149.683202
67.691760,-5.402414,-0.982503,-1.226687,-19.377389,143.117481
66.530369,-6.971391,-1.193145,-0.589442,-19.417479,145.433399
67.738638,-6.400094,-0.862261,-1.030646,-19.382220,144.340240
67.812877,-4.672998,-1.284015,-1.287626,-19.380702,143.274973
67.625856,-5.661937,-1.536866,-0.714693,-19.391822,144.029646
64.600830,-6.672973,-1.059583,-0.702918,-19.479686,149.441550
66.726155,-5.549805,-1.468580,-0.752295,-19.410464,145.057720
69.212451,-6.535575,-1.211905,-0.711396,-19.338552,142.618973
65.864275,-6.278174,-0.994477,-0.902034,-19.438986,149.039959
65.682190,-5.777832,-1.109844,-0.907795,-19.443616,146.752405
64.026765,-7.490582,-0.760815,-0.788547,-19.505163,152.198472
70.933304,-7.425810,-1.211332,-0.554467,-19.276638,136.222667
67.283581,-5.313667,-1.110131,-1.143418,-19.400041,145.737544
69.130635,-7.495023,-1.495983,-0.436876,-19.338012,140.459539
66.805170,-6.810379,-0.871618,-0.842029,-19.407256,144.549492
64.681132,-5.228149,-0.877681,-1.413427,-19.482283,150.266881
69.096967,-5.363818,-1.212230,-1.032283,-19.343935,139.940183
67.705457,-5.140911,-1.559094,-0.834373,-19.377225,142.166422
69.591333,-6.654831,-1.464989,-0.568448,-19.310898,140.509232
65.267665,-5.777434,-1.366541,-0.735770,-19.456350,148.790815
65.354031,-6.018001,-1.174265,-0.797739,-19.457747,149.684218
66.147004,-6.244640,-0.705462,-1.266293,-19.432356,147.563892
64.304996,-7.296053,-1.321759,-0.475284,-19.493561,151.152266
66.085780,-7.652241,-1.222404,-0.482912,-19.439312,146.009459
67.502759,-5.332046,-1.271350,-0.947793,-19.381767,143.289402
67.323778,-6.357123,-1.824537,-0.487479,-19.399090,144.987704
64.535225,-7.726299,-1.303976,-0.415321,-19.480083,148.144323
65.888733,-6.807811,-1.301744,-0.558391,-19.436999,146.330101
63.796343,-5.319068,-1.827607,-0.629135,-19.508380,151.550487
64.355272,-6.211422,-0.929866,-0.900280,-19.479092,147.911508
63.437456,-4.621448,-1.320785,-1.130710,-19.512941,151.716168
65.281759,-6.177240,-0.818814,-1.091084,-19.461974,148.733999
70.936879,-7.155748,-0.913433,-0.792832,-19.277391,137.325423
70.868538,-4.685769,-1.892949,-0.881699,-19.274973,137.636886
64.400374,-7.061893,-1.438848,-0.465398,-19.489054,151.374465
65.577883,-4.840160,-1.148564,-1.240847,-19.447368,146.699855
67.566725,-6.668305,-1.103276,-0.721442,-19.383459,144.363419
64.142682,-6.180296,-1.335952,-0.641941,-19.490497,149.923008
66.614073,-4.648583,-1.137617,-1.393319,-19.413390,144.196337
64.733439,-7.371486,-0.703609,-0.866771,-19.473534,148.490733
68.380666,-5.781380,-1.855333,-0.587761,-19.359440,143.070323
64.191211,-7.208975,-0.742192,-0.839909,-19.493408,149.059571
65.925887,-4.395132,-1.446810,-1.233583,-19.437457,147.062346
67.555788,-7.564262,-0.975995,-0.622415,-19.382979,144.317376
67.210840,-5.640162,-1.381261,-0.796745,-19.399360,143.816996
66.171473,-6.296085,-1.730668,-0.502650,-19.433973,146.690499
66.554189,-5.568630,-0.793310,-1.390709,-19.417441,145.147921
65.676789,-7.613507,-0.682198,-0.829196,-19.436854,144.173391
66.799105,-6.427874,-1.628415,-0.526802,-19.414637,145.986804
65.663253,-7.128161,-1.267793,-0.535019,-19.442279,148.028823
67.429271,-6.523104,-0.976976,-0.863142,-19.394025,145.594420
64.641548,-6.984809,-1.062178,-0.643029,-19.475451,149.542656
65.937346,-4.833885,-1.014657,-1.404439,-19.429070,146.113050
69.170396,-4.988882,-0.959704,-1.452782,-19.317620,138.721030
64.074966,-7.284345,-0.773426,-0.787706,-19.493915,149.539279
69.428867,-5.443156,-1.414323,-0.863599,-19.324999,139.725583
63.716112,-5.669220,-1.305017,-0.788764,-19.510728,152.926614
70.200528,-7.042858,-0.777850,-0.958096,-19.305268,139.142864
64.424162,-6.556137,-0.650595,-1.190703,-19.487360,150.240920
67.524020,-5.928108,-0.907580,-1.095274,-19.383859,143.997918
65.907012,-5.718336,-1.104041,-0.955903,-19.435938,146.983165
68.429930,-7.549460,-0.836938,-0.748787,-19.351659,142.715423
69.419877,-6.682220,-0.818817,-0.965398,-19.323852,137.763338
71.798464,-5.385994,-0.979133,-1.363241,-19.264125,136.610871
64.367424,-6.127680,-1.398546,-0.636736,-19.490552,150.327463
63.733604,-6.950355,-1.139471,-0.579491,-19.509249,150.087104
65.532601,-6.067104,-1.217467,-0.760126,-19.449002,147.919569
68.838450,-5.534148,-1.548429,-0.762639,-19.349197,141.696918
66.996657,-6.309261,-0.921258,-0.966385,-19.405035,145.844751
64.450748,-5.935764,-1.060138,-0.880986,-19.483247,149.147857
64.398464,-8.122483,-0.750146,-0.673281,-19.491873,151.862812
67.803611,-6.471420,-1.410381,-0.599849,-19.378573,142.812704
68.356034,-5.614637,-0.947624,-1.229760,-19.361999,142.886142
69.316857,-7.310297,-1.607755,-0.421039,-19.328327,139.508230
66.727632,-7.027436,-0.905772,-0.796151,-19.420122,146.977015
64.184420,-4.918976,-0.972950,-1.426129,-19.498720,151.401626
67.580694,-5.029999,-1.227703,-1.138428,-19.389976,143.201293
67.194773,-5.151487,-1.499352,-0.881158,-19.395394,143.453767
67.363715,-6.182827,-1.581795,-0.575467,-19.388347,144.722832
65.006234,-6.053501,-1.273110,-0.728646,-19.461481,150.051352
66.154669,-6.136100,-1.125579,-0.827690,-19.430917,147.801696
65.372368,-6.168217,-0.688682,-1.300310,-19.457573,149.118194
64.781415,-7.264494,-1.289463,-0.496813,-19.477604,149.729850
67.128639,-7.879220,-1.060436,-0.519326,-19.399505,144.148213
67.178415,-6.492615,-0.964146,-0.821667,-19.385635,141.795945
64.386019,-6.060834,-1.875334,-0.494282,-19.490096,151.314726
65.257296,-7.822556,-1.278550,-0.414463,-19.453873,146.447211
66.906951,-7.369300,-1.174478,-0.528675,-19.401003,142.452723
63.500904,-5.146511,-1.696677,-0.731497,-19.516663,152.508365
64.384603,-6.519922,-0.812164,-0.967474,-19.488514,150.674016
64.590772,-4.585487,-1.408195,-1.112777,-19.477194,149.458366
62.397362,-6.201022,-0.824570,-0.996947,-19.548904,153.754843
68.876722,-6.947828,-1.129543,-0.675021,-19.342478,142.262505
69.558673,-4.632242,-1.635347,-1.013117,-19.315854,139.395514
64.430132,-7.295452,-1.428178,-0.441382,-19.489413,151.124910
66.347234,-4.878486,-1.143009,-1.251474,-19.423000,144.660874
67.824206,-7.207581,-0.979795,-0.674603,-19.366661,142.423823
64.669077,-6.491904,-1.438431,-0.551633,-19.477160,149.942206
66.584896,-4.586295,-1.141560,-1.408311,-19.413974,144.117116
67.008183,-7.209824,-0.681174,-0.973684,-19.403098,144.925508
67.794472,-5.886901,-1.834138,-0.566743,-19.378738,144.168775
64.908837,-7.122362,-0.758209,-0.870044,-19.471333,147.733465
66.956867,-4.290700,-1.449080,-1.302782,-19.407540,145.415020
