65.820485,-5.152686,-1.040745,-1.523858,-0.444618,-19.397991,140.154611
76.024275,-8.540629,-1.005355,-1.314735,-1.158687,-19.045670,121.079660
64.252982,-3.454409,-1.038583,-0.549993,-0.375012,-19.448379,142.838779
66.787888,-4.176569,-1.018764,-0.887094,-0.878237,-19.364719,138.636084
67.823707,-4.721769,-1.017477,-1.075892,-0.895406,-19.331114,137.169828
62.567008,-4.293681,-1.061729,-1.687807,-0.452303,-19.499057,145.714827
66.484061,-4.552154,-1.015528,-0.826383,-0.843662,-19.373582,139.736969
67.266405,-2.910199,-1.072262,-1.983598,-0.929873,-19.356218,138.225025
64.180219,-3.705681,-1.028891,-0.495354,-0.400813,-19.445213,143.781429
65.118001,-4.616385,-1.034146,-1.097537,-0.466443,-19.427767,143.897970
62.320503,-3.820477,-1.056242,-1.575294,-0.580229,-19.510513,148.721313
64.278205,-3.305151,-1.032943,-0.441243,-0.383654,-19.445998,145.164259
61.931668,-3.038647,-1.039938,-0.515357,-0.455129,-19.517132,146.393926
63.690310,-3.997470,-1.049617,-1.299326,-0.507950,-19.468597,144.269558
65.517348,-4.186065,-1.016789,-0.592309,-0.656671,-19.402291,140.723267
65.664560,-3.715199,-1.021552,-0.549776,-0.594197,-19.401946,140.445159
62.842258,-3.482915,-1.023752,-0.572411,-0.647790,-19.490333,145.774231
65.031761,-3.093438,-1.041508,-0.775129,-0.606908,-19.422673,142.823599
63.242412,-4.314931,-1.058503,-1.713946,-0.477774,-19.482003,146.704979
65.945905,-5.070455,-1.023340,-1.243170,-0.673264,-19.392855,139.522658
64.726503,-4.865145,-1.018181,-1.871047,-1.434851,-19.433108,141.740166
64.927566,-3.324518,-1.027717,-0.710143,-0.722041,-19.430063,143.390754
64.898843,-3.836761,-1.026644,-0.710344,-0.584186,-19.426335,141.699560
63.711049,-4.453832,-1.017834,-0.398545,-0.365666,-19.465412,146.620170
64.942626,-3.244563,-1.041176,-0.571643,-0.415924,-19.424834,141.994247
68.656799,-4.939544,-1.016046,-1.024603,-0.859019,-19.305284,134.363022
62.956975,-4.112072,-1.014903,-0.377666,-0.490346,-19.490008,146.193648
65.673127,-3.627892,-1.029480,-0.745007,-0.612695,-19.395063,141.286021
66.335901,-2.687636,-1.045557,-0.610381,-0.577570,-19.378967,139.283043
63.806221,-3.820444,-1.064084,-1.790772,-0.587391,-19.458806,144.242558
59.456060,-4.833736,-1.056156,-1.666037,-0.396349,-19.612954,153.340387
64.772319,-4.341653,-1.061646,-1.834480,-0.492653,-19.425847,140.898099
66.732057,-3.943065,-1.021505,-0.717079,-0.678105,-19.369666,139.943476
65.061104,-4.951998,-1.024574,-0.757938,-0.403665,-19.412583,142.384375
64.750099,-3.663019,-1.030397,-0.474937,-0.371610,-19.431244,141.828000
64.884113,-3.660188,-1.020919,-0.594499,-0.688625,-19.427071,142.243122
64.248405,-3.722421,-1.030304,-1.236543,-0.938040,-19.452177,143.718677
75.421585,-9.453377,-1.004164,-1.393050,-1.256797,-19.073167,122.196339
64.688140,-3.952279,-1.033138,-0.961917,-0.586573,-19.429153,143.328491
64.315403,-4.672332,-1.040905,-1.310045,-0.454051,-19.446439,144.340779
64.329153,-4.288245,-1.042663,-1.180748,-0.464939,-19.444262,145.182676
65.198086,-5.300415,-1.019687,-1.585207,-0.940073,-19.424145,141.073063
61.089217,-2.873376,-1.039402,-0.504863,-0.491752,-19.550311,149.976036
66.783808,-3.851102,-1.026368,-0.932619,-0.762003,-19.367402,139.708658
65.787611,-3.903884,-1.025416,-0.352177,-0.294909,-19.392871,140.327614
65.232753,-4.807775,-1.027208,-1.254047,-0.653739,-19.413023,139.817605
63.763111,-3.512299,-1.035857,-1.118874,-0.815660,-19.458718,143.388370
66.119493,-5.076746,-1.021680,-1.459794,-0.837360,-19.388896,140.087201
67.579721,-1.674263,-1.040299,-0.242620,-0.649988,-19.350426,138.138212
67.954622,-4.967547,-1.016142,-1.480408,-1.198731,-19.330471,136.756183
65.234857,-5.553435,-1.008724,-0.569963,-0.707522,-19.413256,141.614853
62.773171,-3.326194,-1.039697,-0.726970,-0.514468,-19.497314,147.196835
76.252458,-8.463054,-1.004596,-1.240705,-1.155300,-19.053902,131.310132
65.811440,-2.837437,-1.034476,-0.364796,-0.411807,-19.402557,142.016786
63.824866,-4.082710,-1.037287,-1.102103,-0.558086,-19.464706,143.734248
63.382929,-3.842549,-1.031322,-0.566697,-0.390831,-19.480132,145.875619
66.648934,-3.850519,-1.023873,-0.566241,-0.523478,-19.364362,138.794444
66.629948,-4.406331,-1.041426,-1.165105,-0.455180,-19.370997,138.645917
60.576387,-5.165822,-1.021164,-1.773502,-1.026718,-19.582101,152.434570
65.665323,-4.254683,-1.030161,-1.020146,-0.599756,-19.405775,141.078531
64.763253,-4.361557,-1.028077,-0.939849,-0.559361,-19.429001,143.846213
64.421867,-2.943288,-1.047050,-1.249270,-0.934671,-19.444885,142.646355
65.347815,-4.124089,-1.027391,-0.781411,-0.530753,-19.420443,142.800680
65.068163,-2.763825,-1.036878,-0.413295,-0.463195,-19.420396,142.029983
67.910889,-5.509542,-1.017088,-1.278108,-0.821453,-19.328881,135.102786
63.651925,-2.492488,-1.038411,-0.492873,-0.633276,-19.469786,146.761854
66.001348,-3.392466,-1.038187,-1.325407,-0.952085,-19.387900,141.204922
62.763694,-3.043251,-1.035962,-0.504943,-0.479108,-19.494761,147.170296
65.809390,-4.172981,-1.022667,-0.415339,-0.338973,-19.392995,141.965234
64.908052,-3.660823,-1.031547,-0.425843,-0.318266,-19.420883,142.125161
66.799137,-5.335871,-1.036305,-1.559487,-0.476159,-19.367113,138.252806
72.500900,-7.565136,-1.006455,-1.071524,-1.011355,-19.165709,127.785601
63.865579,-3.427310,-1.039224,-0.492731,-0.336279,-19.461029,143.364021
66.494591,-4.078194,-1.019087,-0.844028,-0.861528,-19.374257,139.173551
69.467217,-5.068032,-1.015434,-1.268856,-1.032613,-19.277650,133.734450
62.853085,-4.267545,-1.070733,-1.977287,-0.463757,-19.487076,145.540550
66.780955,-4.958960,-1.013870,-1.024624,-0.978829,-19.364354,139.764308
66.978071,-2.983775,-1.066533,-1.858693,-0.925425,-19.364048,138.863948
64.362296,-3.608115,-1.029185,-0.439996,-0.374192,-19.438735,143.701451
63.953370,-4.459786,-1.041483,-1.172988,-0.438656,-19.469196,146.500753
61.618110,-3.935168,-1.066774,-1.886149,-0.549498,-19.533776,150.728000
64.281927,-3.439401,-1.029963,-0.500752,-0.450366,-19.448780,144.925404
63.153696,-3.440816,-1.036684,-0.642568,-0.470200,-19.478441,145.124651
64.266306,-3.918869,-1.062872,-1.647523,-0.521949,-19.450937,142.440958
65.456453,-4.161884,-1.016951,-0.608181,-0.675986,-19.404183,140.849937
65.998879,-3.770929,-1.021196,-0.626762,-0.677734,-19.390239,139.757280
62.298497,-3.561182,-1.024197,-0.607672,-0.643687,-19.506474,146.542501
62.134937,-4.439676,-1.064663,-1.762871,-0.423553,-19.520403,148.801120
62.868793,-4.425561,-1.066090,-1.938811,-0.452142,-19.492335,147.083699
66.306339,-4.997239,-1.023598,-1.370772,-0.738376,-19.379262,139.397201
64.695134,-4.983686,-1.017896,-1.985770,-1.484406,-19.433984,141.769957
66.174255,-3.734552,-1.021501,-0.696595,-0.753399,-19.390866,140.148002
63.653691,-3.684390,-1.026512,-0.760013,-0.686777,-19.471324,144.173214
63.833705,-5.058981,-1.012641,-0.248283,-0.249750,-19.461937,147.130410
66.359831,-3.477899,-1.044516,-0.777811,-0.449376,-19.379572,138.902191
69.019751,-5.048400,-1.015144,-1.061566,-0.899595,-19.293837,133.613681
62.216340,-4.177996,-1.023171,-0.545327,-0.433397,-19.519827,148.739698
63.068852,-3.570741,-1.049694,-1.474442,-0.733918,-19.475057,145.451588
66.066143,-3.639154,-1.045975,-0.985486,-0.496584,-19.388765,140.371128
67.027094,-3.163188,-1.038276,-0.761717,-0.609005,-19.358714,138.839597
62.153483,-4.537835,-1.061738,-1.815739,-0.437213,-19.517703,147.828692
66.119947,-4.469664,-1.061183,-1.886067,-0.484720,-19.379678,137.708635
66.395501,-4.306369,-1.020809,-0.783161,-0.659414,-19.378685,139.718804
63.735870,-4.707557,-1.029955,-0.792377,-0.375987,-19.461115,146.652361
64.121847,-3.776792,-1.028315,-0.552642,-0.440663,-19.453855,143.115935
65.549723,-2.738864,-1.017735,-0.304635,-0.755110,-19.410166,141.711677
64.845008,-3.835942,-1.029571,-1.264242,-0.924774,-19.433537,142.847454
75.324098,-9.411835,-1.004277,-1.384766,-1.249378,-19.076433,122.399813
65.567905,-3.593259,-1.045424,-1.418959,-0.742715,-19.397398,140.874232
61.910003,-4.040369,-1.038079,-1.028485,-0.529068,-19.523612,149.784610
64.072958,-3.488688,-1.052969,-1.345370,-0.651868,-19.447504,142.787841
65.384375,-5.383363,-1.019006,-1.612274,-0.944738,-19.418620,140.909990
61.579381,-2.952628,-1.038243,-0.493415,-0.473512,-19.534273,149.266365
67.067976,-4.367255,-1.022074,-1.174807,-0.903885,-19.355027,138.594330
65.145238,-4.036235,-1.040252,-1.108109,-0.539245,-19.416174,141.710376
65.344334,-4.758158,-1.027166,-1.185408,-0.624391,-19.409673,139.865884
64.101785,-3.543918,-1.034743,-0.977443,-0.710286,-19.449416,143.307757
64.444443,-5.357308,-1.022725,-1.831343,-0.900793,-19.440653,143.275270
65.307512,-2.487911,-1.038336,-0.378821,-0.501978,-19.419297,141.953313
67.905761,-5.001872,-1.016528,-1.502590,-1.181099,-19.332760,136.828385
65.234857,-5.553435,-1.008724,-0.569963,-0.707522,-19.413256,141.614853
62.472895,-3.061551,-1.041394,-0.977261,-0.828373,-19.501690,144.578084
75.077022,-8.180923,-1.005175,-1.187190,-1.110126,-19.089024,130.266123
64.858836,-3.048034,-1.034635,-0.418899,-0.404963,-19.432245,143.264069
63.086482,-4.147376,-1.039865,-1.197780,-0.552190,-19.492005,145.487021
63.145121,-3.909325,-1.030043,-0.495222,-0.343045,-19.490487,146.771322
66.428203,-3.779865,-1.024418,-0.660226,-0.608009,-19.372834,139.254000
67.186006,-4.008891,-1.036770,-0.910038,-0.489789,-19.355700,137.299049
59.275787,-5.176803,-1.021234,-1.840461,-1.053767,-19.626377,155.531324
67.029959,-4.645982,-1.026326,-1.187489,-0.652683,-19.365236,139.201041
64.816146,-4.872358,-1.026635,-1.236473,-0.628488,-19.431218,143.138645
65.263969,-2.847729,-1.060276,-1.723497,-1.050036,-19.421314,142.256189
64.043798,-3.782187,-1.030027,-0.599096,-0.439405,-19.459730,145.403560
64.624199,-2.103308,-1.043969,-0.237736,-0.385786,-19.431905,142.744085
64.531357,-4.872260,-1.021237,-1.269510,-0.827993,-19.442443,142.793431
63.634253,-2.198586,-1.038981,-0.396480,-0.649029,-19.470492,146.856490
64.207074,-3.309031,-1.041628,-1.034932,-0.705350,-19.444847,143.697247
66.302349,-3.005585,-1.033437,-0.436840,-0.454259,-19.380053,140.826411
64.876590,-4.488229,-1.022122,-0.796708,-0.575788,-19.424620,142.552109
64.100953,-3.918665,-1.046032,-1.166528,-0.518991,-19.448378,143.874839
66.833528,-5.634155,-1.036363,-1.689843,-0.465734,-19.364787,138.145780
72.500900,-7.565136,-1.006455,-1.071524,-1.011355,-19.165709,127.785601
63.968870,-3.256707,-1.041846,-0.302986,-0.213036,-19.458355,143.011527
67.161630,-3.964972,-1.017670,-0.760438,-0.896722,-19.349323,137.352141
67.090636,-4.945030,-1.017455,-1.450313,-1.108210,-19.356311,138.224865
63.079102,-4.250638,-1.065261,-1.833023,-0.475183,-19.481140,145.211665
66.128871,-4.988518,-1.014001,-0.904915,-0.836483,-19.385925,141.318567
65.944080,-3.081062,-1.058594,-1.576931,-0.841959,-19.396016,140.560379
64.947493,-3.508112,-1.029812,-0.441099,-0.390165,-19.414191,141.664943
62.602211,-5.044996,-1.065372,-1.917027,-0.340963,-19.506245,148.847614
62.613687,-3.846299,-1.050146,-1.357902,-0.556144,-19.501115,147.913984
63.626171,-3.474897,-1.031089,-0.540976,-0.455792,-19.468500,145.904450
62.688564,-3.540545,-1.036498,-0.603070,-0.425702,-19.494927,145.936217
65.068679,-3.758264,-1.067534,-1.813542,-0.579920,-19.422410,140.614265
65.466737,-4.145121,-1.015592,-0.521281,-0.644353,-19.402497,140.632977
65.998221,-3.503768,-1.016895,-0.406877,-0.643713,-19.393520,139.851499
63.220358,-3.924483,-1.037595,-1.279754,-0.712524,-19.481807,145.028410
61.014815,-4.584418,-1.068759,-1.887295,-0.395173,-19.557677,151.234373
64.238851,-4.106639,-1.048410,-1.411869,-0.527789,-19.450581,144.553188
66.251541,-5.812584,-1.022705,-1.790229,-0.762790,-19.380747,140.104751
64.606959,-4.958353,-1.017891,-1.968709,-1.469542,-19.436847,141.968244
66.181349,-3.028246,-1.021756,-0.415700,-0.664118,-19.394849,139.885650
61.594500,-3.734405,-1.018439,-0.461672,-0.591705,-19.545912,148.869380
63.861087,-5.028914,-1.013236,-0.263694,-0.256339,-19.461051,147.011868
64.870820,-2.699716,-1.042049,-0.529002,-0.548469,-19.429535,143.119313
67.016181,-4.834255,-1.014892,-0.757171,-0.720581,-19.360791,137.369804
62.537699,-4.209568,-1.024653,-0.582483,-0.428608,-19.506893,148.109044
61.836185,-4.072540,-1.053060,-1.464404,-0.521214,-19.531531,147.956585
67.409857,-4.345777,-1.055789,-1.192370,-0.334691,-19.347723,138.690017
66.583388,-3.836053,-1.035620,-0.771584,-0.458573,-19.374980,139.426478
63.512805,-4.463852,-1.047085,-1.549096,-0.522712,-19.468382,144.282554
66.280261,-4.311060,-1.047239,-1.496464,-0.542775,-19.378649,137.941926
66.924318,-4.228148,-1.019160,-0.736547,-0.683071,-19.364886,138.996879
62.855520,-4.829858,-1.038978,-1.187186,-0.408925,-19.489169,147.896228
63.156760,-3.588875,-1.029903,-0.488909,-0.407989,-19.487315,144.320755
65.516255,-2.748440,-1.018415,-0.322081,-0.752900,-19.411070,141.754232
63.566865,-4.363453,-1.022135,-1.132481,-0.859061,-19.476768,146.262478
75.324098,-9.411835,-1.004277,-1.384766,-1.249378,-19.076433,122.399813
65.933987,-3.322404,-1.055896,-1.702914,-0.842842,-19.387169,140.077556
60.989794,-4.135037,-1.041019,-1.359720,-0.617082,-19.557933,152.017539
65.119318,-3.240456,-1.062497,-1.599710,-0.735176,-19.409172,140.182833
65.530706,-5.389375,-1.018669,-1.576167,-0.944828,-19.414956,140.500673
61.415345,-2.982538,-1.038463,-0.517156,-0.478548,-19.539768,149.486498
65.837005,-4.661124,-1.020527,-1.103860,-0.794358,-19.393550,142.270472
65.848969,-4.074988,-1.035470,-1.037149,-0.552727,-19.392945,141.007433
66.350035,-5.755424,-1.019350,-1.579578,-0.810020,-19.375990,136.951421
63.961461,-3.396936,-1.049516,-1.573210,-0.857637,-19.448624,143.426958
64.240085,-5.372901,-1.022684,-1.883606,-0.922811,-19.447816,143.978622
64.778131,-2.363389,-1.037673,-0.361295,-0.537645,-19.436560,142.927198
68.525699,-5.107585,-1.015321,-1.684126,-1.367084,-19.311593,135.844810
64.790747,-5.724196,-1.007246,-0.439363,-0.629590,-19.427303,142.146414
62.917571,-3.034049,-1.044108,-1.066491,-0.833262,-19.490739,145.126621
72.546216,-7.537047,-1.005908,-1.017199,-1.000041,-19.172332,133.186463
65.882260,-2.788219,-1.034220,-0.388264,-0.463415,-19.396483,140.347828
63.032752,-4.109322,-1.038072,-1.107381,-0.539994,-19.492688,145.620934
62.091244,-4.401211,-1.030948,-0.723879,-0.386290,-19.525260,148.388254
66.486109,-4.158968,-1.024669,-0.870198,-0.657763,-19.370490,139.014319
64.872602,-3.805709,-1.042124,-1.019825,-0.527997,-19.426459,142.125831
61.166232,-4.750238,-1.025875,-1.597347,-0.882407,-19.560462,151.445784
67.656368,-4.108496,-1.035776,-1.199295,-0.623402,-19.339237,137.938076
65.021245,-4.623375,-1.028999,-0.650877,-0.332336,-19.426144,143.370283
64.837388,-2.950338,-1.059404,-1.756184,-1.019612,-19.430169,142.583424
62.888705,-3.852643,-1.027679,-0.438844,-0.336594,-19.500400,148.794276
64.624199,-2.103308,-1.043969,-0.237736,-0.385786,-19.431905,142.744085
65.004520,-5.346279,-1.030211,-1.279146,-0.481739,-19.428075,140.288180
63.782068,-2.253011,-1.038924,-0.408564,-0.636005,-19.465815,146.388959
61.880635,-3.683698,-1.031318,-0.866484,-0.651362,-19.525650,149.199512
65.204343,-3.248858,-1.033363,-0.454446,-0.407175,-19.417085,142.433649
64.393400,-4.264824,-1.025775,-0.647728,-0.444488,-19.440647,143.465736
64.686574,-3.673156,-1.047418,-1.038124,-0.501037,-19.426638,142.849841
67.245723,-5.909438,-1.035868,-1.815080,-0.453496,-19.351818,137.308079
72.305350,-7.484954,-1.006165,-1.020000,-0.976848,-19.172277,128.224065
63.078111,-2.945492,-1.045225,-0.148546,-0.119929,-19.489556,144.805988
68.865065,-3.871027,-1.020034,-1.040049,-1.130288,-19.295699,134.206303
62.784543,-4.765570,-1.015779,-0.481125,-0.429280,-19.504627,150.047518
62.805694,-4.302998,-1.067946,-1.864396,-0.450304,-19.489156,146.073978
66.151651,-4.949130,-1.014457,-0.881368,-0.811022,-19.386285,140.871215
65.055506,-3.090213,-1.066645,-1.789861,-0.820109,-19.428322,143.278920
64.664296,-3.741920,-1.028142,-0.745636,-0.616469,-19.424602,142.426400
62.665073,-5.058586,-1.061251,-1.809377,-0.346616,-19.504689,148.874461
64.092440,-3.899668,-1.036266,-1.142331,-0.647461,-19.454708,145.513476
62.482875,-3.139803,-1.032810,-0.494123,-0.481873,-19.510192,148.823904
62.765572,-3.032139,-1.040762,-0.578983,-0.493378,-19.491367,145.833971
64.076173,-3.559597,-1.051459,-1.190780,-0.564562,-19.453886,143.606705
65.086367,-4.160890,-1.016024,-0.514252,-0.620755,-19.415775,141.634719
66.362208,-3.491925,-1.023208,-0.527881,-0.598273,-19.384106,139.749240
61.793854,-3.905590,-1.036207,-1.286520,-0.759809,-19.527558,147.244901
63.190845,-4.375914,-1.054238,-1.442827,-0.427710,-19.484236,146.289714
63.898107,-4.159115,-1.050864,-1.571686,-0.539961,-19.460422,145.212735
65.834682,-5.252020,-1.026111,-1.418102,-0.631420,-19.395478,141.033436
64.899539,-4.965566,-1.018248,-1.778026,-1.298571,-19.427477,141.601245
66.102459,-2.948560,-1.021483,-0.391233,-0.672011,-19.398253,140.006639
63.075113,-3.015556,-1.013739,-0.274450,-0.723716,-19.496045,145.990135
66.372999,-5.185843,-1.005872,-0.169346,-0.350835,-19.374772,141.069891
64.115215,-1.470207,-1.054240,-0.160359,-0.419890,-19.456501,144.064145
67.231447,-4.872597,-1.014436,-0.745313,-0.716856,-19.353565,136.812857
61.920521,-4.073670,-1.023132,-0.593023,-0.498696,-19.526758,149.481376
61.893806,-4.061700,-1.047219,-1.291909,-0.513302,-19.528234,148.487026
66.983437,-4.297123,-1.053319,-1.103550,-0.337003,-19.361481,139.319852
65.656343,-3.846549,-1.032058,-0.651773,-0.435636,-19.405877,140.815875
63.623813,-4.427403,-1.046329,-1.555193,-0.536601,-19.467103,143.732660
65.879746,-4.584398,-1.059050,-1.881488,-0.464858,-19.392397,137.895560
67.511357,-4.214103,-1.023243,-0.950399,-0.743696,-19.342848,137.580939
64.008030,-4.342473,-1.033613,-0.983214,-0.496503,-19.454821,144.932639
64.771982,-3.588373,-1.008808,-0.222081,-0.661542,-19.430109,141.636510
65.878001,-2.976780,-1.017838,-0.363871,-0.745379,-19.396692,140.847234
63.953917,-4.417184,-1.021335,-1.321740,-1.001145,-19.463089,146.040931
75.324098,-9.411835,-1.004277,-1.384766,-1.249378,-19.076433,122.399813
66.111047,-3.230512,-1.059320,-1.792606,-0.870220,-19.382525,139.865902
60.923358,-4.312858,-1.031996,-1.155857,-0.618459,-19.559283,152.154081
65.126028,-3.409883,-1.060193,-1.546899,-0.689885,-19.410905,140.456620
66.150857,-4.732134,-1.018304,-1.174565,-0.930870,-19.384748,139.230032
61.713811,-2.954168,-1.038116,-0.502704,-0.482992,-19.530443,148.910890
66.379692,-4.883572,-1.020791,-1.357601,-0.876700,-19.375200,140.869873
66.255984,-4.098260,-1.028253,-0.579783,-0.386434,-19.379285,140.591511
66.673730,-5.436629,-1.018475,-1.523749,-0.910056,-19.365755,137.895637
60.682564,-3.567084,-1.044708,-1.881812,-1.064649,-19.562633,151.030775
63.680686,-5.263207,-1.023990,-1.935103,-0.933213,-19.466429,145.540471
65.856423,-1.368612,-1.041676,-0.145704,-0.578477,-19.400132,140.762228
68.576995,-5.117495,-1.015297,-1.689399,-1.370286,-19.309925,135.758225
64.326207,-5.948384,-1.005282,-0.319995,-0.579667,-19.441578,142.613131
61.992102,-3.373180,-1.029817,-0.889594,-0.850969,-19.523421,147.976887
72.546216,-7.537047,-1.005908,-1.017199,-1.000041,-19.172332,133.186463
66.053439,-2.307352,-1.037638,-0.272694,-0.424880,-19.393680,140.222480
62.537769,-4.486508,-1.021222,-0.735466,-0.565936,-19.512199,146.656536
61.616905,-4.700001,-1.031894,-0.841237,-0.379693,-19.542102,149.381972
66.672171,-4.124143,-1.019475,-0.735672,-0.727069,-19.360857,138.007805
65.564666,-4.368930,-1.042557,-1.085356,-0.412969,-19.406059,141.163344
59.059324,-4.255626,-1.029652,-1.274152,-0.763117,-19.634671,156.191746
66.372267,-3.856164,-1.039132,-1.238467,-0.670297,-19.379306,139.245619
64.213466,-4.849960,-1.025357,-0.273955,-0.146787,-19.457907,145.513771
64.140161,-3.187419,-1.047626,-1.318239,-0.842928,-19.455467,143.843335
62.602886,-3.801718,-1.028326,-0.322614,-0.244431,-19.510730,149.695471
64.793466,-2.245826,-1.041941,-0.284233,-0.420412,-19.426313,142.345519
65.749270,-5.779919,-1.031184,-1.529113,-0.472304,-19.402973,138.785378
63.630561,-1.927729,-1.040139,-0.309785,-0.647017,-19.470332,146.398589
61.174608,-3.741536,-1.032625,-1.179313,-0.821566,-19.552309,151.255186
65.130050,-2.983285,-1.037482,-0.378428,-0.353276,-19.424398,144.030475
64.229864,-3.920213,-1.027541,-0.531733,-0.406615,-19.444594,143.742146
64.265828,-2.889670,-1.047620,-0.663555,-0.515716,-19.439242,144.204550
66.643658,-4.944568,-1.035099,-1.367792,-0.510485,-19.366843,138.470042
72.300684,-7.483654,-1.006175,-1.020056,-0.976701,-19.172436,128.233875
63.108391,-2.787688,-1.048238,-0.065241,-0.054225,-19.488915,144.725063
67.366027,-3.514196,-1.026771,-1.112615,-1.078854,-19.344102,137.384670
61.735692,-4.635057,-1.019397,-0.634748,-0.482017,-19.543726,151.494957
62.779830,-4.316576,-1.068411,-1.878812,-0.446537,-19.489864,146.114999
65.532271,-4.832359,-1.013997,-0.806348,-0.802428,-19.406249,143.349990
64.767275,-3.158757,-1.063524,-1.738716,-0.818911,-19.436937,143.638472
63.717506,-3.937621,-1.034527,-1.160948,-0.696994,-19.457409,143.563259
62.665073,-5.058586,-1.061251,-1.809377,-0.346616,-19.504689,148.874461
63.206900,-2.760001,-1.043840,-0.456275,-0.416203,-19.485391,147.431992
62.661765,-3.186822,-1.031815,-0.500704,-0.486015,-19.504738,148.646256
62.217097,-3.188323,-1.040454,-0.638723,-0.492860,-19.511407,147.086611
63.735493,-3.480838,-1.061144,-1.535515,-0.632062,-19.462392,144.358249
63.873913,-4.042485,-1.025398,-0.906505,-0.715144,-19.456018,143.506421
66.390722,-3.594698,-1.020724,-0.531000,-0.638963,-19.381790,139.528763
61.508452,-3.807593,-1.035687,-1.285951,-0.798639,-19.537877,148.395770
61.281433,-4.388304,-1.052930,-1.512931,-0.459062,-19.545900,149.979320
64.652593,-4.149833,-1.056813,-1.934975,-0.592757,-19.435450,144.555386
65.624023,-6.109146,-1.020443,-1.731784,-0.736616,-19.399750,141.681576
64.900110,-4.965712,-1.018253,-1.777686,-1.298058,-19.427457,141.601266
65.831737,-2.691989,-1.019944,-0.320737,-0.719489,-19.405342,140.709223
60.752594,-2.798640,-1.011705,-0.203609,-0.741521,-19.579891,150.388053
65.008174,-5.699621,-1.005445,-0.264412,-0.500474,-19.419309,142.059567
64.125706,-1.465524,-1.054290,-0.159348,-0.419780,-19.456167,144.042599
67.252418,-4.884756,-1.014249,-0.747634,-0.719961,-19.352866,136.739498
60.343581,-4.100994,-1.020538,-0.498546,-0.467125,-19.580245,153.684004
62.690632,-4.013757,-1.036551,-1.010469,-0.550334,-19.501314,146.823764
66.370604,-4.338199,-1.052698,-1.207801,-0.369947,-19.380956,140.140336
64.392870,-3.957286,-1.028080,-0.405925,-0.292799,-19.446210,143.979709
63.101815,-4.345553,-1.051112,-1.815091,-0.588322,-19.484729,145.055048
64.675201,-5.154034,-1.060396,-1.955209,-0.371842,-19.434755,142.485932
62.962149,-4.380048,-1.027779,-1.308190,-0.777245,-19.492463,147.226773
60.927587,-3.185609,-1.039535,-0.571854,-0.452242,-19.560384,151.382946
64.527722,-3.841523,-1.013503,-0.370191,-0.625692,-19.439283,142.994883
65.992468,-2.954693,-1.017555,-0.352516,-0.751083,-19.392635,140.635611
66.534274,-3.357903,-1.036913,-1.628679,-1.206010,-19.376731,140.380684
74.781316,-9.155576,-1.004374,-1.311065,-1.194892,-19.094523,123.531942
65.212537,-3.307761,-1.050519,-1.578038,-0.873544,-19.415238,142.132157
61.661785,-5.594683,-1.018812,-1.682329,-0.941018,-19.535578,150.637428
64.819557,-3.435281,-1.059159,-1.451615,-0.645542,-19.422237,141.668971
66.836533,-4.694708,-1.017904,-1.232249,-1.030920,-19.361040,137.003529
60.091469,-2.838187,-1.038754,-0.419703,-0.423032,-19.589702,153.018112
64.122984,-3.638869,-1.038204,-1.800419,-1.124776,-19.449597,143.849522
62.937760,-3.636630,-1.023909,-0.525999,-0.537831,-19.493340,147.135343
66.717349,-5.054062,-1.019267,-1.404317,-0.934028,-19.364993,138.232419
61.243013,-3.505482,-1.046314,-1.734105,-0.959915,-19.544689,149.077131
63.476315,-5.281003,-1.024603,-1.963607,-0.925564,-19.473450,146.082188
65.888946,-1.350103,-1.041776,-0.142090,-0.579418,-19.399067,140.681966
65.505283,-4.676214,-1.018034,-1.256929,-1.037424,-19.409738,142.361635
63.604520,-6.239813,-1.004897,-0.359320,-0.653831,-19.465114,143.076744
62.103607,-3.470388,-1.032908,-1.086913,-0.874327,-19.518148,147.571102
73.786705,-8.435337,-1.005056,-1.180296,-1.108184,-19.129148,127.828167
66.247450,-2.191048,-1.038359,-0.255067,-0.427766,-19.387595,139.732997
63.643288,-4.147861,-1.021796,-0.703303,-0.602623,-19.477765,145.187571
61.657456,-4.040868,-1.039651,-0.963743,-0.466356,-19.538067,148.991262
63.639641,-3.950166,-1.025903,-1.011715,-0.817224,-19.463129,144.842964
64.409351,-4.429069,-1.036018,-0.924199,-0.413439,-19.445045,143.687622
62.960059,-3.886257,-1.040698,-1.238031,-0.628418,-19.501025,145.828538
68.153446,-3.682868,-1.051132,-1.608321,-0.703592,-19.324445,136.050958
64.143051,-4.750466,-1.027796,-0.375092,-0.188990,-19.459877,145.557760
64.149935,-3.243426,-1.040867,-1.079949,-0.784796,-19.453178,143.494349
62.962833,-3.558361,-1.030787,-0.478208,-0.389147,-19.490992,148.320040
64.769947,-2.256365,-1.041982,-0.282546,-0.416237,-19.427188,142.382475
65.293753,-6.114870,-1.029078,-1.656639,-0.494680,-19.414731,140.597441
63.630561,-1.927729,-1.040139,-0.309785,-0.647017,-19.470332,146.398589
60.796532,-3.849591,-1.032122,-1.186577,-0.795384,-19.564975,152.214660
64.480673,-3.199064,-1.039187,-0.434777,-0.329295,-19.445373,146.629328
63.458171,-3.568085,-1.022846,-0.515703,-0.573243,-19.477700,145.088639
63.432273,-3.357207,-1.044813,-1.048932,-0.651733,-19.470283,145.620261
66.670531,-5.030957,-1.034705,-1.377711,-0.500760,-19.364622,138.319272
72.300684,-7.483654,-1.006175,-1.020056,-0.976701,-19.172436,128.233875
63.111458,-2.789839,-1.048178,-0.065745,-0.055169,-19.488813,144.720549
65.682399,-3.771190,-1.024953,-1.045958,-0.953924,-19.401224,141.087410
61.539146,-4.794876,-1.026577,-0.994301,-0.511392,-19.549921,152.261001
62.676867,-4.304296,-1.069134,-1.890566,-0.445299,-19.493253,146.321948
65.943486,-4.551161,-1.008049,-0.443362,-0.859585,-19.393476,143.797377
64.924570,-3.142770,-1.060902,-1.754527,-0.869696,-19.429437,143.203574
63.593931,-3.545637,-1.032472,-0.719309,-0.574771,-19.459786,144.325548
62.063710,-4.633374,-1.052482,-1.324400,-0.354282,-19.525217,151.053660
63.920249,-2.948445,-1.042654,-0.544039,-0.461371,-19.457520,145.481890
61.023106,-3.202413,-1.032359,-0.436394,-0.411817,-19.561558,153.146202
61.920267,-3.541341,-1.033246,-1.119030,-0.880380,-19.512047,148.189554
63.937728,-3.603807,-1.072118,-1.845233,-0.595280,-19.456304,143.366856
63.126718,-3.955680,-1.013254,-0.445333,-0.727177,-19.479226,144.154530
65.679965,-3.776034,-1.021279,-0.574631,-0.617101,-19.402753,141.140476
60.795521,-4.592069,-1.033398,-1.334815,-0.608626,-19.568953,150.771568
61.610848,-3.846166,-1.055408,-1.733878,-0.658000,-19.532106,148.639211
64.801596,-4.180244,-1.057655,-1.986011,-0.590282,-19.430384,144.439329
65.045693,-5.740967,-1.029368,-1.683276,-0.555490,-19.419638,142.643257
64.463514,-4.569577,-1.020471,-1.710418,-1.313537,-19.442514,142.500201
65.107163,-3.080177,-1.020715,-0.411027,-0.673376,-19.426902,142.409804
62.849647,-3.227529,-1.014898,-0.336334,-0.718190,-19.500849,145.931661
64.762913,-5.825732,-1.004250,-0.204792,-0.474506,-19.426311,142.669911
63.336950,-0.966399,-1.063160,-0.076921,-0.390900,-19.481612,145.594114
66.297876,-4.988362,-1.012599,-0.613509,-0.652747,-19.382615,138.906991
59.907526,-4.126399,-1.019844,-0.488623,-0.467171,-19.595416,154.692425
63.259233,-3.421123,-1.055227,-1.363086,-0.643036,-19.484309,143.976628
68.527157,-4.161023,-1.051450,-1.119986,-0.388361,-19.308677,134.630403
64.780434,-3.935581,-1.028178,-0.291692,-0.212939,-19.436176,143.305135
64.845069,-4.168600,-1.051333,-1.744014,-0.602844,-19.426012,141.869326
64.005487,-5.051940,-1.062974,-1.993183,-0.377995,-19.457047,143.782772
62.728150,-6.013526,-1.024727,-1.836853,-0.683324,-19.497671,145.890252
59.946356,-3.963896,-1.013727,-0.344341,-0.525739,-19.598954,153.943231
65.396962,-4.129411,-1.011511,-0.395364,-0.652820,-19.412165,140.945604
65.992468,-2.954693,-1.017555,-0.352516,-0.751083,-19.392635,140.635611
64.919244,-3.339593,-1.041987,-1.456299,-0.951319,-19.425290,143.088160
74.781316,-9.155576,-1.004374,-1.311065,-1.194892,-19.094523,123.531942
65.622966,-3.170083,-1.055144,-1.856703,-1.020482,-19.400441,141.317824
62.693714,-5.021566,-1.017723,-1.278671,-0.914132,-19.502346,148.838635
64.946784,-3.404466,-1.066401,-1.642332,-0.643952,-19.416642,141.311261
66.441133,-4.829054,-1.014543,-0.941147,-0.913403,-19.376515,138.987363
61.304956,-3.004259,-1.036178,-0.449697,-0.431959,-19.550275,151.205823
64.396736,-3.558155,-1.040703,-1.776093,-1.093189,-19.441723,143.568074
60.518362,-3.764411,-1.026212,-0.248972,-0.218242,-19.571761,152.749817
66.191647,-4.948510,-1.019604,-1.296332,-0.877517,-19.384696,139.472298
62.985923,-3.479382,-1.041596,-1.366345,-0.852640,-19.491607,145.794593
63.544974,-4.654593,-1.026844,-1.632837,-0.901594,-19.471114,145.485483
65.888946,-1.350103,-1.041776,-0.142090,-0.579418,-19.399067,140.681966
66.339773,-4.805165,-1.016800,-1.658139,-1.354554,-19.380080,141.015022
63.675117,-6.212644,-1.004924,-0.354546,-0.646118,-19.462810,143.025584
61.128520,-3.006294,-1.022549,-0.591206,-0.962191,-19.551478,150.149764
73.786705,-8.435337,-1.005056,-1.180296,-1.108184,-19.129148,127.828167
66.468667,-2.659791,-1.032822,-0.369668,-0.506258,-19.378937,139.168387
64.814805,-4.633701,-1.018147,-0.893951,-0.745195,-19.441015,142.921717
61.830662,-3.801561,-1.038142,-0.706369,-0.408300,-19.531308,148.847427
62.800576,-4.073846,-1.027053,-1.149181,-0.837691,-19.489719,146.396179
65.751545,-3.914032,-1.048983,-1.455265,-0.602225,-19.392919,139.987544
61.157009,-3.919083,-1.037319,-1.342760,-0.754316,-19.556218,150.049343
66.959214,-3.759553,-1.045579,-1.451273,-0.683422,-19.362122,139.127360
64.143051,-4.750466,-1.027796,-0.375092,-0.188990,-19.459877,145.557760
63.993432,-3.515673,-1.034854,-1.185573,-0.875301,-19.459661,143.855056
62.665722,-3.753565,-1.027604,-0.382279,-0.310681,-19.496545,149.051665
64.574808,-2.903424,-1.037078,-0.521209,-0.531802,-19.433932,143.116133
63.468951,-3.752551,-1.030263,-1.178981,-0.890040,-19.473253,144.951992
63.423674,-1.780494,-1.040991,-0.277018,-0.659113,-19.477974,147.051075
60.240385,-3.845057,-1.029707,-1.111278,-0.806852,-19.584749,153.519076
63.416635,-3.797818,-1.036767,-0.774866,-0.450722,-19.479105,147.331695
63.307574,-3.422649,-1.019090,-0.398373,-0.590552,-19.484144,145.065761
63.135630,-2.673625,-1.049084,-0.487571,-0.440148,-19.479461,145.694589
66.534443,-5.052078,-1.034365,-1.337360,-0.483556,-19.369168,138.813932
72.241437,-7.457873,-1.006463,-1.023028,-0.971762,-19.174463,128.343325
63.467600,-3.033770,-1.043927,-0.113777,-0.088512,-19.477585,144.418782
65.346350,-3.443196,-1.025622,-0.945019,-0.995597,-19.416073,142.140814
61.407499,-4.937886,-1.024801,-1.088929,-0.568535,-19.554246,152.801981
62.963743,-4.488535,-1.066573,-1.884183,-0.428027,-19.485988,145.785230
65.390800,-4.227786,-1.008003,-0.374868,-0.844746,-19.412673,145.256802
64.893184,-3.160475,-1.059721,-1.714854,-0.859010,-19.430479,143.269969
65.084726,-3.728334,-1.035517,-0.999848,-0.637300,-19.417034,141.438828
62.698531,-4.631070,-1.056442,-1.474294,-0.365379,-19.503311,148.757625
63.887500,-2.871567,-1.045725,-0.255512,-0.211202,-19.462957,145.419072
61.861366,-3.407160,-1.030999,-0.549713,-0.477216,-19.532568,150.894730
62.946217,-3.488948,-1.038133,-1.386805,-0.942085,-19.485669,146.260399
63.705210,-3.598123,-1.065463,-1.685869,-0.610579,-19.464752,144.087163
63.080429,-3.937894,-1.013288,-0.442399,-0.725935,-19.480774,144.234827
65.226089,-4.045923,-1.016967,-0.459256,-0.542504,-19.419866,142.447933
60.957882,-3.732501,-1.040170,-1.192525,-0.670892,-19.560168,150.457094
61.772252,-3.846400,-1.061148,-1.755438,-0.604417,-19.521455,148.800566
64.310104,-4.116660,-1.054477,-1.855322,-0.608132,-19.446940,145.145672
64.587237,-5.874697,-1.025558,-1.710733,-0.619081,-19.435052,143.224498
64.500515,-4.574678,-1.020283,-1.642815,-1.266288,-19.442176,142.516855
64.374317,-2.586354,-1.037130,-0.495546,-0.619006,-19.448580,144.420083
62.610048,-3.276527,-1.015273,-0.344506,-0.699864,-19.508780,146.596809
64.762913,-5.825732,-1.004250,-0.204792,-0.474506,-19.426311,142.669911
63.132929,-1.631973,-1.053323,-0.193202,-0.423066,-19.488913,146.272749
68.660148,-6.029545,-1.003876,-0.183869,-0.437762,-19.304716,133.731500
62.627730,-4.322098,-1.020010,-0.661110,-0.567724,-19.506873,148.579470
63.025010,-3.639260,-1.054335,-1.325101,-0.584326,-19.490168,144.632876
65.815749,-3.951727,-1.063355,-1.509892,-0.462156,-19.394810,139.532377
63.637950,-3.566933,-1.030624,-0.572309,-0.468483,-19.474524,145.466149
64.318093,-4.136957,-1.050185,-1.650349,-0.600588,-19.443398,142.475010
63.979380,-4.976566,-1.061768,-1.906575,-0.376176,-19.457757,143.731745
62.798616,-6.087770,-1.023208,-1.809831,-0.681396,-19.495019,145.992544
60.309655,-3.746955,-1.018879,-0.422966,-0.523911,-19.584921,152.982909
65.292679,-4.123108,-1.015645,-0.509859,-0.624344,-19.415881,141.468778
65.993440,-2.969753,-1.017327,-0.354491,-0.752694,-19.392575,140.635176
64.997891,-3.714956,-1.027994,-1.116235,-0.935136,-19.422241,142.026967
73.678182,-8.578014,-1.004847,-1.202147,-1.152950,-19.131902,126.061056
65.622966,-3.170083,-1.055144,-1.856703,-1.020482,-19.400441,141.317824
61.413502,-5.689368,-1.015389,-1.667020,-1.096592,-19.544215,152.236226
62.610839,-3.604410,-1.041980,-1.081885,-0.627287,-19.502348,147.221328
67.155672,-5.512417,-1.012943,-0.848019,-0.707818,-19.351804,137.542518
61.303402,-3.001357,-1.035826,-0.451393,-0.442453,-19.550007,151.126784
64.320140,-3.447634,-1.042548,-1.750800,-1.074527,-19.445914,143.596093
61.281830,-3.768332,-1.026276,-0.360704,-0.311462,-19.546796,150.978694
65.177514,-4.586624,-1.020137,-1.145035,-0.874264,-19.419983,141.875992
61.539543,-3.585177,-1.046111,-1.528349,-0.818701,-19.540318,148.412057
64.087589,-4.409064,-1.025801,-1.456432,-0.924549,-19.453306,144.385598
65.888946,-1.350103,-1.041776,-0.142090,-0.579418,-19.399067,140.681966
66.136003,-4.685882,-1.018093,-1.590077,-1.303470,-19.386987,141.391509
63.845066,-6.117600,-1.005728,-0.435271,-0.690007,-19.457573,142.902588
61.522847,-2.882240,-1.029305,-0.769209,-1.024547,-19.536751,149.245317
73.756709,-8.474773,-1.004999,-1.186336,-1.120557,-19.129909,127.339739
64.573412,-3.338349,-1.027018,-0.533956,-0.556287,-19.441359,144.431278
64.215092,-4.480907,-1.021311,-1.018781,-0.784624,-19.454748,143.901530
60.991095,-4.365001,-1.041568,-1.058642,-0.424874,-19.557536,149.674934
62.825828,-4.105864,-1.028176,-1.275647,-0.881761,-19.487017,146.295322
67.534198,-4.043356,-1.053484,-1.569285,-0.552769,-19.330781,136.004430
61.533888,-4.032733,-1.038259,-1.199490,-0.605027,-19.543043,150.223655
64.547785,-3.435491,-1.042476,-1.376764,-0.844906,-19.438970,144.079000
63.774119,-4.907374,-1.023109,-0.306768,-0.173766,-19.472970,146.729092
63.252297,-3.337955,-1.028291,-0.825019,-0.834469,-19.485360,146.024089
62.502733,-3.763751,-1.028258,-0.531377,-0.423376,-19.502461,148.884597
64.523180,-2.922003,-1.037054,-0.526065,-0.528068,-19.435708,143.249009
62.934750,-3.615901,-1.027269,-1.020229,-0.921715,-19.488396,145.953110
63.375516,-1.683407,-1.040769,-0.256809,-0.678469,-19.479899,147.191447
60.572185,-3.359098,-1.024206,-0.645665,-0.759437,-19.578172,152.001208
63.835563,-4.116003,-1.047242,-1.036724,-0.393712,-19.471002,146.832474
63.879469,-3.500142,-1.027975,-0.636092,-0.603748,-19.464747,144.100174
63.244874,-2.872779,-1.046412,-0.598755,-0.495737,-19.476460,145.544373
67.403152,-5.198078,-1.028686,-1.304176,-0.547678,-19.336771,135.727058
71.734137,-7.245307,-1.006158,-0.935469,-0.962516,-19.193234,130.037106
63.439664,-3.043159,-1.043702,-0.116933,-0.091361,-19.478470,144.502625
65.325044,-3.414092,-1.028040,-1.226082,-1.194911,-19.416294,141.934795
62.796127,-4.892880,-1.024637,-1.029532,-0.547391,-19.503954,148.952126
62.421967,-4.315423,-1.065696,-1.783184,-0.439705,-19.502137,146.905742
64.170977,-3.805051,-1.007140,-0.246450,-0.789008,-19.447812,145.595336
65.740681,-3.084010,-1.066368,-1.904634,-0.885126,-19.401209,141.355505
64.825481,-4.208771,-1.030990,-1.158948,-0.680300,-19.426742,141.536380
62.828449,-4.326399,-1.049971,-1.253941,-0.408966,-19.498535,148.222648
63.410707,-2.867147,-1.044256,-0.304798,-0.262802,-19.478527,146.440999
64.067885,-3.463064,-1.025277,-0.497022,-0.513131,-19.457429,146.034212
63.393302,-3.340575,-1.043519,-1.666633,-1.065596,-19.472592,145.959582
63.231809,-3.427274,-1.067524,-1.769678,-0.673436,-19.480088,145.040378
63.284055,-4.006162,-1.008474,-0.283307,-0.704354,-19.472909,143.790574
67.200306,-3.732157,-1.016648,-0.476933,-0.666822,-19.354028,137.845465
62.979135,-4.372582,-1.031080,-1.168607,-0.634903,-19.491837,146.015067
63.932896,-3.405967,-1.066772,-1.894037,-0.736109,-19.454436,144.320832
64.370935,-4.430449,-1.047361,-1.734751,-0.563018,-19.449791,146.079637
65.828210,-5.822940,-1.024306,-1.726156,-0.681887,-19.390330,139.749594
63.048354,-3.768544,-1.027601,-1.312854,-1.074715,-19.493369,145.527626
64.882246,-2.328595,-1.037975,-0.420229,-0.630585,-19.432701,143.230443
62.879953,-3.216556,-1.015803,-0.350102,-0.702662,-19.499521,146.010947
64.762913,-5.825732,-1.004250,-0.204792,-0.474506,-19.426311,142.669911
63.132929,-1.631973,-1.053323,-0.193202,-0.423066,-19.488913,146.272749
68.660148,-6.029545,-1.003876,-0.183869,-0.437762,-19.304716,133.731500
62.579773,-4.345183,-1.020853,-0.688716,-0.557740,-19.509354,148.929389
62.940886,-3.690376,-1.050516,-1.239120,-0.559603,-19.494180,145.880960
63.189136,-3.735399,-1.054672,-1.158264,-0.465988,-19.484795,145.539161
63.730502,-3.957798,-1.022022,-0.553517,-0.517221,-19.473684,145.320437
63.277128,-4.128456,-1.048017,-1.722235,-0.662092,-19.480113,145.234311
64.073330,-4.930355,-1.061889,-1.889181,-0.379649,-19.454539,143.517294
62.931721,-6.157862,-1.020711,-1.902227,-0.806661,-19.488713,145.968866
60.533234,-3.973795,-1.015257,-0.296745,-0.403625,-19.575513,152.667677
64.395451,-4.280796,-1.008726,-0.281433,-0.587751,-19.444620,142.684176
64.786138,-3.292043,-1.014083,-0.328220,-0.706721,-19.432949,142.926397
66.643557,-3.814537,-1.017778,-0.697828,-0.881030,-19.369567,138.543941
72.015638,-7.833723,-1.005457,-1.054305,-1.084018,-19.187199,129.291303
66.869214,-3.050463,-1.060768,-1.959856,-1.037094,-19.359136,138.357665
62.405106,-4.180834,-1.026085,-1.487549,-1.029840,-19.510487,148.912524
63.043885,-3.521477,-1.039920,-1.026214,-0.653938,-19.484647,146.356775
66.344559,-5.342895,-1.016300,-0.985788,-0.701150,-19.378503,139.269677
61.022129,-3.030118,-1.035470,-0.447497,-0.440791,-19.559874,151.684857
64.438742,-3.410451,-1.043052,-1.889554,-1.172101,-19.441552,143.094678
61.235553,-3.769452,-1.026030,-0.346480,-0.304481,-19.548203,151.063973
64.722904,-4.518785,-1.024385,-1.497205,-0.981555,-19.433281,142.349772
62.874958,-3.614760,-1.055590,-1.892631,-0.801293,-19.497359,145.554882
65.448695,-4.495185,-1.032291,-1.714264,-0.838977,-19.406572,140.423605
65.888946,-1.350103,-1.041776,-0.142090,-0.579418,-19.399067,140.681966
63.729840,-4.181589,-1.017821,-0.870621,-0.899016,-19.468893,147.129737
64.049122,-6.126513,-1.007925,-0.598807,-0.684275,-19.450501,142.567297
60.482279,-2.268305,-1.030424,-0.518886,-1.057023,-19.576741,151.552343
66.793913,-5.240544,-1.010054,-0.675380,-0.807088,-19.364548,139.715626
64.289353,-2.510923,-1.023643,-0.319825,-0.672219,-19.450463,145.101175
64.142403,-4.732008,-1.028237,-0.843775,-0.424561,-19.457467,144.608293
65.831552,-5.445521,-1.032907,-1.342098,-0.440332,-19.396725,140.298180
62.987215,-4.480266,-1.024128,-1.356355,-0.921470,-19.482874,145.930835
64.867443,-3.856727,-1.050704,-1.355878,-0.555610,-19.423339,141.654311
60.338600,-3.733763,-1.035564,-0.746928,-0.480442,-19.584041,152.974233
65.074455,-3.562193,-1.052056,-1.692193,-0.756066,-19.423258,145.007681
65.133650,-4.564809,-1.043225,-1.103938,-0.373644,-19.426615,142.330751
61.895356,-4.541491,-1.019877,-1.230423,-0.976805,-19.530692,148.944874
63.320216,-4.423012,-1.014022,-0.387910,-0.467120,-19.474308,146.758807
63.607447,-3.164566,-1.034627,-0.561750,-0.514165,-19.469474,145.785973
63.303323,-2.891738,-1.031992,-0.755325,-0.907500,-19.473267,145.261632
61.958180,-1.540886,-1.040944,-0.242411,-0.765449,-19.527947,151.196698
57.437952,-3.223483,-1.020673,-0.544022,-0.833329,-19.687810,158.617049
62.084819,-3.851692,-1.046142,-1.141658,-0.511560,-19.524711,150.517588
65.429807,-3.900806,-1.027237,-0.759954,-0.594642,-19.408118,140.219033
61.875579,-2.878080,-1.054815,-1.064276,-0.757276,-19.513553,146.616171
63.787900,-5.014123,-1.027384,-1.209269,-0.564515,-19.467298,145.585221
68.065064,-5.440708,-1.009208,-0.655956,-0.809321,-19.317924,136.553635
63.362047,-3.055058,-1.043532,-0.126595,-0.097694,-19.481108,144.700247
64.196397,-3.103205,-1.030620,-0.970231,-1.045968,-19.454501,144.346606
61.942337,-4.423344,-1.025738,-1.062977,-0.673057,-19.529129,150.896894
62.319778,-4.354095,-1.066818,-1.843554,-0.449074,-19.504880,147.045730
63.611362,-3.737916,-1.026400,-0.948289,-0.822169,-19.467091,145.871631
65.841573,-3.083288,-1.066600,-1.897007,-0.879263,-19.397926,141.209713
65.396699,-5.082569,-1.027897,-1.407979,-0.639347,-19.402744,139.308341
62.786967,-4.521112,-1.057887,-1.480274,-0.374921,-19.498552,148.532936
66.260341,-2.712412,-1.045190,-0.332478,-0.303433,-19.382698,140.757301
63.797745,-3.508746,-1.025953,-0.501866,-0.498860,-19.466727,146.509580
63.289543,-3.460971,-1.040774,-1.598553,-1.038437,-19.476087,146.485634
62.864669,-3.352568,-1.071181,-1.798196,-0.678559,-19.491978,145.080248
63.462734,-4.198916,-1.008582,-0.307274,-0.682791,-19.467508,143.834704
65.658034,-3.792192,-1.016415,-0.445341,-0.612847,-19.405144,141.253628
63.880939,-4.416321,-1.028464,-1.132593,-0.667360,-19.456812,142.428473
63.949699,-3.405695,-1.064849,-1.803501,-0.724478,-19.453487,144.413014
63.835058,-4.162448,-1.052827,-1.580976,-0.529600,-19.465816,145.819528
65.625314,-5.834882,-1.022430,-1.637956,-0.708961,-19.397747,140.321441
63.555954,-4.048500,-1.027003,-1.362434,-0.997504,-19.474526,145.139935
64.835935,-2.337234,-1.038229,-0.430088,-0.632537,-19.433946,143.282434
62.834220,-3.206483,-1.017141,-0.368695,-0.695979,-19.500967,146.050151
63.978437,-5.538193,-1.008866,-0.513324,-0.624663,-19.453397,144.092271
63.132929,-1.631973,-1.053323,-0.193202,-0.423066,-19.488913,146.272749
68.660148,-6.029545,-1.003876,-0.183869,-0.437762,-19.304716,133.731500
59.082569,-4.673594,-1.027575,-1.144539,-0.601796,-19.635748,158.322021
63.276340,-4.264702,-1.058862,-1.685888,-0.488288,-19.482856,144.524706
62.492314,-3.821809,-1.055361,-1.173890,-0.445431,-19.507789,146.870710
64.024562,-3.964965,-1.034008,-0.849991,-0.501440,-19.461596,144.059555
62.951617,-4.051529,-1.050001,-1.882339,-0.701050,-19.491862,146.181853
63.789692,-4.816910,-1.060827,-1.820555,-0.391927,-19.462633,144.157888
62.907453,-6.123885,-1.020800,-1.900243,-0.817818,-19.489713,145.995195
60.420156,-3.982460,-1.014847,-0.272810,-0.388249,-19.579496,152.917337
65.142003,-4.346332,-1.008841,-0.260749,-0.511681,-19.426301,141.763288
66.210075,-3.229589,-1.010781,-0.255019,-0.754045,-19.382279,140.128885
64.618247,-3.723456,-1.023069,-0.853722,-0.859122,-19.439543,142.907063
72.015638,-7.833723,-1.005457,-1.054305,-1.084018,-19.187199,129.291303
65.747438,-3.169659,-1.053799,-1.656554,-0.927456,-19.397511,140.818406
62.259781,-3.771438,-1.032440,-1.588833,-1.086544,-19.522075,149.818830
61.497135,-3.485313,-1.033293,-0.987117,-0.789838,-19.536197,149.863706
67.387898,-5.619392,-1.015039,-1.068116,-0.740894,-19.342241,136.592670
60.922661,-3.088995,-1.035345,-0.458389,-0.434933,-19.563215,152.014559
63.164853,-3.457744,-1.042669,-1.651088,-1.005969,-19.485591,146.056198
61.212741,-3.771368,-1.026065,-0.347195,-0.303129,-19.548994,151.128525
64.530574,-4.510398,-1.027094,-1.644979,-0.944149,-19.446541,143.675976
63.614972,-3.476750,-1.058537,-1.843962,-0.790608,-19.471995,144.391314
64.070304,-3.989601,-1.036613,-1.720007,-0.925967,-19.456993,144.757711
65.478426,-0.577957,-1.049864,-0.030006,-0.548806,-19.413232,141.577739
62.233832,-4.307560,-1.016793,-0.885606,-0.902749,-19.521003,151.898381
63.419784,-5.617412,-1.009174,-0.608343,-0.704603,-19.471582,144.192749
61.102137,-2.990733,-1.027865,-0.687008,-0.907084,-19.553966,149.390863
66.918261,-5.302047,-1.010128,-0.681033,-0.786071,-19.360333,139.231708
64.250793,-2.587002,-1.023261,-0.322534,-0.664059,-19.451412,145.167130
63.671620,-4.815356,-1.027717,-0.490140,-0.243597,-19.475841,146.075991
65.822620,-5.389135,-1.033429,-1.286914,-0.417771,-19.397569,140.381503
62.736617,-4.885736,-1.021705,-1.530944,-0.970878,-19.492377,146.422996
64.857681,-3.740762,-1.050034,-0.976652,-0.447474,-19.420224,139.714183
58.518204,-3.586504,-1.032185,-0.490396,-0.384023,-19.648093,157.305213
64.773308,-3.776938,-1.052553,-1.708188,-0.685450,-19.430498,144.588351
65.340307,-4.782509,-1.063608,-1.781793,-0.366552,-19.414330,141.252089
61.470599,-4.934677,-1.018134,-1.746357,-1.301332,-19.547034,148.834308
63.853781,-4.867449,-1.025116,-0.560312,-0.308727,-19.460450,144.577614
63.883362,-2.997339,-1.038432,-0.497134,-0.454147,-19.458183,144.551304
64.093580,-2.758599,-1.029758,-0.677490,-0.970223,-19.446567,143.144727
61.972809,-1.555288,-1.040888,-0.245244,-0.763220,-19.527429,151.148705
60.593989,-3.154764,-1.020703,-0.538132,-0.841571,-19.578165,152.202755
60.513482,-3.762774,-1.052641,-1.297889,-0.527196,-19.576578,155.127345
64.224681,-3.966466,-1.025507,-0.782356,-0.629989,-19.449659,144.217578
62.809047,-3.056819,-1.051067,-1.337149,-0.887777,-19.486972,145.293512
64.272442,-5.025719,-1.025817,-1.114494,-0.546917,-19.451805,144.508683
64.959739,-5.640379,-1.011292,-1.137305,-1.045832,-19.422874,142.019350
63.362047,-3.055058,-1.043532,-0.126595,-0.097694,-19.481108,144.700247
64.274642,-3.215166,-1.029777,-1.262071,-1.310490,-19.452470,143.181868
61.357406,-4.037861,-1.029831,-0.771015,-0.502667,-19.547321,151.711441
62.394554,-4.410477,-1.066494,-1.822029,-0.424808,-19.503661,146.750449
63.658171,-3.884211,-1.021787,-0.851909,-0.826653,-19.464713,146.317889
65.192771,-3.182527,-1.062731,-1.743799,-0.812379,-19.421806,142.493514
64.640771,-5.043833,-1.029021,-1.052191,-0.457710,-19.437823,142.606370
63.073646,-4.033599,-1.051076,-1.227811,-0.447471,-19.489371,147.936735
65.050789,-2.837203,-1.043382,-0.345512,-0.306559,-19.424245,143.347902
63.833653,-3.549629,-1.025236,-0.460589,-0.454940,-19.465326,146.596257
63.314710,-3.791994,-1.026918,-1.196878,-0.980872,-19.475368,146.717282
63.422918,-3.404171,-1.070227,-1.846915,-0.672576,-19.473893,144.646292
64.122666,-4.080316,-1.023644,-1.341862,-1.117075,-19.449229,143.439336
64.178671,-3.755267,-1.018200,-0.456095,-0.571072,-19.454575,144.515930
63.988174,-3.968763,-1.025629,-1.146415,-0.933424,-19.452922,143.359354
64.419132,-3.373146,-1.069778,-1.929880,-0.725561,-19.435431,143.590083
64.469776,-4.178128,-1.058767,-1.750448,-0.502579,-19.445385,144.566935
64.365627,-6.555694,-1.020516,-1.948099,-0.724080,-19.439317,142.971506
63.258432,-4.004612,-1.024414,-1.392573,-1.142348,-19.485053,145.394654
64.907614,-2.198160,-1.032876,-0.328840,-0.652615,-19.431503,143.211285
62.757976,-3.183693,-1.015716,-0.335547,-0.695040,-19.504035,146.079963
63.511201,-5.607016,-1.008200,-0.445114,-0.577125,-19.467666,144.834992
63.238992,-1.890034,-1.050313,-0.263336,-0.448245,-19.485081,146.059951
66.228451,-5.447739,-1.010553,-0.630850,-0.664279,-19.386043,139.055306
59.175565,-4.352739,-1.026451,-1.061332,-0.675903,-19.629868,157.518628
62.902891,-4.051181,-1.054352,-1.433305,-0.495397,-19.496170,146.015502
60.778650,-3.445163,-1.045632,-0.704597,-0.412190,-19.564884,150.863938
63.502681,-4.245885,-1.039119,-1.103167,-0.493813,-19.478346,145.746596
63.213167,-4.168723,-1.044136,-1.525597,-0.610505,-19.484866,146.081634
64.807284,-5.339186,-1.059090,-1.946686,-0.348780,-19.432967,142.179527
60.572648,-5.034989,-1.030395,-1.802260,-0.758680,-19.569398,151.335110
60.561439,-3.983771,-1.015262,-0.294626,-0.398482,-19.574684,152.588184
65.149844,-4.334482,-1.008466,-0.247144,-0.515031,-19.426073,141.725106
66.308528,-3.127741,-1.010865,-0.243623,-0.759753,-19.379142,139.954033
64.044561,-4.039965,-1.022190,-1.068647,-0.952556,-19.458526,143.671803
72.089427,-7.852356,-1.005294,-1.047936,-1.087595,-19.184754,129.157406
65.696687,-3.263380,-1.047970,-1.498406,-0.908693,-19.399833,140.979421
61.455161,-3.491916,-1.038221,-1.693713,-1.121750,-19.548024,151.613061
64.006919,-3.024668,-1.054576,-1.709049,-1.042817,-19.454854,144.313398
65.969208,-4.963371,-1.015143,-0.850974,-0.736632,-19.390944,139.882965
60.141633,-2.896376,-1.037602,-0.384307,-0.386505,-19.590069,153.845885
63.132013,-3.499621,-1.042923,-1.770437,-1.070280,-19.485711,145.799854
61.212741,-3.771368,-1.026065,-0.347195,-0.303129,-19.548994,151.128525
64.881187,-4.509161,-1.026375,-1.339101,-0.793816,-19.430785,142.248167
64.044698,-3.351594,-1.061394,-1.833065,-0.801529,-19.459366,144.198096
64.032094,-4.137743,-1.034813,-1.698245,-0.902852,-19.458961,144.911417
65.478426,-0.577957,-1.049864,-0.030006,-0.548806,-19.413232,141.577739
61.225632,-3.759993,-1.017670,-0.714417,-0.900114,-19.556545,153.051510
63.237686,-5.620545,-1.009539,-0.646488,-0.731997,-19.477628,144.291526
62.060887,-2.426051,-1.025243,-0.437823,-0.967570,-19.521799,147.297327
66.023782,-5.169277,-1.012067,-0.861710,-0.875196,-19.390528,140.768756
64.520949,-2.115549,-1.021898,-0.226774,-0.745569,-19.442192,144.387404
64.680492,-5.243666,-1.028394,-0.549359,-0.219589,-19.445822,144.002167
64.960137,-4.330088,-1.036991,-0.945569,-0.429144,-19.427028,142.331570
61.121085,-3.102688,-1.037864,-0.805757,-0.705574,-19.550156,151.391022
63.734357,-4.063669,-1.051351,-1.220054,-0.445493,-19.462112,144.077915
58.036877,-3.574945,-1.032751,-0.447586,-0.341555,-19.665209,158.380960
65.099725,-3.744058,-1.054118,-1.826268,-0.718365,-19.422736,144.528461
65.703914,-4.341193,-1.072822,-1.951318,-0.419536,-19.401398,140.866738
61.911667,-4.510417,-1.022251,-1.469583,-1.070402,-19.530587,148.547822
64.551642,-5.033209,-1.023126,-0.631659,-0.355662,-19.430691,142.159206
64.164421,-2.980254,-1.037559,-0.496411,-0.475595,-19.448221,143.884484
63.892081,-2.558682,-1.039185,-0.591277,-0.749424,-19.449041,143.313895
62.408245,-2.204411,-1.039546,-0.446726,-0.714941,-19.513317,149.656937
58.875791,-2.494147,-1.013315,-0.244841,-0.977399,-19.639806,156.287030
61.527672,-3.975756,-1.051984,-1.422243,-0.527462,-19.543415,151.347841
64.285532,-4.019144,-1.025954,-0.735523,-0.560244,-19.447406,144.091226
63.026491,-3.072668,-1.051069,-1.367801,-0.887783,-19.479238,145.105771
64.295010,-5.093111,-1.026404,-1.077268,-0.496380,-19.450944,144.185291
64.937482,-5.675621,-1.011185,-1.152582,-1.051851,-19.423472,142.058759
63.306740,-3.073123,-1.043099,-0.131710,-0.102474,-19.482860,144.860330
64.344972,-3.217031,-1.029687,-1.272439,-1.321551,-19.450065,143.011256
61.433210,-3.813749,-1.030563,-0.631628,-0.450704,-19.544888,151.468119
62.777625,-4.456210,-1.064346,-1.796983,-0.435564,-19.491473,145.961790
63.282581,-3.962077,-1.008461,-0.306341,-0.765052,-19.475127,146.864493
66.951320,-3.399539,-1.068894,-1.865294,-0.679572,-19.365665,139.499788
64.573146,-4.982705,-1.027432,-0.851250,-0.396980,-19.441717,142.981323
63.945083,-3.884657,-1.045836,-1.211452,-0.543469,-19.459682,145.084312
65.057972,-2.851429,-1.043135,-0.365475,-0.321584,-19.423859,143.268345
63.467368,-3.936773,-1.011498,-0.213479,-0.384928,-19.481541,147.973531
64.870442,-3.571361,-1.021785,-0.992726,-1.154850,-19.420144,143.381252
63.260013,-3.467159,-1.068172,-1.789386,-0.656418,-19.480318,144.932224
64.044999,-3.967452,-1.024745,-1.388882,-1.171552,-19.451164,143.571734
63.078475,-3.795999,-1.017224,-0.385992,-0.509968,-19.491090,146.995470
65.225462,-3.572512,-1.031467,-1.123953,-0.905538,-19.412221,140.371701
64.443773,-3.430398,-1.068860,-1.911214,-0.709127,-19.435350,143.600014
63.530545,-4.045557,-1.056111,-1.739307,-0.574265,-19.474317,145.882213
64.382049,-6.529635,-1.020554,-1.936437,-0.723611,-19.438829,142.943263
64.352925,-3.982214,-1.025067,-1.692676,-1.396417,-19.449745,142.755401
64.903811,-1.860983,-1.034545,-0.246545,-0.649683,-19.432187,143.362671
62.185209,-3.146843,-1.020943,-0.385769,-0.607901,-19.523259,147.940924
63.538822,-5.598312,-1.008451,-0.452937,-0.577933,-19.466813,144.779989
62.895062,-1.730668,-1.052092,-0.223415,-0.439292,-19.496942,146.853294
66.299752,-5.451890,-1.010291,-0.612957,-0.666791,-19.384216,139.001600
57.170799,-3.734718,-1.009029,-0.284881,-0.761363,-19.696747,160.162677
62.654415,-3.663000,-1.067477,-1.813874,-0.599037,-19.503118,146.379655
62.061768,-3.466395,-1.046364,-0.628491,-0.352050,-19.521258,148.047709
64.353335,-3.902641,-1.034876,-0.984683,-0.583143,-19.450241,143.580633
63.216914,-4.067901,-1.056128,-1.858881,-0.615965,-19.483912,146.403486
64.702041,-5.213854,-1.058549,-1.881360,-0.358656,-19.435750,142.353892
60.758153,-5.067206,-1.030027,-1.800684,-0.764460,-19.563164,150.926190
60.686666,-3.926985,-1.015517,-0.293247,-0.408701,-19.570476,152.324861
65.168211,-4.320073,-1.008466,-0.244798,-0.514314,-19.425609,141.690278
65.313297,-3.373971,-1.016735,-0.384959,-0.656825,-19.412217,142.037050
66.772753,-3.257368,-1.020853,-0.702897,-1.025000,-19.374361,138.179967
68.470123,-6.878110,-1.006106,-0.865735,-1.010590,-19.308963,136.706495
66.583752,-3.344430,-1.045811,-1.466141,-0.889394,-19.370490,139.141704
62.335767,-3.697889,-1.033637,-1.403281,-0.964176,-19.515311,148.884484
65.260261,-2.926240,-1.058183,-1.884484,-1.161453,-19.411733,141.581023
65.236219,-5.066463,-1.016622,-0.949406,-0.728968,-19.412859,140.014509
60.236640,-2.792949,-1.038433,-0.390681,-0.414842,-19.587167,153.713257
62.769078,-3.398079,-1.049582,-1.877583,-1.008492,-19.497714,146.926158
60.979176,-3.833364,-1.024894,-0.346994,-0.303619,-19.556601,151.597273
64.935244,-4.647620,-1.020745,-0.926680,-0.673918,-19.426538,142.111528
62.280423,-3.469496,-1.058486,-1.984692,-0.872813,-19.516099,146.867024
64.375145,-4.182565,-1.030409,-1.741672,-1.021254,-19.448895,143.789127
65.478426,-0.577957,-1.049864,-0.030006,-0.548806,-19.413232,141.577739
61.723856,-4.432213,-1.017825,-1.000623,-0.919922,-19.538516,151.050172
62.139328,-5.140072,-1.010795,-0.682775,-0.798019,-19.518963,147.664876
61.685802,-2.103017,-1.021524,-0.307902,-1.053844,-19.535103,148.133140
65.906170,-5.101168,-1.012199,-0.843787,-0.868967,-19.394618,140.960322
64.499756,-2.197905,-1.023291,-0.251272,-0.719874,-19.442333,144.306794
64.708958,-5.278799,-1.028026,-0.515271,-0.206558,-19.445395,144.033916
63.065118,-4.800910,-1.029840,-1.010118,-0.470493,-19.490518,145.810905
62.211441,-3.588107,-1.041847,-1.273338,-0.739901,-19.515725,149.465830
63.731689,-4.070270,-1.051354,-1.221924,-0.444221,-19.462231,144.080334
58.200260,-3.224055,-1.035312,-0.443297,-0.388706,-19.658541,157.885469
65.033234,-3.718027,-1.055498,-1.833193,-0.715998,-19.424119,144.446487
65.552935,-4.350469,-1.073564,-1.976293,-0.420642,-19.405602,141.064393
61.376660,-4.734317,-1.018971,-1.288476,-0.990096,-19.548799,150.261279
64.559364,-4.452687,-1.036893,-1.009986,-0.439305,-19.436166,143.128827
64.248616,-2.857119,-1.040507,-0.328556,-0.309589,-19.444945,143.590220
64.350276,-2.539340,-1.050660,-0.788051,-0.739283,-19.434649,143.519285
63.064130,-2.961320,-1.033654,-0.795772,-0.850626,-19.488724,147.277268
58.856321,-2.515382,-1.013310,-0.247581,-0.973502,-19.640443,156.331571
59.843881,-4.434244,-1.065951,-1.789254,-0.418701,-19.595765,155.163135
65.890538,-4.135913,-1.024063,-0.865184,-0.680549,-19.394003,140.348963
62.896193,-3.190568,-1.051721,-1.342992,-0.804746,-19.484992,145.513617
62.756790,-5.000794,-1.040353,-1.192528,-0.363568,-19.501672,148.637140
64.988534,-5.828863,-1.010744,-1.148215,-1.024001,-19.423716,142.273121
63.306740,-3.073123,-1.043099,-0.131710,-0.102474,-19.482860,144.860330
64.344972,-3.217031,-1.029687,-1.272439,-1.321551,-19.450065,143.011256
61.985974,-4.181612,-1.028991,-0.828388,-0.518325,-19.525064,151.054987
63.558234,-4.871616,-1.056564,-1.525164,-0.352774,-19.469887,144.717316
63.312141,-3.953245,-1.008794,-0.314934,-0.764159,-19.474169,146.748214
67.328536,-3.549564,-1.066209,-1.815478,-0.633428,-19.355468,138.912974
61.979429,-4.717716,-1.018615,-0.336052,-0.263885,-19.532075,149.448002
62.446979,-3.943825,-1.052605,-1.152213,-0.440144,-19.500171,147.137865
65.556190,-2.724342,-1.044468,-0.296525,-0.273555,-19.407948,142.239394
63.375998,-3.921188,-1.011534,-0.210629,-0.378617,-19.484544,148.308520
64.855212,-3.633865,-1.021974,-0.998995,-1.120398,-19.421565,143.358770
64.344584,-3.199019,-1.076584,-1.960295,-0.748991,-19.441358,141.653680
66.062843,-3.574672,-1.025719,-1.189359,-1.194957,-19.376732,138.392828
63.183112,-3.689228,-1.017712,-0.374805,-0.503867,-19.487579,146.878285
64.271673,-3.684921,-1.021289,-0.646880,-0.731523,-19.443611,143.154339
63.895962,-3.457412,-1.070907,-1.959988,-0.683048,-19.455675,144.600616
63.098310,-4.055981,-1.054544,-1.854940,-0.631470,-19.491559,147.212002
64.673764,-4.561086,-1.028672,-1.026777,-0.546673,-19.433753,143.141673
64.392409,-3.898011,-1.023572,-1.610151,-1.452116,-19.447196,142.618151
64.674275,-2.204576,-1.033369,-0.332451,-0.638802,-19.439148,143.948997
61.862375,-3.071839,-1.021460,-0.370039,-0.595837,-19.534535,148.550122
63.402978,-5.607204,-1.008319,-0.449639,-0.577961,-19.471167,145.068407
62.829228,-1.726397,-1.052668,-0.222657,-0.432397,-19.499064,146.967695
65.800489,-5.143673,-1.009960,-0.542967,-0.681917,-19.398703,140.282883
57.170799,-3.734718,-1.009029,-0.284881,-0.761363,-19.696747,160.162677
62.183951,-3.786019,-1.064013,-1.637813,-0.537089,-19.520432,147.310648
63.284205,-3.738680,-1.050273,-0.932263,-0.408849,-19.479307,145.309423
64.383644,-3.899314,-1.023237,-0.641793,-0.586052,-19.450276,142.890641
63.884422,-3.879111,-1.061004,-1.946630,-0.638497,-19.459096,144.750148
64.924898,-5.293085,-1.059674,-1.935577,-0.353849,-19.428174,141.802016
62.128834,-4.861815,-1.029251,-1.578729,-0.752731,-19.517121,147.847742
60.674237,-4.537172,-1.013388,-0.456504,-0.550076,-19.569281,151.727540
65.329974,-4.350784,-1.008467,-0.239518,-0.492804,-19.421361,141.246397
65.249886,-3.399854,-1.017286,-0.400496,-0.648743,-19.414467,142.216470
68.309564,-3.675557,-1.031550,-0.704173,-0.525671,-19.316993,134.562115
68.491826,-6.887323,-1.005980,-0.867800,-1.015242,-19.308176,136.664134
65.283873,-3.338436,-1.052553,-1.770944,-0.927732,-19.414576,141.477998
61.424040,-2.924215,-1.059197,-1.800275,-1.081949,-19.542702,150.851101
64.714758,-3.110709,-1.045616,-1.297547,-0.914318,-19.429991,143.478465
64.380343,-4.665859,-1.019619,-0.878237,-0.679393,-19.442541,142.643369
59.032242,-2.773232,-1.037865,-0.410532,-0.447246,-19.630047,156.793989
62.599084,-3.417137,-1.051462,-1.965744,-1.014320,-19.503939,147.404322
60.945384,-3.700877,-1.025003,-0.411872,-0.389520,-19.557078,151.684920
65.310576,-4.980831,-1.021598,-1.083522,-0.646132,-19.417719,141.964332
62.255105,-3.545067,-1.061550,-1.925659,-0.762680,-19.517189,146.465387
62.347558,-4.449994,-1.025800,-1.970224,-1.227613,-19.517695,148.691616
65.478426,-0.577957,-1.049864,-0.030006,-0.548806,-19.413232,141.577739
60.394944,-5.415761,-1.013549,-1.124125,-0.910608,-19.583116,155.480333
62.238366,-5.169619,-1.010779,-0.699152,-0.811601,-19.515705,147.403355
62.073734,-2.588691,-1.026249,-0.495738,-0.927558,-19.521748,147.489749
66.297722,-5.053356,-1.012577,-0.889009,-0.901854,-19.382825,140.247400
64.499756,-2.197905,-1.023291,-0.251272,-0.719874,-19.442333,144.306794
64.712685,-5.283019,-1.027850,-0.508280,-0.205212,-19.445363,144.040515
62.727205,-6.282786,-1.019013,-1.751709,-0.770282,-19.500615,146.665323
62.171453,-3.226810,-1.035938,-0.999888,-0.829692,-19.518291,149.532558
64.277717,-3.764834,-1.045271,-0.963402,-0.473292,-19.441605,142.188638
60.167434,-3.116451,-1.036569,-0.402161,-0.362194,-19.588409,153.086842
64.846947,-3.604797,-1.053770,-1.775023,-0.757363,-19.430389,144.405276
65.552935,-4.350469,-1.073564,-1.976293,-0.420642,-19.405602,141.064393
59.933308,-4.319391,-1.026473,-1.880406,-1.229276,-19.602489,154.537849
63.795820,-5.733864,-1.034005,-1.506138,-0.429737,-19.455684,144.505472
64.089885,-2.907014,-1.040402,-0.310959,-0.288949,-19.450905,143.736371
63.695580,-2.579124,-1.045951,-0.656689,-0.674675,-19.460598,145.147332
63.150829,-3.051621,-1.042501,-1.218867,-0.973300,-19.485257,146.619643
58.397326,-2.504923,-1.011464,-0.212180,-0.980056,-19.657376,157.592940
61.018124,-4.727168,-1.058266,-1.592601,-0.366988,-19.559217,152.175693
65.975520,-4.185337,-1.023638,-0.870519,-0.677095,-19.391613,140.248012
62.832234,-3.024315,-1.044364,-1.047953,-0.818597,-19.488002,145.884487
63.956028,-5.783878,-1.053950,-1.734429,-0.286015,-19.460524,146.285107
66.706471,-6.153438,-1.008525,-1.073057,-1.092338,-19.366537,139.302586
63.788294,-3.131111,-1.041988,-0.186813,-0.143209,-19.466895,143.869061
64.182552,-3.181620,-1.030650,-1.258667,-1.303451,-19.454767,143.057528
61.536853,-4.620916,-1.030209,-0.987228,-0.481388,-19.538949,152.346342
65.283666,-4.545687,-1.072906,-1.586326,-0.311936,-19.409393,141.325720
63.149282,-3.950765,-1.008792,-0.317392,-0.767427,-19.479990,147.099837
66.854802,-3.351816,-1.078208,-1.807330,-0.580262,-19.373281,140.125062
62.384462,-4.726124,-1.019126,-0.474486,-0.362345,-19.516801,148.400388
62.520003,-3.995366,-1.040419,-0.771173,-0.376198,-19.497952,147.387548
67.539589,-2.222303,-1.052338,-0.131239,-0.152998,-19.341615,138.318069
63.090696,-3.473632,-1.026765,-0.711733,-0.712539,-19.488500,146.980408
63.438169,-4.133505,-1.018813,-0.977890,-0.987869,-19.473902,147.870458
64.512143,-3.152122,-1.072238,-1.941178,-0.812582,-19.436521,141.502362
66.062843,-3.574672,-1.025719,-1.189359,-1.194957,-19.376732,138.392828
63.371841,-3.680839,-1.018895,-0.384910,-0.493096,-19.479870,145.918785
63.935030,-3.735795,-1.020989,-0.428202,-0.477637,-19.456759,142.998242
63.885060,-3.476363,-1.068636,-1.898110,-0.680308,-19.456687,144.562260
62.460897,-4.156034,-1.040595,-1.617918,-0.704968,-19.516763,149.554283
63.101288,-5.654722,-1.026247,-1.521307,-0.589004,-19.482894,146.988079
64.377202,-3.888627,-1.024017,-1.650441,-1.479600,-19.447538,142.632900
64.584873,-2.208888,-1.033057,-0.330738,-0.643655,-19.442256,144.143323
60.639026,-2.902212,-1.006551,-0.108696,-0.666571,-19.580093,150.999968
63.480787,-5.639980,-1.008197,-0.437956,-0.563764,-19.468174,144.905119
62.868791,-2.018010,-1.048316,-0.310527,-0.489042,-19.497443,147.029110
64.773038,-5.212087,-1.009952,-0.579469,-0.717716,-19.432065,142.327170
61.043346,-3.887944,-1.015126,-0.488193,-0.699481,-19.562471,151.446530
60.967792,-3.669624,-1.061726,-1.708071,-0.633197,-19.565289,150.311023
63.266156,-4.217021,-1.041244,-0.442001,-0.188742,-19.478649,145.106170
62.604502,-4.188694,-1.027273,-1.107328,-0.737976,-19.507490,146.397906
63.963491,-3.984562,-1.056896,-1.785385,-0.599121,-19.454794,144.278167
65.057445,-5.312392,-1.058525,-1.908318,-0.351042,-19.424065,141.486712
61.854797,-4.930360,-1.027836,-1.684678,-0.816871,-19.526353,148.247658
60.600503,-4.530884,-1.015015,-0.518521,-0.554164,-19.572087,151.839489
64.914982,-4.220492,-1.008257,-0.225603,-0.507643,-19.435442,142.111296
64.779140,-3.517792,-1.019056,-0.422155,-0.590271,-19.429181,142.503832
66.849242,-5.806834,-1.030223,-1.405844,-0.446714,-19.359070,137.379708
68.491826,-6.887323,-1.005980,-0.867800,-1.015242,-19.308176,136.664134
65.417827,-3.243610,-1.058604,-1.994767,-0.988533,-19.408553,141.556019
61.181363,-2.870119,-1.058144,-1.768414,-1.113682,-19.550876,151.329963
65.118308,-3.191055,-1.047768,-1.404177,-0.892623,-19.415463,142.389585
64.628144,-4.689867,-1.019507,-0.942116,-0.724595,-19.433216,141.926274
57.854516,-3.980830,-1.025766,-0.638603,-0.505927,-19.668422,159.908355
60.006941,-3.676143,-1.046616,-1.892395,-0.933318,-19.594402,153.366206
62.119179,-3.761452,-1.022411,-0.416008,-0.425298,-19.517080,148.303573
65.423402,-4.939146,-1.022441,-1.047745,-0.615923,-19.412815,141.809149
62.461866,-3.528152,-1.062330,-1.840345,-0.733795,-19.508951,146.562574
62.335847,-4.395477,-1.025832,-1.971045,-1.245908,-19.518637,148.831792
65.478426,-0.577957,-1.049864,-0.030006,-0.548806,-19.413232,141.577739
61.700980,-5.461390,-1.015652,-1.272003,-0.880548,-19.537431,151.455032
62.169242,-5.087495,-1.010259,-0.634883,-0.803056,-19.518615,147.657530
61.986307,-2.438533,-1.026003,-0.486640,-1.016042,-19.524427,147.447265
66.595290,-4.977683,-1.013069,-0.887145,-0.891339,-19.373456,139.853603
64.533227,-2.141380,-1.022329,-0.231234,-0.733172,-19.441392,144.290899
64.712685,-5.283019,-1.027850,-0.508280,-0.205212,-19.445363,144.040515
62.320838,-6.682937,-1.018151,-1.926210,-0.778354,-19.514209,147.197353
63.902563,-3.337579,-1.067942,-1.714274,-0.671375,-19.455847,144.542272
65.205809,-3.645418,-1.038822,-0.820214,-0.506734,-19.413600,139.880470
59.859087,-3.103868,-1.036747,-0.346107,-0.306746,-19.599611,153.862529
64.532489,-3.915062,-1.055155,-1.674757,-0.596087,-19.440851,145.219335
65.545763,-4.348717,-1.073538,-1.976183,-0.421386,-19.405845,141.076139
62.750608,-4.204165,-1.024182,-1.405716,-1.055178,-19.503133,148.560141
63.178964,-6.443551,-1.036575,-1.795459,-0.382655,-19.473576,145.721033
63.337109,-3.042375,-1.037909,-0.345257,-0.317115,-19.475276,145.098344
63.695580,-2.579124,-1.045951,-0.656689,-0.674675,-19.460598,145.147332
61.428898,-2.719463,-1.037071,-0.889277,-1.035742,-19.542772,150.302257
58.400902,-2.507132,-1.011471,-0.212303,-0.979341,-19.657251,157.584811
60.754083,-4.592731,-1.060373,-1.659632,-0.395789,-19.568200,152.746094
64.985055,-4.013649,-1.023878,-0.793486,-0.667391,-19.424509,142.707371
62.571496,-2.703850,-1.048377,-0.998127,-0.897073,-19.491080,145.593129
63.162210,-6.244014,-1.051155,-1.844438,-0.277149,-19.486881,147.981255
66.712729,-6.155867,-1.008439,-1.070684,-1.092119,-19.366326,139.285954
63.788294,-3.131111,-1.041988,-0.186813,-0.143209,-19.466895,143.869061
64.733191,-3.018200,-1.031141,-1.306325,-1.465728,-19.436261,141.693362
61.570868,-3.944951,-1.034902,-0.992912,-0.568397,-19.538630,151.143417
65.153539,-4.358414,-1.070729,-1.452094,-0.326980,-19.413822,141.729697
63.125200,-3.960498,-1.009109,-0.336358,-0.768258,-19.480914,147.142469
66.218860,-3.234123,-1.079640,-1.943997,-0.672257,-19.390797,139.946313
62.429686,-4.780117,-1.018837,-0.484220,-0.366805,-19.515635,148.323758
64.734079,-2.806053,-1.045026,-0.432796,-0.385714,-19.425278,142.169515
65.842630,-2.564834,-1.043823,-0.358753,-0.389285,-19.397050,141.019722
61.458634,-4.994232,-1.021146,-1.226838,-0.759154,-19.541369,150.232278
64.078971,-3.636155,-1.021461,-0.947752,-1.096910,-19.449063,144.401769
65.217925,-3.062512,-1.075231,-1.813254,-0.767554,-19.414001,139.794537
62.598386,-3.363019,-1.030372,-0.691091,-0.648663,-19.501395,147.258222
63.680985,-3.474040,-1.021418,-0.383045,-0.472110,-19.470008,145.464681
63.507031,-3.245754,-1.015469,-0.267732,-0.546238,-19.472093,143.949155
64.869724,-3.758317,-1.064320,-1.860199,-0.609599,-19.425984,142.535356
62.982594,-3.696158,-1.052303,-1.834330,-0.781351,-19.494908,147.813081
63.460426,-5.457498,-1.026251,-1.321371,-0.548219,-19.471313,146.047835
64.429278,-3.884890,-1.023645,-1.607383,-1.458941,-19.444968,142.584298
64.625688,-2.203450,-1.033483,-0.331734,-0.639628,-19.440453,144.014306
60.639026,-2.902212,-1.006551,-0.108696,-0.666571,-19.580093,150.999968
63.488616,-5.613752,-1.008370,-0.444629,-0.570743,-19.467924,144.898530
62.868791,-2.018010,-1.048316,-0.310527,-0.489042,-19.497443,147.029110
64.586299,-5.295800,-1.014819,-0.880054,-0.698662,-19.437877,143.128028
61.336493,-3.750461,-1.024059,-0.810579,-0.769226,-19.550850,150.758351
59.617973,-3.737556,-1.058896,-1.509843,-0.543733,-19.619163,155.163181
62.197899,-4.461398,-1.040211,-0.437207,-0.174697,-19.513366,146.924278
63.089404,-4.292879,-1.026013,-1.038114,-0.700039,-19.491346,145.568937
64.052156,-3.956247,-1.053880,-1.683422,-0.615800,-19.451736,144.324975
65.776699,-5.458036,-1.059857,-1.995070,-0.338262,-19.399872,139.604157
61.709637,-4.840982,-1.029402,-1.693717,-0.796525,-19.531896,148.876402
60.592012,-4.523008,-1.014900,-0.522322,-0.559224,-19.572251,151.845037
64.607479,-4.371938,-1.009377,-0.289951,-0.534326,-19.442661,142.810812
66.024123,-3.815226,-1.024307,-0.615163,-0.564820,-19.388095,139.414563
66.435486,-5.117620,-1.031119,-1.177639,-0.464659,-19.374283,138.475969
66.491046,-5.607814,-1.007749,-0.577439,-0.774799,-19.377145,139.806232
65.408312,-3.252915,-1.058334,-1.969636,-0.976312,-19.408646,141.552494
61.176484,-2.858918,-1.058307,-1.771668,-1.117100,-19.551041,151.334503
64.487396,-3.287052,-1.046257,-1.424398,-0.890095,-19.437183,143.740790
63.784189,-4.127510,-1.010443,-0.297779,-0.562499,-19.465766,143.684508
60.118288,-4.040655,-1.039160,-0.991647,-0.486300,-19.590880,154.515845
60.069269,-3.667452,-1.047930,-1.883414,-0.912687,-19.592592,153.144576
61.443170,-3.418110,-1.026453,-0.246637,-0.260206,-19.540060,149.913519
64.657589,-4.764995,-1.022763,-0.978202,-0.610844,-19.438680,143.399635
62.986091,-3.457911,-1.058952,-1.952467,-0.858080,-19.487448,145.404575
62.383372,-4.631337,-1.023951,-1.837947,-1.161229,-19.515954,148.274051
65.478426,-0.577957,-1.049864,-0.030006,-0.548806,-19.413232,141.577739
62.388026,-5.456038,-1.014695,-1.169096,-0.862368,-19.514548,149.815116
62.405154,-4.989355,-1.010553,-0.641903,-0.812823,-19.512148,147.323535
62.065169,-2.449059,-1.028873,-0.515462,-0.974940,-19.519812,147.220290
67.075320,-5.252723,-1.013332,-1.082393,-0.948842,-19.357615,138.922986
64.883664,-1.569452,-1.012424,-0.084603,-0.891421,-19.426370,143.666940
63.968141,-4.887730,-1.027652,-0.452812,-0.215712,-19.466948,145.363722
62.173548,-6.343931,-1.018842,-1.790174,-0.775470,-19.518811,147.720447
62.549558,-3.027930,-1.056382,-1.242378,-0.742390,-19.499807,147.426301
64.151936,-4.658173,-1.029957,-0.854925,-0.421523,-19.449102,143.267439
59.043931,-2.868621,-1.037926,-0.289745,-0.295831,-19.628254,155.980819
65.353357,-4.069477,-1.056687,-1.648839,-0.512253,-19.414208,144.688310
65.287480,-4.517979,-1.060725,-1.642771,-0.403178,-19.415902,141.542508
62.585812,-4.768321,-1.018855,-1.564350,-1.176344,-19.510768,149.517781
64.038487,-6.495184,-1.038824,-1.725793,-0.331368,-19.445134,143.133133
63.302271,-2.845984,-1.035196,-0.246935,-0.280235,-19.477473,145.480731
63.173645,-2.599731,-1.046086,-0.717306,-0.723714,-19.475999,146.061459
60.485384,-2.040762,-1.042652,-0.519057,-0.925991,-19.571918,152.619630
59.651360,-3.177517,-1.022315,-0.585589,-0.836097,-19.613593,155.158996
60.178369,-4.532112,-1.070687,-1.925953,-0.392601,-19.586885,154.272477
65.532605,-3.660471,-1.014053,-0.416603,-0.715294,-19.405453,141.668077
62.033590,-2.830290,-1.031743,-0.552275,-0.698603,-19.519492,147.386922
