63.019155,-0.265573,-0.341795,-1.320917,-1.012390,-19.472948,146.458442
63.937085,-1.350435,-0.326659,-0.519365,-0.411525,-19.407329,141.494579
62.833218,-0.447441,-0.328588,-1.468680,-0.394908,-19.471142,147.882832
63.985041,-0.369379,-0.329629,-1.488530,-0.625748,-19.440388,144.952498
53.429415,-1.341969,-0.330112,-1.461879,-0.637642,-19.539424,151.583919
62.871127,-1.441640,-0.338092,-1.834787,-0.120851,-19.415731,143.098685
60.334076,-1.310982,-0.327039,-0.854261,-0.500460,-19.457490,146.310493
57.841070,-1.792131,-0.347903,-0.709707,-0.389117,-19.530155,148.234171
57.652191,-1.235936,-0.337428,-1.257386,-0.675556,-19.463363,145.477014
62.704876,-0.749286,-0.328488,-1.157785,-1.052442,-19.379271,140.758832
66.573916,-0.301159,-0.341093,-1.139242,-0.428503,-19.361778,136.891235
57.577995,-2.182266,-0.347013,-1.171260,-0.190139,-19.520194,146.602551
60.688263,-1.308232,-0.351891,-1.538065,-0.248045,-19.466929,145.954624
59.360632,-2.164276,-0.342170,-0.377074,-0.376535,-19.522522,146.626795
56.192058,-1.353517,-0.338632,-1.009406,-0.763718,-19.498315,146.580031
57.406022,-1.117855,-0.342922,-1.288613,-0.492892,-19.558774,150.408002
57.044247,-1.245216,-0.346046,-1.720045,-0.607572,-19.434030,142.994745
58.913944,-1.010232,-0.330729,-1.465887,-0.845165,-19.414507,142.279793
52.896059,-1.585214,-0.344556,-1.331793,-0.724669,-19.461288,143.096694
50.553176,-1.288764,-0.323611,-1.128858,-1.332410,-19.484226,146.472221
53.583757,-1.405078,-0.339327,-1.185035,-0.809272,-19.507322,148.924353
60.046486,-1.157886,-0.343534,-1.246314,-0.806336,-19.379756,138.909185
53.026647,-1.775598,-0.339249,-1.063373,-0.715939,-19.445384,145.340576
61.658974,-1.123898,-0.345494,-1.491065,-0.241582,-19.462606,145.298006
58.485132,-1.764356,-0.347263,-1.029603,-0.523596,-19.383152,138.903333
63.030585,-1.410884,-0.339973,-0.655973,-0.263517,-19.439080,143.535766
61.189964,-1.209080,-0.338867,-0.513064,-0.787895,-19.460197,144.378683
53.384327,-1.090997,-0.343234,-1.585113,-1.380660,-19.402492,141.195697
53.120991,-1.540937,-0.341659,-1.533263,-0.723030,-19.408923,141.431195
63.637055,-0.932427,-0.347787,-0.760126,-0.628947,-19.403413,140.775875
58.597918,-0.699219,-0.329171,-1.334194,-1.454012,-19.477880,147.078955
58.804428,-1.341298,-0.345727,-0.705462,-0.616189,-19.509221,148.079743
50.220763,-1.812326,-0.352206,-1.280604,-0.835303,-19.414420,141.455167
60.064408,-0.900516,-0.337746,-1.541497,-0.439231,-19.494578,147.243045
57.070785,-2.491939,-0.334159,-1.113189,-0.144269,-19.528139,149.986633
60.810199,-1.034926,-0.331199,-0.847389,-1.049135,-19.403252,142.566520
53.345832,-1.337744,-0.331541,-1.673130,-0.650387,-19.493226,148.144037
60.032756,-0.860483,-0.328448,-1.253370,-1.264637,-19.390508,141.171466
66.079541,-0.002432,-0.347223,-1.767865,-1.105336,-19.382480,138.749921
53.006305,-1.682255,-0.330726,-1.307844,-0.733151,-19.379570,139.042729
59.884836,-0.815442,-0.357706,-1.204248,-0.406973,-19.546356,148.809075
64.515568,-1.402623,-0.333844,-0.787655,-0.174885,-19.389184,141.055190
61.925265,-0.753906,-0.312685,-1.349151,-0.650411,-19.436457,144.884738
58.368427,-1.431392,-0.339834,-0.574551,-0.812043,-19.500229,147.055434
62.454394,-0.625968,-0.339155,-1.793099,-0.295380,-19.472808,145.099592
62.332001,-1.366013,-0.335728,-1.143673,-0.353520,-19.392195,139.823819
57.554036,-1.594039,-0.339428,-0.914108,-0.299379,-19.568444,151.538785
63.361465,-1.011415,-0.347826,-0.064767,-1.105186,-19.480085,144.162159
62.602411,-1.203120,-0.320201,-1.443687,-0.221446,-19.419522,143.412917
56.381639,-1.378685,-0.337906,-1.205879,-0.735961,-19.448088,143.542599
56.179917,-1.141428,-0.338855,-1.137735,-0.879359,-19.518959,148.807104
53.862143,-1.275760,-0.338681,-1.657792,-0.749986,-19.476357,147.031371
51.331134,-1.973428,-0.332241,-1.041896,-0.738713,-19.397614,140.009511
53.017628,-1.290795,-0.342916,-1.156904,-1.167730,-19.486249,145.289920
61.684732,-0.804854,-0.342454,-1.637076,-0.544012,-19.438273,143.738080
57.111751,-1.352073,-0.342350,-1.132628,-0.906076,-19.385483,140.426010
57.043090,-1.523864,-0.340424,-0.997105,-0.461040,-19.524676,149.173264
55.036595,-0.887419,-0.333752,-1.402133,-1.078633,-19.566788,152.209062
50.084196,-1.358193,-0.335630,-1.621286,-0.664951,-19.615326,156.903937
58.900645,-1.388675,-0.333645,-1.011753,-0.714298,-19.396501,140.596700
59.205083,-1.766033,-0.344112,-0.973970,-0.155723,-19.550525,149.933159
62.790973,-1.514853,-0.349752,-0.900683,-0.161997,-19.445114,141.574354
51.651106,-1.674413,-0.333187,-1.176446,-0.738007,-19.478106,147.018846
55.519132,-1.739135,-0.358409,-1.589369,-0.348162,-19.504673,146.080732
63.422949,-1.389928,-0.331711,-0.423158,-0.605697,-19.405995,140.602084
55.047487,-1.491297,-0.333022,-1.641011,-0.512203,-19.448997,145.038837
58.946138,-1.187889,-0.326788,-0.637161,-0.952715,-19.486837,147.305652
52.418340,-1.386714,-0.344656,-1.634505,-0.795843,-19.454548,143.912579
54.190415,-1.617336,-0.327817,-1.344572,-0.641987,-19.415059,140.789975
57.974560,-1.285111,-0.328624,-0.651762,-0.462746,-19.590339,153.583531
61.690683,-0.191585,-0.341993,-1.473710,-0.909223,-19.524504,150.842392
60.684975,-1.281327,-0.334895,-0.774400,-0.377172,-19.488762,147.411036
61.676213,-0.456951,-0.329524,-1.229406,-0.725618,-19.501923,149.730762
63.119261,-0.536209,-0.325632,-1.338855,-0.561949,-19.451507,145.908876
54.909392,-1.469621,-0.346075,-1.383417,-0.505363,-19.527578,149.671125
61.916589,-1.606321,-0.340402,-1.697993,-0.121058,-19.439314,143.940857
63.085976,-1.352723,-0.323180,-0.894948,-0.138271,-19.455673,145.843334
57.768303,-1.880108,-0.347007,-0.676375,-0.318270,-19.558748,150.337106
55.431811,-1.454037,-0.346451,-1.143953,-0.732982,-19.481948,146.731784
61.132998,-0.896625,-0.325702,-0.999459,-0.976974,-19.420316,142.970095
67.116194,-0.214082,-0.344688,-1.836928,-0.183525,-19.348926,136.629558
57.009912,-2.263835,-0.347923,-1.100663,-0.195257,-19.531707,146.986285
62.451652,-1.363549,-0.339621,-1.193997,-0.161829,-19.445495,144.838169
59.677849,-2.037788,-0.343217,-0.358603,-0.416342,-19.519941,146.250495
59.664839,-1.295904,-0.338306,-0.724664,-0.428880,-19.525416,148.390498
58.815214,-1.262091,-0.344650,-1.422510,-0.309659,-19.520323,148.980435
59.762487,-1.130483,-0.337590,-1.844655,-0.435492,-19.430678,142.884508
59.784042,-1.183065,-0.325072,-1.031114,-0.540219,-19.469484,145.327563
55.482554,-1.475325,-0.343054,-1.285561,-0.678468,-19.444567,142.595326
55.012530,-1.180187,-0.325277,-1.217662,-1.046871,-19.458368,145.372298
53.540900,-1.616202,-0.345942,-0.949610,-1.018266,-19.426342,142.268284
58.998719,-1.057109,-0.337111,-1.307588,-0.942279,-19.396150,140.960937
53.366654,-1.731120,-0.336264,-1.006047,-0.793720,-19.431626,144.193003
61.502125,-1.253268,-0.344527,-1.514526,-0.208123,-19.462317,144.941964
59.967747,-1.474063,-0.343785,-0.992506,-0.546299,-19.410038,140.922321
63.973493,-1.371277,-0.334721,-0.423955,-0.263640,-19.431159,143.631302
63.275840,-0.998336,-0.341094,-0.096328,-0.822408,-19.483770,145.849410
52.179809,-1.050364,-0.342960,-1.698812,-1.465829,-19.426730,142.851586
54.598237,-1.159077,-0.334243,-1.625168,-1.078381,-19.379538,140.358892
58.242442,-1.011739,-0.343353,-0.986415,-0.847934,-19.513466,148.818137
58.640162,-0.695843,-0.329197,-1.332838,-1.459165,-19.476920,147.010709
56.137779,-1.560822,-0.352224,-0.834386,-0.629981,-19.539163,148.917540
51.735330,-1.684694,-0.346254,-1.259497,-0.783691,-19.445952,143.279198
61.484212,-0.917584,-0.348396,-1.782601,-0.264234,-19.472621,145.237834
56.503693,-2.606493,-0.334014,-1.030275,-0.145005,-19.540339,150.787867
62.271925,-0.919426,-0.334515,-0.795461,-1.029560,-19.402477,142.448389
52.298934,-1.401741,-0.327006,-1.575761,-0.654070,-19.509643,149.201711
60.461527,-0.796465,-0.333184,-1.151817,-1.258368,-19.420941,143.115190
66.024104,-0.014404,-0.347116,-1.767386,-1.093775,-19.383748,138.836504
52.628835,-1.685038,-0.330854,-1.299607,-0.725124,-19.393642,139.878704
57.952842,-1.202830,-0.352430,-0.895488,-0.366051,-19.598456,153.031887
61.443872,-1.195917,-0.346136,-1.280874,-0.766315,-19.316139,135.227819
59.447383,-0.961790,-0.328077,-1.207431,-0.808586,-19.455063,145.082632
59.110589,-1.704854,-0.341652,-0.449004,-0.477739,-19.534095,149.724904
61.905216,-0.903878,-0.339189,-1.731810,-0.234761,-19.477935,145.269565
58.690747,-1.260856,-0.332202,-1.321100,-0.534167,-19.452049,145.206044
57.416723,-1.551792,-0.335154,-0.870293,-0.279059,-19.596423,153.590085
60.080137,-0.977142,-0.341715,-0.628621,-1.267710,-19.474569,144.817247
63.336744,-1.537238,-0.329310,-1.308940,-0.145610,-19.399058,141.616492
57.936619,-1.469821,-0.335202,-1.008973,-0.485781,-19.493919,146.052850
56.786538,-0.988787,-0.340138,-1.289546,-0.624598,-19.575596,152.437881
58.038782,-1.048637,-0.341522,-1.930515,-0.682383,-19.419640,143.684108
51.387916,-1.898298,-0.332028,-1.033428,-0.790590,-19.402455,140.603965
51.595071,-1.343285,-0.342440,-1.218387,-1.258472,-19.448738,143.243710
60.949288,-0.881474,-0.342588,-1.700057,-0.520354,-19.445164,144.011572
54.550904,-1.472028,-0.339150,-1.018629,-1.151763,-19.371066,139.344184
59.288594,-1.849178,-0.349045,-0.548189,-0.146269,-19.575568,151.875863
53.396741,-0.959508,-0.337024,-1.463585,-1.260092,-19.541466,150.518852
51.419977,-1.403431,-0.334521,-1.755865,-0.567309,-19.572239,153.776625
60.156659,-1.154626,-0.331381,-1.148728,-0.809257,-19.372509,140.059449
52.710980,-2.620298,-0.347448,-1.556061,-0.203420,-19.503199,146.022359
60.548488,-1.145540,-0.344400,-0.899961,-0.350834,-19.506061,147.004830
50.806877,-1.418209,-0.335386,-1.532087,-0.735421,-19.542097,151.062328
60.202727,-1.507545,-0.355380,-1.349097,-0.219611,-19.484536,144.581015
64.927045,-1.024425,-0.323491,-0.170841,-1.053251,-19.406106,141.760375
54.705890,-1.500210,-0.332020,-1.583305,-0.509542,-19.470760,146.511062
55.847304,-1.076785,-0.334514,-0.901201,-1.429611,-19.489182,146.769960
50.249735,-1.401921,-0.347266,-1.929842,-0.850347,-19.432773,142.371023
59.419378,-1.015611,-0.322564,-1.327706,-0.823219,-19.412364,141.351960
58.193867,-1.187835,-0.334257,-1.006267,-0.593138,-19.518261,148.976108
59.365022,-0.631487,-0.348994,-1.390240,-0.783147,-19.543878,151.370567
60.812592,-1.471122,-0.339325,-0.599054,-0.188402,-19.530603,150.119570
63.756832,-0.167047,-0.334742,-1.451489,-0.870798,-19.466310,146.704042
63.231372,-0.380012,-0.324622,-1.407945,-0.550201,-19.469437,147.226657
54.391428,-1.565682,-0.349999,-1.394834,-0.470819,-19.541236,150.550530
60.612031,-1.656752,-0.346766,-1.984795,-0.114109,-19.473725,145.959603
63.242116,-1.380685,-0.337338,-1.423975,-0.204353,-19.394575,140.482487
59.401302,-1.395014,-0.344570,-0.861992,-0.483189,-19.486292,146.395483
54.992980,-1.615570,-0.351738,-0.872539,-0.663058,-19.542317,150.620944
56.805079,-1.332614,-0.333167,-0.873943,-0.792910,-19.497491,147.565460
65.124514,-0.421271,-0.339346,-1.136201,-0.394515,-19.402480,140.597272
57.287057,-2.279387,-0.348483,-1.089845,-0.178666,-19.534785,147.151149
61.833346,-1.436876,-0.347823,-1.112737,-0.101965,-19.490296,147.116365
60.115744,-2.044134,-0.341681,-0.328201,-0.402046,-19.515875,145.970925
59.211756,-1.250436,-0.339065,-0.900945,-0.420634,-19.521465,148.547766
59.611361,-0.968988,-0.327422,-0.825349,-0.663709,-19.519580,151.616081
58.667196,-1.091451,-0.338739,-1.902733,-0.566876,-19.419490,141.835460
62.769580,-1.423241,-0.336804,-0.341930,-0.212414,-19.482942,145.197367
59.205372,-1.360688,-0.338985,-1.180726,-0.593337,-19.404929,140.886344
54.998781,-1.136356,-0.326534,-1.313669,-1.021137,-19.461288,145.494923
52.963716,-1.498540,-0.344794,-0.906910,-1.227900,-19.446093,143.552898
59.293067,-0.911926,-0.346580,-1.336531,-0.707416,-19.495098,146.866138
50.790231,-1.759805,-0.337422,-1.008074,-0.932120,-19.444244,144.838578
60.500421,-1.125204,-0.337325,-1.256222,-0.493769,-19.449471,144.307382
59.468580,-1.572429,-0.334749,-0.842141,-0.459016,-19.453756,144.515652
63.996720,-1.368633,-0.331161,-0.285253,-0.331739,-19.431074,143.878865
60.620904,-0.985159,-0.343938,-0.470751,-0.884931,-19.513063,147.758768
53.308880,-1.017591,-0.341192,-1.614375,-1.310055,-19.466479,145.399899
54.014178,-1.168412,-0.334463,-1.610264,-1.151320,-19.368411,139.801865
59.469194,-0.889272,-0.350644,-1.152624,-0.476645,-19.541337,151.074852
58.559528,-0.696774,-0.328722,-1.284901,-1.498577,-19.476679,147.014983
54.513616,-1.770027,-0.356454,-0.775643,-0.654761,-19.559294,149.881483
50.476956,-1.756676,-0.346502,-1.301690,-0.748181,-19.460564,144.312189
59.791765,-1.246892,-0.344192,-1.403283,-0.297900,-19.496002,146.933469
58.766399,-2.236301,-0.332873,-0.800408,-0.200698,-19.511476,148.441901
62.722993,-0.785418,-0.330843,-0.736266,-1.276496,-19.400444,142.893062
50.378173,-1.413754,-0.325208,-1.757682,-0.681400,-19.515601,149.711909
62.923605,-0.615007,-0.327253,-1.127920,-1.253619,-19.405933,142.581060
65.661250,-0.003726,-0.348446,-1.763694,-1.052089,-19.397600,139.659087
51.447981,-1.680337,-0.329433,-1.413632,-0.670162,-19.435027,143.133600
59.150584,-1.059700,-0.362827,-0.183583,-0.320486,-19.611483,153.521844
60.505692,-0.838197,-0.339790,-1.401695,-0.610413,-19.475506,147.045366
60.343534,-0.794681,-0.324073,-1.220473,-0.789992,-19.475995,146.561344
59.543015,-1.643745,-0.341972,-0.394302,-0.464969,-19.540600,150.295234
58.574494,-1.128398,-0.332959,-1.985425,-0.277019,-19.527374,148.802027
56.703279,-1.415535,-0.333697,-1.314007,-0.613980,-19.435848,144.485272
59.127968,-1.291345,-0.340582,-0.789040,-0.323821,-19.567549,151.631306
61.304044,-1.118610,-0.338066,-0.506996,-0.971479,-19.458554,144.330533
64.067384,-0.947320,-0.338574,-1.358706,-0.194673,-19.414515,141.926726
59.044988,-1.210564,-0.334398,-1.084704,-0.591476,-19.469800,145.371289
56.296578,-0.802228,-0.341882,-1.367184,-0.560324,-19.646682,156.900254
57.624924,-1.022065,-0.338070,-1.789672,-0.773757,-19.431752,143.934075
51.395373,-1.894742,-0.331995,-1.038549,-0.789241,-19.402880,140.637619
50.351226,-1.492836,-0.346058,-1.311344,-1.091630,-19.435540,141.764269
65.018680,-0.735337,-0.348340,-1.990760,-0.197821,-19.384849,139.957660
58.868959,-1.170793,-0.348593,-1.176568,-0.969111,-19.387572,139.164563
59.101921,-1.761083,-0.347757,-0.463862,-0.137167,-19.597219,153.840911
54.977671,-0.795182,-0.334786,-1.530753,-1.252368,-19.569401,152.897392
58.418383,-1.056760,-0.335522,-1.582479,-0.471084,-19.511770,149.594093
60.339944,-1.137438,-0.330032,-1.457708,-0.634846,-19.376920,140.277290
56.596673,-2.206137,-0.344395,-1.115066,-0.265892,-19.486593,145.429490
62.419651,-0.455434,-0.346917,-0.492920,-0.448058,-19.511880,146.870301
52.393691,-1.406828,-0.346477,-1.250609,-0.646573,-19.618821,155.223351
60.344697,-1.218194,-0.353157,-1.607919,-0.228558,-19.495252,145.791109
56.265072,-1.206164,-0.330472,-0.753217,-1.229357,-19.500970,148.073059
57.808987,-1.166389,-0.325497,-1.389482,-0.561556,-19.487412,147.503439
57.367301,-0.951165,-0.337650,-0.913321,-1.293342,-19.512737,148.185925
51.021517,-1.350236,-0.344684,-1.891490,-0.899866,-19.413397,141.328986
58.152649,-1.019388,-0.329382,-1.300192,-0.749871,-19.484766,146.724615
56.162162,-1.715080,-0.332175,-0.902865,-0.347801,-19.575480,151.987262
60.901988,-0.521760,-0.347632,-1.874241,-0.617841,-19.503615,148.279740
61.106456,-1.393130,-0.340413,-0.469215,-0.201999,-19.529262,150.006833
64.845285,-0.243037,-0.335659,-1.550429,-1.003775,-19.416157,142.197705
61.840995,-0.657442,-0.328039,-1.992316,-0.355743,-19.475124,147.261393
56.821040,-1.376369,-0.337622,-1.115600,-0.441742,-19.547525,151.260646
61.056664,-1.596170,-0.346368,-1.942279,-0.113409,-19.465689,145.426747
64.291658,-1.824691,-0.327515,-1.344945,-0.112968,-19.363872,139.055836
59.278558,-1.409461,-0.352495,-1.092613,-0.576346,-19.428299,141.392582
53.889528,-2.176785,-0.360990,-0.635494,-0.400420,-19.645339,156.502073
57.419037,-1.424488,-0.335314,-0.717637,-0.726834,-19.514174,148.633346
62.387100,-0.344301,-0.344918,-0.705584,-0.544238,-19.507501,146.817038
59.104004,-2.078436,-0.343622,-0.937102,-0.195780,-19.497943,145.384347
61.530520,-1.413823,-0.347090,-1.192709,-0.167295,-19.476315,146.203026
59.982196,-1.703333,-0.344481,-0.545107,-0.353826,-19.517517,147.694117
64.052036,-0.282888,-0.336477,-0.093621,-0.840716,-19.450897,146.016543
59.886899,-1.084482,-0.340045,-0.863299,-0.638634,-19.492796,149.191457
58.218376,-1.193646,-0.337292,-1.498518,-0.480763,-19.478208,146.033546
63.194061,-1.402096,-0.330254,-0.312341,-0.314586,-19.457951,144.791098
56.565053,-1.218722,-0.343489,-1.231488,-1.000335,-19.416996,141.079823
52.702124,-1.023220,-0.320362,-1.614203,-1.207720,-19.484786,146.840019
53.967091,-1.340019,-0.344517,-1.093536,-0.905949,-19.524993,149.512505
62.826386,-0.273893,-0.355934,-1.970120,-0.683575,-19.476237,145.251894
51.198019,-1.733314,-0.336666,-1.007180,-0.935902,-19.446519,144.896678
63.307884,-0.988950,-0.343378,-0.747939,-0.468205,-19.427551,142.318581
60.329188,-1.413401,-0.328930,-1.097924,-0.439712,-19.410823,141.555062
65.048292,-1.352877,-0.328690,-0.297801,-0.258814,-19.405479,142.121319
60.544374,-0.898250,-0.353900,-0.274094,-0.945465,-19.540880,148.668013
57.658312,-0.881479,-0.338912,-1.203146,-1.323812,-19.465657,145.452760
58.063337,-1.093146,-0.327058,-1.303650,-1.041970,-19.376977,140.849228
57.844917,-1.441873,-0.345232,-0.766591,-0.309789,-19.598410,154.888834
60.460112,-0.518453,-0.328700,-1.351792,-1.470676,-19.487561,148.043238
52.870963,-2.041315,-0.357433,-1.003061,-0.459934,-19.569141,149.979707
50.923484,-1.709413,-0.348159,-1.401065,-0.666597,-19.490204,146.170809
62.650494,-0.525033,-0.337385,-1.688068,-0.428083,-19.469021,144.367877
57.630534,-2.301482,-0.331289,-1.195378,-0.130282,-19.529618,150.519821
61.884186,-0.829808,-0.341351,-0.819062,-0.634271,-19.469096,145.569839
51.153769,-1.459454,-0.325326,-1.689046,-0.619545,-19.517650,149.757966
64.607672,-0.385243,-0.319257,-1.156336,-1.442383,-19.396518,142.613954
65.223735,-0.053404,-0.347957,-1.628982,-0.987325,-19.411600,140.595178
51.921022,-1.765695,-0.329948,-1.348730,-0.612162,-19.439481,143.059752
60.363365,-1.133607,-0.350795,-0.131709,-0.322637,-19.579792,151.578011
58.939534,-0.773920,-0.334832,-1.616197,-0.539592,-19.540840,152.706239
59.583130,-0.858272,-0.330863,-1.459915,-0.677065,-19.485772,146.947800
60.368353,-1.559851,-0.342023,-0.034724,-0.424865,-19.586669,154.037008
58.663248,-1.160314,-0.334350,-1.879973,-0.268808,-19.529375,149.060118
57.873879,-1.176738,-0.332380,-1.464087,-0.506720,-19.493327,148.321935
59.386644,-1.474279,-0.340387,-0.881176,-0.276346,-19.532101,149.060747
60.441530,-1.119446,-0.342116,-0.369174,-0.961598,-19.516067,148.210093
67.856987,-0.343397,-0.336754,-1.863386,-0.139584,-19.335243,136.934723
61.386331,-1.241489,-0.335089,-1.093767,-0.271107,-19.473256,145.485577
57.989122,-0.779237,-0.346481,-1.374482,-0.722886,-19.567956,151.618093
60.074752,-0.750852,-0.352440,-1.976579,-0.196071,-19.557656,152.238623
51.449452,-1.890204,-0.332201,-1.037873,-0.787643,-19.404274,140.727226
52.773419,-1.377828,-0.339985,-1.079288,-1.184505,-19.461580,144.153585
62.709097,-1.017105,-0.343238,-1.567261,-0.293790,-19.424156,141.933693
58.947130,-0.857431,-0.340172,-1.323010,-1.318668,-19.416008,141.846661
58.683018,-1.552138,-0.344631,-0.692997,-0.453181,-19.525617,148.901967
57.266690,-0.880298,-0.342356,-1.611222,-0.800285,-19.527518,149.736552
55.325882,-1.270619,-0.346780,-1.442052,-0.437462,-19.605033,154.568328
58.571598,-1.148440,-0.326575,-1.306237,-0.874654,-19.375390,140.530160
56.612657,-2.218040,-0.344413,-1.111336,-0.252730,-19.488753,145.582852
60.794328,-0.881561,-0.354437,-0.502319,-0.202929,-19.550234,149.624965
56.774195,-1.424809,-0.343358,-1.132497,-0.570977,-19.500762,147.151273
59.963724,-1.215460,-0.346599,-1.237245,-0.250332,-19.522864,147.461129
56.114548,-1.337229,-0.333108,-0.656329,-1.178983,-19.510198,148.156728
57.671016,-1.310728,-0.328899,-1.598600,-0.445656,-19.461979,145.175071
54.728624,-1.240409,-0.349924,-0.917390,-1.170106,-19.523709,147.609314
50.041745,-1.296882,-0.344793,-1.855930,-1.080091,-19.415037,141.314212
58.297771,-0.922943,-0.326951,-1.305347,-0.777480,-19.505760,148.198961
55.142248,-1.778394,-0.330976,-0.981611,-0.391826,-19.568878,151.532612
61.931279,-0.414348,-0.350996,-1.901018,-0.670474,-19.488306,146.620066
60.356125,-1.362046,-0.336855,-0.543324,-0.217725,-19.543993,151.031646
65.729416,-0.153254,-0.335047,-1.483516,-1.097901,-19.396793,140.678351
58.165300,-1.112186,-0.334331,-1.758135,-0.463912,-19.484196,147.073452
56.882522,-1.412850,-0.337916,-1.120468,-0.422177,-19.543078,150.890428
60.441788,-1.733368,-0.346174,-1.880556,-0.117123,-19.465064,145.266754
63.766802,-1.755399,-0.330746,-1.274225,-0.129255,-19.380573,140.085107
58.354317,-1.394994,-0.354138,-0.888593,-0.542479,-19.513962,147.679011
53.506657,-2.238725,-0.361516,-0.640927,-0.405613,-19.645058,156.556025
56.752586,-1.503764,-0.335030,-0.769929,-0.587806,-19.542181,149.900951
61.928849,-0.441327,-0.346292,-0.645345,-0.431688,-19.522277,147.552300
58.510570,-1.889898,-0.339320,-0.943568,-0.269196,-19.508011,146.197539
63.065618,-1.325699,-0.349105,-0.815323,-0.114071,-19.459646,145.141530
60.697376,-1.736125,-0.343094,-0.472110,-0.426836,-19.483521,145.380282
64.412419,-0.554754,-0.336882,-0.015905,-0.684683,-19.442739,145.043918
59.774011,-1.357396,-0.340130,-0.692055,-0.594850,-19.483514,147.937622
58.362413,-1.059894,-0.360234,-1.766538,-0.490061,-19.502093,146.413583
64.699559,-1.308790,-0.326771,-0.013432,-0.324217,-19.445045,144.294610
62.691213,-0.438621,-0.343489,-1.575766,-1.292608,-19.436336,143.769891
56.452896,-1.096884,-0.332210,-1.370677,-0.755206,-19.509344,147.676775
54.476183,-1.266981,-0.341296,-1.268971,-0.761137,-19.539876,150.554213
62.671451,-0.429382,-0.345445,-1.950417,-0.328252,-19.480839,145.915750
52.797442,-1.493897,-0.341848,-1.266096,-0.741032,-19.514707,149.220940
65.643206,-1.434990,-0.350901,-0.385994,-0.233375,-19.375740,138.291782
58.468708,-1.626207,-0.329244,-0.931719,-0.531447,-19.422247,142.733621
65.169305,-1.561961,-0.326155,-0.355749,-0.146906,-19.404060,141.988355
60.090553,-1.254884,-0.350507,-0.170144,-0.619163,-19.569140,151.330688
56.580893,-0.809705,-0.338340,-1.152264,-1.335828,-19.550823,150.413719
57.719439,-1.072984,-0.324693,-1.368485,-1.150444,-19.348453,139.006368
59.265448,-1.059385,-0.342113,-0.741399,-0.302074,-19.582577,153.648726
60.282360,-0.505501,-0.335266,-1.484227,-1.389487,-19.493701,147.986186
54.210568,-1.829438,-0.351570,-1.010069,-0.463763,-19.564386,150.469260
51.268781,-1.714000,-0.346635,-1.381255,-0.655523,-19.485200,145.863167
62.758968,-0.622623,-0.337429,-1.341355,-0.332063,-19.468491,145.084063
55.342108,-2.534438,-0.326961,-1.403403,-0.124533,-19.563924,153.133215
65.517854,-0.045105,-0.346255,-1.041364,-0.789191,-19.402485,141.234552
50.040992,-1.413548,-0.323549,-1.802535,-0.655556,-19.525200,150.485831
64.120165,-0.315489,-0.330182,-1.063734,-1.186780,-19.433908,144.556071
63.403827,-0.190743,-0.346668,-1.592461,-0.885206,-19.468839,144.777620
52.977739,-1.815167,-0.334972,-1.213052,-0.562687,-19.468089,144.973103
60.837076,-1.235326,-0.349466,-0.068573,-0.348919,-19.559060,150.243642
60.235959,-0.270240,-0.332209,-1.584152,-0.717865,-19.573395,155.601692
61.949344,-0.214937,-0.334707,-1.315038,-1.081098,-19.507701,148.286065
59.488687,-1.470809,-0.338191,-0.408115,-0.526724,-19.545691,151.146639
54.889773,-1.631203,-0.335045,-1.142211,-0.381597,-19.585846,153.647600
58.277577,-1.118333,-0.329221,-1.806242,-0.437371,-19.471367,147.340138
58.629985,-1.163900,-0.343796,-1.597016,-0.329206,-19.529821,148.650277
60.539697,-0.659824,-0.345977,-0.629417,-1.115181,-19.533689,149.578130
65.096815,-0.914889,-0.339801,-1.503687,-0.207761,-19.378514,139.910125
59.664173,-1.156846,-0.334381,-1.710047,-0.495315,-19.415617,141.277878
58.388481,-0.710495,-0.347510,-1.174614,-0.702110,-19.582753,152.604888
60.756152,-0.644293,-0.349559,-1.798794,-0.398182,-19.522130,149.439944
52.621860,-1.769701,-0.333676,-1.064824,-0.789044,-19.415017,141.483348
50.441729,-1.396869,-0.343546,-1.038886,-1.401581,-19.489444,145.343567
61.744187,-0.997158,-0.344746,-1.601290,-0.334840,-19.447422,143.536375
58.362563,-0.944707,-0.339798,-1.318358,-1.215591,-19.414615,141.498904
57.958784,-2.071118,-0.340924,-1.118561,-0.228487,-19.492713,146.118315
58.438990,-0.971033,-0.349657,-1.413350,-0.870339,-19.459642,144.487978
51.959089,-1.454542,-0.353068,-1.723971,-0.505417,-19.604477,153.681820
56.798724,-1.251524,-0.327771,-1.026201,-1.030202,-19.416741,142.849607
56.871294,-2.210530,-0.342808,-1.134813,-0.244178,-19.487794,145.593035
62.231945,-0.245750,-0.347839,-0.983349,-0.829032,-19.502508,147.720873
56.656305,-2.224710,-0.341122,-0.867869,-0.231927,-19.546004,151.005623
60.827956,-1.183456,-0.348258,-1.340131,-0.194797,-19.509739,146.705541
55.531252,-1.324928,-0.330899,-0.601053,-1.436858,-19.500440,147.222047
56.409169,-1.303357,-0.325992,-1.715340,-0.472652,-19.474253,146.290086
58.708450,-0.896064,-0.346838,-1.353215,-0.785055,-19.502733,147.181811
53.658260,-1.268632,-0.341360,-1.560612,-0.817598,-19.484033,146.248540
58.904850,-0.926429,-0.334988,-1.060639,-0.901911,-19.493132,147.251669
54.598951,-1.290499,-0.332269,-1.326919,-0.518178,-19.589933,154.629662
62.178531,-0.329129,-0.353392,-1.991144,-0.811224,-19.486827,146.867114
59.010098,-1.341421,-0.335832,-0.593166,-0.386488,-19.565332,151.948603
63.755234,-0.266792,-0.337003,-1.483676,-1.090780,-19.449153,144.627591
57.748602,-1.109839,-0.337794,-1.784457,-0.365930,-19.541826,151.753065
59.457409,-1.672977,-0.349668,-0.570642,-0.235787,-19.561031,151.455938
60.457373,-1.732744,-0.346009,-1.858575,-0.124001,-19.464956,145.261916
63.134379,-1.938979,-0.331763,-1.956994,-0.118940,-19.345296,137.694524
59.680756,-1.561529,-0.355713,-0.496495,-0.372259,-19.539855,149.513494
55.629704,-1.927497,-0.353206,-0.627632,-0.449285,-19.599005,153.753268
57.994015,-1.651756,-0.337249,-0.664875,-0.390842,-19.554675,150.839108
62.081926,-0.430936,-0.351552,-0.677515,-0.447374,-19.518519,146.065905
55.310082,-2.541461,-0.334290,-0.845193,-0.272891,-19.522424,146.659112
64.349011,-1.330111,-0.349740,-0.601558,-0.160635,-19.420413,142.074548
59.408926,-2.599260,-0.327607,-0.703563,-0.247284,-19.421240,140.846038
64.067163,-0.456142,-0.336879,-0.088099,-0.693199,-19.455849,145.934372
60.286435,-1.316012,-0.336981,-0.820768,-0.426535,-19.484121,147.096357
54.558470,-1.240389,-0.346208,-1.509570,-0.765292,-19.501319,146.942963
63.604270,-1.321802,-0.332212,-0.061538,-0.379985,-19.474389,145.959384
62.624648,-0.507711,-0.341327,-1.741864,-1.184911,-19.407799,141.748659
56.664060,-1.069875,-0.338062,-1.518865,-0.623615,-19.532685,148.605835
57.935514,-0.956809,-0.345801,-1.015154,-0.780197,-19.551762,152.451833
62.167075,-0.637291,-0.344815,-1.745409,-0.337222,-19.479694,145.608923
53.352392,-1.457959,-0.343434,-1.168099,-0.739398,-19.535219,150.674022
61.566970,-1.956608,-0.357420,-0.764288,-0.132865,-19.477937,145.371208
58.168117,-1.302975,-0.335155,-1.145700,-0.599773,-19.463174,145.852745
62.931595,-1.496902,-0.336137,-0.685143,-0.172632,-19.454230,144.302693
61.354724,-1.207163,-0.352012,-0.001829,-0.630307,-19.557792,150.456401
51.735423,-0.906249,-0.340622,-1.575185,-1.409522,-19.591865,152.469933
57.326716,-1.103804,-0.325258,-1.360572,-1.094298,-19.366435,140.144536
59.926627,-0.740854,-0.339720,-0.953840,-0.114995,-19.589399,154.703724
60.997068,-0.435560,-0.335293,-1.526792,-1.424205,-19.489279,147.863771
55.836828,-1.751195,-0.354526,-0.850192,-0.444270,-19.574953,151.128681
52.006012,-1.568553,-0.348002,-1.363388,-0.783122,-19.470824,144.725720
64.817768,-0.416615,-0.336484,-1.206856,-0.404633,-19.418285,142.443715
54.979820,-2.600048,-0.325836,-1.436662,-0.118794,-19.568834,153.521274
65.517854,-0.045105,-0.346255,-1.041364,-0.789191,-19.402485,141.234552
50.131711,-1.400763,-0.323665,-1.797916,-0.673618,-19.523000,150.317282
65.686983,-0.392637,-0.327437,-1.257768,-1.091099,-19.360275,140.199494
63.574643,-0.171747,-0.347083,-1.859099,-0.868190,-19.460016,144.102771
52.864254,-1.813540,-0.335854,-1.189820,-0.588810,-19.465921,144.992731
61.052406,-1.185155,-0.350334,-0.018278,-0.357379,-19.558701,150.123146
60.337032,-0.499942,-0.336309,-1.575585,-0.640406,-19.539088,151.744760
64.213335,-0.064093,-0.337007,-1.457163,-0.848332,-19.447715,144.600206
57.119244,-1.475053,-0.348017,-0.590524,-0.710885,-19.561603,151.467062
55.469354,-1.342333,-0.344806,-0.687837,-0.614832,-19.642072,156.301382
58.329743,-1.195946,-0.331828,-1.644384,-0.440059,-19.469111,146.566497
63.674324,-0.092765,-0.344698,-0.843397,-0.877714,-19.461363,144.576171
58.064692,-1.001032,-0.351385,-0.828605,-0.908791,-19.549257,149.835400
65.347502,-0.958992,-0.341472,-1.490833,-0.148271,-19.382365,140.149735
58.096319,-1.122513,-0.329564,-1.970337,-0.602142,-19.408865,141.343377
61.367459,-0.459615,-0.334697,-1.002850,-0.817068,-19.520193,149.067544
60.802572,-0.790128,-0.338900,-1.481521,-0.550483,-19.478511,146.358469
50.887555,-1.948910,-0.333602,-0.974248,-0.789325,-19.431693,142.659087
51.091116,-1.375503,-0.342695,-1.063088,-1.333970,-19.487600,145.364510
62.494443,-0.632555,-0.340255,-1.870259,-0.331332,-19.468015,145.560287
58.764196,-1.002393,-0.339325,-1.310922,-1.074813,-19.406503,141.004295
57.955650,-2.094507,-0.341081,-1.102981,-0.222701,-19.492891,146.093202
55.354974,-1.171761,-0.341534,-1.411213,-1.072543,-19.418689,142.673921
57.869407,-1.004970,-0.345883,-1.811130,-0.469957,-19.531813,150.025177
56.672720,-1.323203,-0.325651,-0.995069,-1.001141,-19.404442,142.082616
57.068872,-2.246308,-0.343203,-1.158238,-0.242418,-19.458728,143.849009
63.203306,-0.046642,-0.347681,-0.908074,-1.079029,-19.476838,146.246586
56.771116,-2.180968,-0.342859,-0.932310,-0.215509,-19.559511,152.102967
60.224939,-1.156622,-0.352225,-1.243295,-0.190012,-19.538547,147.779970
62.236722,-1.285719,-0.343077,-0.547047,-0.568885,-19.439044,143.364453
56.516608,-1.265344,-0.327101,-1.739787,-0.489064,-19.477357,146.544852
60.108573,-0.667325,-0.352940,-1.143710,-0.810664,-19.521726,148.607782
57.733113,-1.055752,-0.334208,-1.642482,-0.749434,-19.441054,143.474544
59.760880,-0.977550,-0.335267,-0.760343,-1.018497,-19.480839,146.192501
53.580374,-1.422508,-0.332654,-1.103131,-0.711555,-19.555837,152.272478
63.678254,-0.232236,-0.350219,-1.897693,-0.758645,-19.452375,144.868534
57.412679,-1.253359,-0.335982,-0.870613,-0.438745,-19.590708,153.844382
65.076191,-0.265859,-0.334677,-1.322657,-1.226745,-19.401751,141.187400
57.131792,-1.075339,-0.338868,-1.870130,-0.397762,-19.557876,152.566052
62.323829,-1.699169,-0.344109,-1.157529,-0.104110,-19.454819,144.425611
57.247540,-2.001549,-0.352576,-1.836353,-0.132988,-19.541425,149.839118
60.328591,-1.537819,-0.330823,-1.613875,-0.222154,-19.434201,143.634515
62.280423,-1.518787,-0.342532,-0.352476,-0.346022,-19.475154,145.898792
57.481071,-1.652234,-0.350422,-0.540191,-0.550163,-19.558813,151.144420
58.690957,-1.626361,-0.336789,-0.642216,-0.369993,-19.544079,150.204387
60.826556,-0.377907,-0.342756,-0.745589,-0.988327,-19.549409,149.781532
57.554706,-1.943330,-0.341266,-0.714179,-0.352753,-19.529396,148.746864
63.787229,-1.396450,-0.345393,-0.860025,-0.174204,-19.413720,141.785132
60.364589,-2.059406,-0.338005,-0.850940,-0.217731,-19.451357,143.154516
63.535033,-0.507096,-0.344429,-0.027242,-0.850070,-19.476268,146.172216
61.245050,-1.314382,-0.339510,-0.351106,-0.311058,-19.524777,150.266517
51.008137,-1.389142,-0.338776,-1.676231,-0.599098,-19.596920,153.324869
64.955897,-1.408794,-0.320064,-0.068781,-0.332020,-19.426620,143.738280
64.322599,-0.396966,-0.338620,-1.901112,-1.269527,-19.377898,140.717503
57.280986,-0.894025,-0.340020,-1.524267,-0.583904,-19.581024,151.321254
59.798479,-0.790590,-0.348601,-1.363351,-0.461576,-19.537439,150.921777
64.091464,-0.369237,-0.342173,-1.960541,-0.296583,-19.445648,142.869372
56.366501,-1.372838,-0.344635,-1.298139,-0.507053,-19.520135,149.108091
62.373625,-1.808061,-0.351962,-0.720951,-0.103065,-19.473250,145.190475
58.584982,-1.238683,-0.337588,-1.139700,-0.570913,-19.478810,146.707036
62.830420,-1.403989,-0.320767,-0.157485,-0.178929,-19.490938,146.980610
61.802202,-1.241706,-0.346863,-0.042793,-0.581379,-19.536439,149.373019
51.901974,-0.932793,-0.339997,-1.583880,-1.355180,-19.585463,152.146438
59.210913,-1.224293,-0.330279,-1.007844,-0.794882,-19.423194,143.297659
59.927850,-0.799452,-0.341435,-0.999595,-0.460690,-19.549859,151.469255
61.971136,-0.303587,-0.335110,-1.540529,-1.492852,-19.491868,148.202810
51.919292,-1.869788,-0.360819,-0.892684,-0.652924,-19.598355,151.829487
52.432498,-1.575026,-0.348687,-1.417535,-0.716498,-19.471873,144.617877
65.874492,-0.041772,-0.340994,-1.620587,-0.537644,-19.393225,140.845925
56.076643,-2.463425,-0.331218,-1.420392,-0.136053,-19.535120,150.544572
62.765809,-0.382148,-0.351305,-0.189648,-1.000529,-19.493059,146.617884
52.326495,-1.418797,-0.327624,-1.805041,-0.559218,-19.511525,149.169552
65.680073,-0.191452,-0.335463,-1.821262,-1.450411,-19.380508,141.595677
63.192032,-0.047613,-0.354564,-1.850928,-0.834889,-19.482517,144.815639
53.877427,-1.625398,-0.332854,-1.144524,-0.684110,-19.458264,144.357347
60.009820,-1.400357,-0.349221,-0.480504,-0.336928,-19.545438,149.557425
64.784909,-0.238084,-0.330371,-1.667629,-0.943916,-19.413646,143.772445
63.962108,-0.063270,-0.336342,-1.005314,-0.928362,-19.460989,145.819134
60.625928,-0.554178,-0.355253,-0.233318,-1.067498,-19.552599,151.592921
57.739378,-0.981900,-0.332482,-1.211992,-0.909622,-19.493063,147.439676
56.804787,-1.073681,-0.334285,-1.977888,-0.449139,-19.534285,150.944431
63.050596,-0.086206,-0.349112,-0.531060,-0.859257,-19.487486,145.252483
59.761689,-0.751957,-0.360631,-0.046124,-1.267764,-19.603279,153.479332
63.303928,-0.315758,-0.351398,-1.718573,-0.297327,-19.464335,145.607755
58.649314,-0.947784,-0.340566,-1.865749,-0.460994,-19.510172,147.134715
60.155224,-0.241614,-0.335566,-1.437177,-0.951324,-19.581460,152.067438
59.277813,-1.387221,-0.332774,-1.918454,-0.234741,-19.471659,145.917901
50.937297,-1.944110,-0.333688,-0.976145,-0.791413,-19.431182,142.622015
52.594914,-1.394743,-0.338868,-1.005799,-1.224911,-19.464283,144.292951
67.525066,-0.219824,-0.330350,-1.966692,-0.204025,-19.332992,137.909801
61.860306,-0.889936,-0.352775,-1.392802,-1.249900,-19.318894,134.481446
58.468202,-2.165527,-0.342953,-1.384914,-0.173685,-19.461609,144.054046
56.207103,-1.234414,-0.342163,-1.298593,-1.019726,-19.393115,141.209894
57.983026,-0.966830,-0.346667,-1.800022,-0.483483,-19.530777,149.344353
55.658965,-1.272329,-0.326430,-1.065202,-1.103369,-19.417477,143.124900
59.133099,-1.527739,-0.344851,-0.879772,-0.449624,-19.475190,144.703846
63.362218,-0.025747,-0.347451,-0.896087,-1.088086,-19.474682,146.126272
58.112019,-2.050278,-0.342440,-0.678684,-0.262229,-19.542145,150.785555
62.093237,-0.585778,-0.346345,-1.351458,-0.602032,-19.474682,145.138391
60.150950,-1.377694,-0.342403,-0.806985,-0.586899,-19.439539,143.499728
55.764126,-1.412739,-0.325309,-1.921591,-0.390848,-19.474641,146.381960
61.942483,-0.356981,-0.352439,-0.862719,-1.247223,-19.498151,147.161594
58.369310,-0.995769,-0.336102,-1.672823,-0.645027,-19.469307,144.879216
58.457509,-0.959754,-0.331491,-1.146267,-0.845253,-19.498986,148.260398
57.072363,-1.349819,-0.342922,-0.939952,-0.604117,-19.532280,149.404586
62.902699,-0.212491,-0.348728,-1.234652,-1.125441,-19.481376,147.713518
55.941850,-1.362462,-0.332198,-0.990143,-0.410343,-19.619745,156.048774
66.165366,-0.272856,-0.341686,-1.150888,-1.241850,-19.370195,138.352813
55.450873,-1.183959,-0.339303,-1.852346,-0.512207,-19.530335,150.357491
61.895008,-1.628205,-0.342760,-1.243779,-0.139698,-19.456249,144.584995
57.598408,-1.859090,-0.359500,-1.979523,-0.130118,-19.543510,149.607796
57.604519,-1.954811,-0.316480,-1.991062,-0.206483,-19.380680,141.247971
64.478505,-1.679784,-0.345287,-0.374592,-0.302043,-19.399169,140.087033
55.314081,-2.055600,-0.348081,-0.727293,-0.498453,-19.521565,148.298119
59.442747,-1.194653,-0.333177,-1.109028,-0.191319,-19.570747,152.276177
62.109204,-0.074631,-0.327571,-0.659266,-1.278209,-19.528122,149.284148
61.237825,-1.748421,-0.357271,-0.746647,-0.174529,-19.496584,144.545264
63.663129,-1.672732,-0.342298,-1.076442,-0.120321,-19.407358,141.302364
60.578183,-1.875691,-0.339585,-0.706177,-0.314884,-19.454404,143.357204
63.784994,-0.067016,-0.355650,-0.458415,-0.426292,-19.455331,144.323373
62.387167,-1.424989,-0.340334,-0.076358,-0.274821,-19.506998,149.605503
50.547478,-1.393667,-0.339130,-1.706840,-0.632886,-19.588732,152.800531
62.803960,-1.463738,-0.329070,-0.484789,-0.361690,-19.438013,144.024258
59.665241,-0.722335,-0.340884,-1.669123,-1.186529,-19.438399,143.796588
58.448091,-0.629436,-0.347610,-1.179665,-0.903410,-19.579790,151.475621
61.071181,-0.517575,-0.345531,-1.837571,-0.370622,-19.522419,149.387386
63.581839,-0.490268,-0.343555,-1.939482,-0.261889,-19.451363,143.165783
51.936910,-1.713162,-0.339306,-1.999795,-0.330171,-19.556341,152.674836
62.435096,-1.819409,-0.352530,-0.696274,-0.100331,-19.472921,145.149913
59.627775,-1.571021,-0.342928,-1.918426,-0.103840,-19.526609,149.383424
61.955331,-1.531901,-0.335486,-0.204982,-0.213894,-19.517953,148.169541
60.790001,-1.930991,-0.346346,-0.007478,-0.296291,-19.576697,151.464315
53.985816,-0.838613,-0.342334,-1.569049,-1.325718,-19.567885,151.093387
60.004005,-1.302910,-0.344385,-0.944830,-0.821322,-19.384927,140.690217
60.790005,-0.849782,-0.340239,-1.056143,-0.598584,-19.496152,148.174817
62.147764,-0.142280,-0.336247,-1.505538,-1.365244,-19.511692,148.760100
58.005917,-0.906673,-0.344907,-1.045543,-0.881127,-19.544854,149.738000
51.162668,-1.452248,-0.347365,-1.469060,-0.891656,-19.472586,144.730699
63.680660,-0.093887,-0.339505,-1.665078,-0.417975,-19.465170,145.090590
56.174117,-2.437378,-0.331394,-1.398350,-0.141770,-19.535049,150.546808
62.131200,-0.039396,-0.356370,-0.397534,-1.095980,-19.520322,147.824570
54.599106,-1.458826,-0.313725,-1.874718,-0.498139,-19.407449,143.989874
64.089614,-0.234654,-0.346519,-1.774299,-1.103138,-19.425056,142.886872
62.583577,-0.364102,-0.358059,-1.939979,-0.392812,-19.491614,145.280139
52.253726,-1.819040,-0.331882,-1.112521,-0.685270,-19.443517,143.346033
60.358320,-1.439627,-0.353745,-0.205257,-0.339598,-19.562782,150.183812
65.059822,-0.134650,-0.327230,-1.848488,-1.195898,-19.421599,144.052216
61.607286,-0.256038,-0.338771,-0.075512,-1.381180,-19.537177,151.428474
60.741916,-0.504829,-0.352188,-0.132194,-1.270529,-19.556818,151.964129
58.797767,-0.880797,-0.331549,-1.177496,-0.884986,-19.499510,148.159627
55.539697,-1.169536,-0.335841,-1.862058,-0.559940,-19.511615,148.820552
64.983668,-0.131043,-0.345987,-1.371852,-0.381275,-19.423097,141.731279
59.965644,-0.907382,-0.354672,-0.200138,-1.091714,-19.578171,151.996937
61.986324,-0.482320,-0.346741,-1.989591,-0.473200,-19.490420,146.954756
57.057224,-0.938715,-0.334357,-1.668503,-0.818894,-19.491664,146.513422
59.947928,-0.289421,-0.344250,-1.166457,-0.869470,-19.582460,152.378683
60.193969,-1.557914,-0.332565,-1.869735,-0.151557,-19.465698,144.446980
50.977485,-1.935704,-0.333477,-0.991945,-0.784894,-19.432261,142.728489
51.069755,-1.417874,-0.337405,-0.987757,-1.447518,-19.446157,142.865358
60.351305,-1.322596,-0.327927,-1.254567,-0.204333,-19.499795,149.072731
58.592931,-1.127011,-0.347912,-1.313956,-0.909960,-19.401488,141.008531
57.546741,-2.310048,-0.341469,-1.472204,-0.167130,-19.465171,144.321203
54.828843,-1.301284,-0.346106,-1.242031,-1.062125,-19.421975,142.505264
59.810989,-0.805120,-0.347903,-1.932744,-0.301242,-19.535061,149.771115
53.935002,-1.311088,-0.328339,-1.036197,-1.384227,-19.385749,140.460480
57.571845,-1.929608,-0.343923,-0.959694,-0.339818,-19.489793,144.694765
63.001923,-0.241117,-0.345091,-1.012097,-0.805408,-19.483306,146.683538
57.799233,-2.049081,-0.341025,-0.821654,-0.255538,-19.532983,150.296502
65.051075,-0.499576,-0.345509,-1.388233,-0.459538,-19.396329,139.821590
64.705533,-1.450262,-0.354220,-0.151936,-0.489714,-19.414686,140.779485
58.638800,-1.195824,-0.334092,-1.569512,-0.419836,-19.480768,147.127849
61.505390,-0.298670,-0.344406,-1.422161,-1.259170,-19.515277,148.639580
58.594487,-0.956988,-0.333179,-1.682518,-0.800276,-19.432311,142.646984
62.451384,-0.523391,-0.331175,-1.167715,-0.845497,-19.468921,146.932269
50.525185,-1.571115,-0.346075,-0.751024,-0.919232,-19.687968,159.721357
58.944508,-0.374637,-0.345913,-0.176566,-1.173510,-19.628443,157.640800
56.772416,-1.237318,-0.331799,-1.216501,-0.468902,-19.565581,152.344612
67.460610,-0.128542,-0.339245,-0.978633,-1.452615,-19.335787,136.138032
56.958778,-1.029111,-0.342511,-1.962260,-0.449388,-19.547737,151.812153
59.031509,-1.738929,-0.332286,-1.590780,-0.150032,-19.500078,148.411403
59.839320,-1.321154,-0.355724,-1.944985,-0.159680,-19.517679,147.739780
57.517316,-2.066353,-0.323655,-1.723561,-0.194089,-19.426925,143.639429
65.444964,-1.872586,-0.345187,-0.177156,-0.178537,-19.394769,139.582053
57.614481,-1.701599,-0.344342,-0.721938,-0.548192,-19.500273,146.944807
53.714712,-1.522804,-0.323490,-0.832815,-0.738166,-19.578456,154.342605
60.939841,-0.178646,-0.335464,-0.575468,-0.869177,-19.562853,151.982142
57.447327,-2.003887,-0.347945,-1.088265,-0.180921,-19.557249,149.320139
63.395916,-1.676520,-0.341476,-1.120511,-0.130744,-19.407808,141.441226
60.307231,-1.730003,-0.338317,-0.718032,-0.354074,-19.468779,144.511306
63.894398,-0.091308,-0.344788,-0.912295,-0.801978,-19.456059,145.196813
63.615345,-1.671383,-0.343408,-0.126076,-0.142359,-19.461771,145.486640
58.607163,-1.313934,-0.343334,-0.996632,-0.253653,-19.584662,151.782409
64.263027,-1.192983,-0.334617,-0.236422,-0.362702,-19.431079,143.384346
60.216458,-0.611655,-0.342195,-0.994704,-1.305243,-19.506490,148.351840
60.338220,-0.140798,-0.347205,-1.685470,-1.151460,-19.579797,151.093948
61.305796,-0.354279,-0.343342,-1.670402,-0.532431,-19.526338,150.092242
62.841045,-0.523114,-0.342962,-1.796887,-0.235991,-19.479020,145.379796
53.001284,-1.741654,-0.343134,-1.997518,-0.291179,-19.554159,152.111304
61.468932,-1.721195,-0.346679,-1.216479,-0.107886,-19.479670,145.964408
59.679979,-1.569394,-0.343176,-1.918087,-0.100924,-19.527749,149.461793
61.909499,-1.518029,-0.335369,-0.290850,-0.204229,-19.515200,148.063493
59.888392,-1.909858,-0.348790,-0.229737,-0.412186,-19.554999,150.157390
54.365502,-0.844389,-0.341739,-1.576384,-1.264451,-19.562039,150.866925
57.610833,-1.335677,-0.342075,-1.180149,-0.832748,-19.394638,141.314630
62.619438,-0.073225,-0.340974,-0.352917,-1.075129,-19.494970,148.395922
62.058744,-0.208185,-0.339099,-1.145278,-1.251521,-19.519160,149.402403
63.275861,-0.683335,-0.341551,-0.676371,-0.925382,-19.438048,142.903746
51.049292,-1.446242,-0.347251,-1.488423,-0.894104,-19.473242,144.781571
64.170523,-0.006310,-0.337137,-1.659401,-0.324101,-19.449233,144.740434
54.191484,-2.799267,-0.335465,-1.117050,-0.112311,-19.647162,157.292950
62.253100,-0.175391,-0.348833,-0.729501,-1.140313,-19.508954,147.905030
55.990516,-1.268509,-0.332158,-1.555379,-0.623926,-19.465197,145.913612
62.709055,-0.463538,-0.352024,-1.698662,-0.798440,-19.449936,142.786960
61.261492,-0.445311,-0.350992,-1.663782,-0.819453,-19.507383,146.485019
52.342515,-1.839982,-0.329056,-1.102053,-0.652541,-19.449537,143.605358
59.627484,-1.472673,-0.355084,-0.276951,-0.359652,-19.574614,150.448697
64.028297,-0.146689,-0.330039,-1.809369,-1.248411,-19.446157,145.548612
61.880730,-0.321383,-0.338716,-0.172134,-1.287194,-19.530769,150.950271
60.619197,-0.114155,-0.356096,-0.732693,-1.122052,-19.560994,151.624788
60.223399,-0.633448,-0.335253,-0.915671,-1.213814,-19.521855,149.430729
56.963618,-0.936388,-0.337436,-1.749494,-0.693159,-19.525243,149.448764
63.394697,-0.399558,-0.346398,-0.564249,-0.447631,-19.465558,144.294658
59.867563,-0.775205,-0.347248,-0.125834,-1.220221,-19.592608,152.819351
61.986324,-0.482320,-0.346741,-1.989591,-0.473200,-19.490420,146.954756
59.640416,-0.839805,-0.329997,-1.823858,-0.714590,-19.442893,143.269288
61.287082,-0.217979,-0.351700,-0.158083,-0.649944,-19.547659,150.188779
57.869586,-1.602109,-0.334924,-1.931153,-0.204400,-19.490992,146.820229
52.489007,-1.865253,-0.337056,-1.057435,-0.663685,-19.456730,144.290963
51.542224,-1.405278,-0.337166,-0.994600,-1.376634,-19.453188,143.396389
60.426030,-0.996800,-0.333893,-1.309119,-0.275269,-19.517437,149.653331
58.197233,-1.030401,-0.343074,-1.445787,-0.805147,-19.455932,144.863403
57.109692,-2.445875,-0.340902,-1.294671,-0.186771,-19.461719,144.083879
51.187159,-1.067342,-0.339359,-1.940818,-1.254386,-19.444932,144.294832
58.526515,-1.424264,-0.335249,-1.923448,-0.250471,-19.478283,146.563430
54.979383,-1.217582,-0.330946,-1.158000,-1.223343,-19.411603,142.101388
55.720117,-1.956721,-0.340883,-1.113606,-0.434228,-19.447224,141.795584
64.050445,-0.630913,-0.339753,-1.264707,-0.655689,-19.403026,141.497402
58.510726,-1.829453,-0.338418,-0.750660,-0.361732,-19.492506,148.086947
64.107125,-0.326689,-0.347733,-1.289460,-0.600944,-19.437979,142.649156
63.199339,-1.469743,-0.352077,-0.248274,-0.514651,-19.442772,142.810212
58.111048,-1.809087,-0.332908,-1.917829,-0.169449,-19.471118,146.492889
60.518844,-0.548466,-0.336392,-1.626369,-1.302025,-19.466673,146.999843
61.175046,-0.679729,-0.347118,-1.516684,-0.980518,-19.448146,142.139001
64.385290,-0.465537,-0.331305,-1.444304,-0.750956,-19.403573,142.220639
51.268100,-1.330599,-0.342106,-1.018355,-1.192578,-19.562692,151.111418
59.833807,-0.417691,-0.347109,-0.962935,-1.156093,-19.573015,153.063578
58.247142,-1.360101,-0.335153,-1.222064,-0.458066,-19.486868,146.461480
63.717128,-0.090837,-0.345581,-0.585543,-1.441544,-19.459837,144.356189
56.883815,-1.010205,-0.340661,-1.955907,-0.472787,-19.546084,151.888804
59.562244,-1.717597,-0.320927,-1.872319,-0.122080,-19.487528,149.530253
59.777797,-1.359027,-0.356923,-1.902276,-0.152325,-19.518449,147.647192
57.869783,-1.913236,-0.326246,-1.575249,-0.226132,-19.437675,144.230067
62.933902,-1.819917,-0.343543,-0.803045,-0.245231,-19.393557,139.455585
59.109838,-1.324401,-0.345160,-0.602580,-0.644172,-19.519268,148.723806
60.213244,-1.652550,-0.336698,-0.555544,-0.350494,-19.511539,148.719428
60.655773,-0.149003,-0.329608,-0.392762,-0.304788,-19.579060,153.887673
58.138049,-1.919108,-0.343720,-1.312931,-0.174874,-19.517545,147.646133
63.457771,-1.125819,-0.349027,-0.904880,-0.351602,-19.409230,140.548145
58.829468,-1.792766,-0.338178,-1.347192,-0.187281,-19.501415,147.160591
64.314607,-0.612599,-0.347138,-0.923695,-0.385467,-19.415374,142.027687
60.762470,-1.649650,-0.335194,-0.719206,-0.165057,-19.516621,150.010534
60.693778,-1.349380,-0.343685,-0.974605,-0.267988,-19.497015,146.102780
64.500584,-1.166742,-0.333149,-0.096660,-0.496236,-19.437503,144.226358
60.590612,-0.620028,-0.342535,-1.064205,-1.172212,-19.495524,147.685524
60.736815,-0.165383,-0.349880,-1.773333,-1.170196,-19.557820,149.162559
62.708991,-0.823195,-0.352557,-1.281549,-0.103535,-19.474286,146.027375
63.247260,-0.297265,-0.341783,-1.847073,-0.497635,-19.466593,144.858286
51.896250,-1.619945,-0.342256,-1.618533,-0.512338,-19.525906,150.291236
61.603906,-1.721737,-0.346844,-1.213154,-0.102582,-19.477947,145.878324
59.714741,-1.576467,-0.343306,-1.893704,-0.101533,-19.526649,149.366655
60.978509,-1.428307,-0.337130,-0.825761,-0.233563,-19.498785,146.999167
58.585630,-1.841351,-0.348499,-0.325804,-0.519835,-19.563967,150.796975
52.997655,-0.875344,-0.340466,-1.586935,-1.320825,-19.584984,152.662424
57.706212,-1.250388,-0.340197,-1.091431,-0.972377,-19.402500,141.637393
62.087392,-0.315019,-0.340154,-1.021360,-0.990860,-19.499572,147.621146
61.829664,-0.162418,-0.338372,-1.182606,-1.284732,-19.519429,149.240128
64.940195,-0.905155,-0.343959,-0.338301,-0.918544,-19.387919,138.607417
51.385265,-1.455100,-0.346286,-1.466873,-0.872430,-19.478583,145.163725
62.688892,-0.117727,-0.340364,-1.526167,-0.128259,-19.497837,147.935787
57.901650,-2.290710,-0.337835,-0.695029,-0.119662,-19.604780,154.669453
61.575203,-0.067112,-0.355128,-0.668017,-1.003765,-19.540676,149.029970
60.018431,-0.927199,-0.335693,-1.399544,-0.713270,-19.442468,144.106503
64.879707,-0.097003,-0.348222,-1.740786,-1.022155,-19.421613,141.817640
62.400404,-0.369469,-0.352414,-1.515059,-0.617094,-19.486228,144.162942
52.195503,-1.864621,-0.329046,-1.101411,-0.645631,-19.448569,143.504062
63.222710,-1.838443,-0.343684,-0.305675,-0.139349,-19.464514,143.674915
61.438201,-0.148051,-0.322369,-0.729024,-1.469264,-19.541853,153.554202
62.193392,-0.723159,-0.342180,-0.099121,-0.802367,-19.512501,148.802889
60.191562,-0.296174,-0.351965,-1.022780,-1.411386,-19.569973,152.884032
62.235000,-0.260231,-0.340633,-0.600452,-1.329950,-19.510871,148.521920
59.238536,-0.471020,-0.336152,-1.963225,-0.802912,-19.562090,151.834244
63.959728,-0.691200,-0.345563,-0.207284,-0.336795,-19.452952,143.591173
58.368801,-1.011146,-0.344247,-0.781333,-0.938497,-19.532507,149.327158
60.490672,-0.495653,-0.358223,-1.884080,-0.664865,-19.527517,147.873739
58.321162,-1.161019,-0.335598,-1.466361,-0.664910,-19.433253,142.896699
59.875467,-0.039623,-0.357701,-0.188359,-0.421972,-19.594998,152.741648
56.922945,-1.749803,-0.337201,-1.953968,-0.194094,-19.508422,147.186094
51.824729,-1.598237,-0.334240,-1.268609,-0.837901,-19.429266,143.616984
51.476124,-1.401373,-0.337061,-1.000719,-1.384590,-19.452166,143.328117
61.234285,-0.840714,-0.333677,-0.882486,-0.333143,-19.517295,150.120165
57.295575,-1.121714,-0.345032,-1.515212,-0.770947,-19.450644,144.564529
56.253282,-2.904013,-0.340740,-1.282151,-0.175035,-19.424091,141.788763
51.826836,-1.111587,-0.336436,-1.758709,-1.147454,-19.467004,145.704399
58.626506,-1.360564,-0.336418,-1.939249,-0.257450,-19.483434,146.855412
55.237922,-1.153842,-0.329646,-1.209558,-1.282989,-19.405401,141.721688
56.584010,-1.760218,-0.341723,-1.104378,-0.482981,-19.451906,142.272548
65.407325,-0.489512,-0.336758,-1.311946,-0.695026,-19.373488,139.940982
58.751150,-1.765451,-0.338579,-0.761718,-0.388905,-19.489946,147.879236
64.718033,-0.190668,-0.350664,-1.074195,-0.718986,-19.426303,141.630695
63.122476,-1.653875,-0.351124,-0.181034,-0.423369,-19.456198,143.425497
57.137636,-1.878919,-0.335863,-1.906924,-0.222751,-19.442952,144.025715
60.746412,-0.480734,-0.338068,-1.717157,-1.360220,-19.480538,147.848797
61.524468,-0.605270,-0.341555,-1.238997,-1.042114,-19.470278,143.811645
64.536748,-0.572009,-0.326912,-1.815013,-0.736353,-19.360010,139.295337
50.174129,-1.268458,-0.346232,-1.043699,-1.259129,-19.619911,154.754043
59.274428,-0.546370,-0.341938,-0.715769,-1.306354,-19.581393,153.160973
58.495163,-1.569809,-0.338352,-1.027382,-0.406666,-19.480981,145.413552
62.546794,-0.233563,-0.342502,-0.235137,-1.440665,-19.500752,147.708397
58.342673,-0.827959,-0.341172,-1.951377,-0.566910,-19.523536,150.078184
59.541322,-1.788352,-0.324439,-1.945334,-0.114540,-19.485762,149.267948
60.638998,-1.437557,-0.338607,-1.436089,-0.146233,-19.497579,147.741435
55.122596,-2.300350,-0.315046,-1.904818,-0.164448,-19.451659,146.040187
60.592143,-1.992571,-0.338810,-1.199707,-0.194152,-19.421138,141.976943
59.393176,-1.494778,-0.344099,-0.671248,-0.454178,-19.501537,147.848726
61.218510,-1.650271,-0.336745,-0.612414,-0.175664,-19.506593,148.176934
61.878010,-0.239905,-0.330238,-0.456217,-0.288095,-19.533291,150.635981
56.737787,-2.161507,-0.348850,-1.292244,-0.167893,-19.558481,149.630282
61.756406,-1.711348,-0.352961,-0.664776,-0.420671,-19.410820,139.222802
58.709720,-2.089635,-0.336082,-0.793892,-0.204861,-19.523934,148.680921
63.710875,-0.734310,-0.345380,-1.209273,-0.229522,-19.437595,143.383136
61.491887,-1.156794,-0.337404,-0.853730,-0.177447,-19.508451,149.540651
60.080850,-1.567253,-0.342437,-0.843793,-0.209253,-19.522342,147.748188
62.940644,-1.439755,-0.329491,-0.246388,-0.293192,-19.476976,147.099853
60.768249,-0.555588,-0.346444,-0.745650,-1.360457,-19.519535,148.864470
58.465482,-0.388990,-0.345247,-1.608720,-1.111586,-19.607571,153.336516
57.327709,-1.465533,-0.345077,-1.225087,-0.324804,-19.545601,151.092639
63.299605,-0.378046,-0.342995,-1.778688,-0.500410,-19.466284,144.730614
52.601385,-2.180493,-0.342466,-1.247556,-0.383255,-19.487208,147.405296
61.913999,-1.694944,-0.349724,-1.180647,-0.102330,-19.474615,145.382144
59.714741,-1.576467,-0.343306,-1.893704,-0.101533,-19.526649,149.366655
60.975946,-1.435894,-0.337873,-0.891239,-0.139153,-19.514728,148.118176
59.214718,-1.743059,-0.347875,-0.321788,-0.562549,-19.544375,149.466787
53.372025,-0.885124,-0.339520,-1.543848,-1.322455,-19.571691,151.867611
57.885028,-1.316035,-0.344770,-1.042488,-0.858675,-19.423871,142.463912
60.271031,-0.523330,-0.335159,-1.350514,-0.699165,-19.538398,150.947321
58.878954,-0.495324,-0.339405,-0.874349,-0.896241,-19.602743,155.382096
66.091537,-0.735226,-0.344161,-0.433610,-0.975554,-19.354914,136.104852
54.404387,-1.441932,-0.345868,-1.267658,-0.698679,-19.496622,146.321639
62.675449,-0.093070,-0.341333,-1.449880,-0.145614,-19.502531,148.175746
62.668536,-1.251399,-0.333774,-0.448301,-0.153558,-19.491113,146.684830
61.639273,-0.045129,-0.356426,-1.342229,-1.144734,-19.527337,147.926651
58.240843,-0.823698,-0.343278,-0.971168,-1.287032,-19.518738,149.577624
63.283247,-0.374674,-0.348006,-1.549840,-0.964031,-19.445338,142.904283
61.393191,-0.785969,-0.345515,-1.593299,-0.412775,-19.478289,145.170984
54.277689,-1.927128,-0.334633,-1.097096,-0.476275,-19.475448,145.017522
59.716973,-1.666234,-0.340199,-0.645336,-0.493674,-19.468404,144.313792
63.556371,-0.531819,-0.321503,-0.915459,-0.455856,-19.455833,146.086635
62.523885,-0.790048,-0.343007,-0.355613,-0.685718,-19.483233,146.586000
59.682866,-0.414649,-0.355237,-1.291006,-1.260668,-19.560846,151.383732
63.667539,-0.362583,-0.343205,-0.193219,-1.304648,-19.469502,145.320003
58.946440,-0.629375,-0.333004,-1.873346,-0.777123,-19.532712,150.423824
64.040628,-0.688074,-0.341945,-0.553195,-0.382700,-19.444194,143.175051
59.286916,-0.902672,-0.345885,-1.136466,-0.784530,-19.502771,147.888954
60.181902,-0.564583,-0.356106,-1.948790,-0.616467,-19.526250,148.037181
57.626201,-0.897430,-0.330328,-1.130378,-1.041893,-19.511314,148.885416
60.507022,-0.137128,-0.355834,-0.102828,-0.364702,-19.575134,151.461245
57.404840,-1.779195,-0.338122,-1.867262,-0.204045,-19.483610,145.893081
51.983461,-1.577553,-0.335286,-1.264199,-0.833984,-19.435551,144.018712
50.988289,-1.404226,-0.338261,-0.990020,-1.387868,-19.475643,144.888822
62.761185,-0.477043,-0.337044,-1.101732,-0.184383,-19.490005,148.435181
58.214978,-1.313287,-0.344438,-1.221140,-0.658140,-19.433391,143.167044
58.400298,-1.941965,-0.337238,-1.116576,-0.261005,-19.465873,145.765935
53.213584,-1.150167,-0.340059,-1.569082,-0.971012,-19.503020,147.903227
58.612439,-1.320781,-0.336037,-1.831389,-0.314467,-19.473174,146.131058
54.747162,-1.189077,-0.331369,-1.180226,-1.268871,-19.421109,142.572800
57.116303,-1.531537,-0.342193,-0.944075,-0.672700,-19.459237,142.780162
63.141049,-0.886805,-0.345020,-1.196083,-0.518629,-19.407124,140.777880
58.768180,-1.750531,-0.338796,-0.761481,-0.394901,-19.490591,147.891544
63.686206,-1.180738,-0.344681,-0.543287,-0.522677,-19.403242,141.443226
60.505953,-1.732917,-0.343463,-0.502236,-0.348654,-19.493589,146.855117
58.112454,-1.899384,-0.341997,-1.659802,-0.234703,-19.430602,142.368302
62.875884,-0.102861,-0.340459,-1.384541,-1.256898,-19.489162,147.848680
62.140425,-0.611278,-0.341987,-1.211052,-1.123210,-19.446259,141.400716
64.833963,-0.688700,-0.334228,-1.508388,-0.533010,-19.369716,139.424372
57.350802,-1.099904,-0.344207,-0.726961,-0.985248,-19.553066,150.315372
58.515984,-0.761648,-0.335216,-0.078557,-1.211524,-19.648529,157.644093
58.835549,-1.474485,-0.338317,-1.151507,-0.378406,-19.488024,145.266593
63.081058,-0.298649,-0.341221,-0.060324,-1.293741,-19.493341,147.361902
59.685687,-0.644233,-0.341184,-1.943859,-0.745357,-19.505147,148.248105
59.899345,-1.764738,-0.333350,-1.925136,-0.103606,-19.496457,148.874726
61.227603,-1.112367,-0.338631,-1.396191,-0.182867,-19.503584,148.389022
55.794065,-2.184185,-0.323631,-1.336918,-0.209710,-19.508141,149.255035
60.889517,-1.991204,-0.339078,-1.228713,-0.183349,-19.414636,141.438164
60.756094,-1.424784,-0.352861,-0.336755,-0.626242,-19.511849,147.976447
61.103533,-2.799583,-0.345309,-0.499769,-0.139200,-19.475011,144.628373
61.356876,-0.066559,-0.326570,-0.377917,-0.313092,-19.555360,152.334551
55.489974,-2.235418,-0.344337,-1.321484,-0.203185,-19.542017,149.363285
61.660032,-1.713963,-0.352804,-0.612466,-0.394102,-19.430230,140.734004
55.216870,-3.931958,-0.350564,-0.455892,-0.119509,-19.655173,156.373215
66.566586,-0.135871,-0.348584,-1.936967,-0.124385,-19.368231,139.509539
62.060679,-1.041350,-0.332604,-0.796189,-0.133295,-19.502029,149.969790
58.208423,-2.030597,-0.344395,-1.492159,-0.150654,-19.512523,145.731063
63.409057,-1.288486,-0.324673,-0.354628,-0.244601,-19.463016,146.425740
61.594059,-0.460625,-0.346552,-0.593398,-1.412555,-19.510433,148.449701
57.674241,-0.419180,-0.345608,-1.570263,-0.980167,-19.629127,155.838852
58.639997,-1.729200,-0.347186,-0.625219,-0.277332,-19.569335,152.089222
62.490006,-0.409104,-0.342955,-1.583765,-0.497352,-19.487912,146.940838
51.827004,-2.299139,-0.342316,-1.258024,-0.371713,-19.489226,147.588655
61.918661,-1.678537,-0.349622,-1.182460,-0.104154,-19.474979,145.417383
61.194157,-1.013743,-0.339545,-1.434164,-0.142640,-19.524871,149.781695
63.943284,-0.527290,-0.339220,-1.036195,-0.245454,-19.450668,143.827190
61.594674,-1.740156,-0.345933,-0.005682,-0.621647,-19.548892,150.299266
54.602805,-0.923813,-0.340734,-1.390004,-1.189228,-19.562928,151.381603
54.786831,-1.203931,-0.342733,-1.300637,-1.153166,-19.427657,142.546760
57.787267,-0.609510,-0.324605,-1.922929,-0.663018,-19.591714,155.466519
60.855432,-0.090945,-0.338383,-1.204027,-1.095891,-19.557978,152.600553
64.089263,-0.642690,-0.341672,-0.342564,-0.983150,-19.430526,142.471858
54.383227,-1.566776,-0.347962,-1.134297,-0.646319,-19.510157,146.299051
62.463184,-0.203123,-0.340561,-1.357316,-0.267617,-19.503553,148.328790
62.546270,-1.219097,-0.330856,-0.424478,-0.116229,-19.500907,147.370931
62.568266,-0.132421,-0.351980,-1.054465,-1.200693,-19.505228,145.769296
62.538600,-0.539522,-0.337192,-0.780907,-1.382535,-19.452055,146.352893
63.351049,-0.303448,-0.341255,-1.522400,-1.043864,-19.462676,144.161868
61.914965,-0.733832,-0.345898,-1.737526,-0.358806,-19.472147,144.744533
53.334667,-2.092645,-0.333213,-1.053251,-0.456551,-19.476062,145.035812
60.225298,-1.550436,-0.339851,-0.672772,-0.478602,-19.461679,144.225772
62.361756,-0.869079,-0.328672,-1.004083,-0.495674,-19.457668,145.398062
64.222704,-0.591453,-0.338530,-0.239610,-0.237781,-19.447669,144.647045
57.770675,-0.528089,-0.360417,-1.264199,-1.317645,-19.601615,154.068318
61.696206,-0.700285,-0.341159,-0.912617,-0.928240,-19.469722,145.270625
59.041704,-0.558711,-0.339955,-1.925395,-0.888625,-19.540607,150.752319
63.736688,-0.258406,-0.346056,-0.612438,-0.855515,-19.456690,144.459364
59.924150,-1.090270,-0.355953,-0.665333,-0.845622,-19.492292,146.629039
61.984088,-0.288214,-0.352884,-1.432809,-0.786702,-19.509111,147.592167
59.042016,-0.824016,-0.331051,-1.039377,-1.058404,-19.495578,147.755829
61.639809,-0.516692,-0.354782,-0.297475,-0.425440,-19.538127,149.687648
58.039854,-1.713116,-0.335778,-1.944797,-0.192375,-19.474868,145.883605
51.552292,-1.366794,-0.336213,-1.417439,-0.971005,-19.464185,145.753994
51.368944,-1.418133,-0.338382,-0.975625,-1.343413,-19.476185,144.999849
62.039123,-0.240658,-0.339103,-1.554276,-0.384353,-19.515351,149.486882
59.617595,-0.957331,-0.343929,-0.710028,-1.013967,-19.499518,147.728699
58.417870,-1.996222,-0.336551,-1.023689,-0.276997,-19.460413,145.437149
53.347010,-1.143698,-0.339936,-1.567618,-0.963092,-19.503767,147.963101
58.485030,-1.370565,-0.336333,-1.830530,-0.302943,-19.474766,146.131696
54.399177,-1.166523,-0.330163,-1.202848,-1.321985,-19.419055,142.475364
59.177717,-1.627077,-0.341720,-0.761433,-0.456924,-19.478351,145.762514
64.502204,-0.141220,-0.348847,-1.020506,-0.654914,-19.428354,142.749785
60.018247,-1.661501,-0.343359,-0.657731,-0.417098,-19.474603,145.931304
61.116595,-1.545905,-0.341420,-0.683082,-0.393697,-19.459768,144.601503
62.000151,-1.798717,-0.348055,-0.106190,-0.267342,-19.520818,148.270650
57.424906,-2.242496,-0.342355,-1.554419,-0.190580,-19.437072,142.561049
62.318014,-0.125983,-0.343277,-1.374352,-1.347283,-19.505445,148.401661
60.795847,-0.601318,-0.343131,-1.396520,-0.931134,-19.492171,145.855731
64.667972,-0.294104,-0.343427,-1.946900,-0.605793,-19.412300,141.801621
52.772110,-1.482595,-0.340816,-1.535008,-0.574978,-19.534336,148.715190
59.632331,-0.766894,-0.336471,-0.085141,-1.158267,-19.608614,154.896770
59.419885,-1.453702,-0.340569,-0.820893,-0.487582,-19.480239,144.566477
63.171769,-0.405810,-0.340009,-0.010164,-1.168840,-19.485809,147.011159
60.964956,-0.777973,-0.350373,-1.694300,-0.690453,-19.444258,143.251098
60.116520,-1.637252,-0.331216,-1.791275,-0.106687,-19.499667,149.505959
58.240947,-1.215266,-0.339642,-1.272890,-0.486227,-19.505184,147.942412
57.016495,-2.020275,-0.329435,-1.219912,-0.221940,-19.510221,148.984422
62.012750,-1.634925,-0.339960,-1.275456,-0.150047,-19.439889,143.604290
61.066280,-1.549445,-0.352909,-0.510216,-0.299553,-19.493928,146.974660
62.354786,-3.177464,-0.352452,-0.297964,-0.116730,-19.467890,143.256716
60.740390,-0.187208,-0.326718,-0.615301,-0.273613,-19.580083,153.338074
58.687062,-1.913908,-0.346359,-1.043321,-0.186127,-19.531196,148.965804
62.402881,-0.672184,-0.342658,-1.248705,-0.409027,-19.468044,145.225213
54.588318,-4.025263,-0.350447,-0.454770,-0.119802,-19.671804,157.509861
67.900626,-0.005116,-0.346645,-1.955645,-0.230392,-19.328942,137.011258
62.518375,-0.868431,-0.340962,-0.691783,-0.205131,-19.488658,147.670764
60.889720,-1.186682,-0.345238,-1.630572,-0.269562,-19.467734,143.687032
62.244382,-1.211579,-0.332202,-0.388412,-0.277549,-19.492687,147.989165
61.623411,-0.568561,-0.345150,-0.754819,-1.168615,-19.494482,147.170770
58.382024,-0.709774,-0.343141,-1.435254,-0.775702,-19.562362,151.217442
57.180560,-1.996031,-0.340904,-1.120510,-0.152383,-19.582400,153.845363
65.515271,-0.012349,-0.328390,-1.838425,-0.372976,-19.408078,143.088451
52.619604,-2.213662,-0.338996,-1.168331,-0.393892,-19.490157,146.896150
61.463422,-1.682574,-0.348028,-1.331276,-0.118969,-19.469296,145.123222
61.120307,-0.834336,-0.339216,-1.502555,-0.148071,-19.531121,149.868072
64.071443,-0.640250,-0.347148,-1.610309,-0.360572,-19.415287,141.251590
60.722547,-1.470133,-0.342507,-0.134344,-0.670901,-19.548531,150.636236
52.969023,-0.959017,-0.341278,-1.349406,-1.384899,-19.571844,151.463982
57.968582,-1.285472,-0.346522,-1.088417,-0.909143,-19.406587,141.272187
58.639371,-0.590033,-0.330076,-1.757829,-0.782780,-19.561886,152.664388
60.982770,-0.438085,-0.340009,-1.768362,-0.779595,-19.527097,149.722053
65.242875,-0.024806,-0.342480,-0.366297,-1.148370,-19.411584,141.219648
54.000057,-1.572487,-0.346733,-1.167290,-0.658896,-19.511510,146.438135
62.155183,-0.095858,-0.340729,-1.376789,-0.182604,-19.518994,149.644336
62.162243,-1.499540,-0.337013,-0.718316,-0.116064,-19.495715,146.687846
59.118698,-1.035802,-0.348301,-1.318709,-0.640047,-19.479591,144.766596
62.925674,-0.526208,-0.336974,-0.822183,-1.404029,-19.440777,145.763317
63.925605,-0.029278,-0.342649,-1.661248,-1.138887,-19.463474,143.787260
62.781892,-0.861818,-0.341573,-1.716349,-0.242230,-19.444444,143.758491
53.635253,-2.106257,-0.335141,-1.073156,-0.416391,-19.491224,146.121979
60.857666,-1.539096,-0.339609,-0.632567,-0.447793,-19.459339,144.024181
64.018132,-0.115316,-0.329079,-0.807014,-0.766828,-19.455185,145.295600
65.147928,-0.013924,-0.330456,-0.084006,-0.396726,-19.422080,143.248209
60.789121,-0.411143,-0.347725,-1.478659,-0.841046,-19.528344,149.772948
61.998189,-0.642734,-0.339896,-1.529959,-0.603501,-19.468751,144.825223
58.996397,-0.657312,-0.349347,-1.860869,-0.975685,-19.506399,147.379997
65.080549,-0.035378,-0.356136,-0.948177,-0.794752,-19.417682,141.068054
61.849658,-1.706307,-0.345952,-0.759002,-0.271519,-19.438924,142.514306
63.034923,-0.018555,-0.345875,-1.180046,-1.139514,-19.492978,147.472454
55.505992,-1.147396,-0.322811,-0.617572,-1.497328,-19.555423,151.631011
60.238088,-1.040702,-0.346844,-0.255267,-0.299872,-19.578270,152.395411
58.438810,-1.675485,-0.335358,-1.988898,-0.180859,-19.473947,145.774116
51.771133,-1.296595,-0.335990,-1.452289,-1.016899,-19.471260,146.368225
51.887437,-1.391587,-0.338423,-1.003019,-1.278553,-19.479282,145.281750
62.421991,-0.320519,-0.334255,-1.823296,-0.104860,-19.506681,149.098659
59.116615,-0.544036,-0.350445,-1.678307,-1.183184,-19.534172,148.313285
58.288552,-2.093468,-0.336514,-1.022508,-0.256405,-19.459027,144.727611
53.106745,-1.180508,-0.339289,-1.628404,-0.903772,-19.492885,147.486291
58.637532,-1.387774,-0.336191,-1.854014,-0.272992,-19.474278,146.235365
53.589175,-1.149232,-0.329048,-1.250835,-1.415357,-19.413875,142.242641
57.013779,-1.796599,-0.342388,-0.603355,-0.736900,-19.482971,145.138192
62.032796,-0.217184,-0.342550,-0.666649,-0.590745,-19.513098,148.869627
61.480269,-1.685826,-0.342889,-0.712833,-0.242867,-19.469471,145.898742
62.594417,-1.858834,-0.341604,-0.510940,-0.190059,-19.462235,144.575987
61.345868,-1.652363,-0.345662,-0.296488,-0.364248,-19.506331,147.170892
55.751535,-2.421533,-0.344927,-1.868445,-0.180142,-19.420688,141.145424
62.495108,-0.167575,-0.342389,-1.209077,-1.382584,-19.496821,148.069875
60.684720,-0.647798,-0.340587,-1.022021,-0.973542,-19.503086,147.009580
63.556070,-0.572739,-0.342873,-1.671802,-0.722093,-19.407260,141.234644
52.765455,-1.461442,-0.340457,-1.513099,-0.596464,-19.537610,148.883827
60.487214,-0.918047,-0.338993,-0.089104,-0.967029,-19.578058,152.694256
63.500050,-1.719407,-0.343473,-0.706231,-0.129373,-19.433644,140.735567
62.939144,-0.560557,-0.343865,-0.156776,-1.046778,-19.484220,146.778781
64.855763,-0.234223,-0.355046,-1.989555,-0.828836,-19.401639,141.244093
60.212088,-1.606761,-0.332925,-1.735791,-0.108791,-19.504434,149.477480
55.750770,-1.824022,-0.332252,-1.649085,-0.272478,-19.486556,146.370310
53.409013,-2.716960,-0.320331,-1.170260,-0.190150,-19.535547,150.922575
62.804160,-1.553475,-0.340821,-1.294465,-0.151634,-19.418179,141.889106
62.697837,-1.880477,-0.351100,-0.285019,-0.165655,-19.470910,145.159441
63.558113,-3.048393,-0.352761,-0.273374,-0.115992,-19.436327,141.048410
60.661817,-0.057780,-0.341910,-1.677127,-1.383668,-19.566302,151.704440
58.708880,-2.189743,-0.347403,-0.864572,-0.198672,-19.511938,147.350374
62.866268,-0.052080,-0.356582,-0.644165,-0.407949,-19.494781,144.727539
53.633211,-4.246573,-0.351503,-0.443452,-0.121795,-19.696406,159.034239
65.489604,-0.199162,-0.340884,-1.676459,-0.563904,-19.396490,140.703867
64.586798,-0.186307,-0.344848,-1.305960,-0.290378,-19.427496,143.129666
62.196896,-1.005424,-0.339881,-1.209356,-0.139442,-19.489105,146.167472
61.291598,-1.321424,-0.330472,-0.353025,-0.221347,-19.531990,150.862245
61.838185,-0.652683,-0.342385,-0.613345,-1.101104,-19.485148,146.506192
58.038051,-0.964740,-0.341768,-1.631985,-0.285068,-19.597886,154.624817
53.950053,-1.760283,-0.333951,-1.815156,-0.195346,-19.626258,157.051330
65.050687,-0.228384,-0.339559,-1.161632,-0.354171,-19.416738,141.554467
51.309238,-2.458414,-0.340541,-1.219950,-0.347385,-19.493869,147.087483
61.509922,-1.554099,-0.359015,-1.346784,-0.143446,-19.461317,143.582643
60.420384,-1.018329,-0.339689,-1.419309,-0.151189,-19.544442,150.619730
57.949584,-0.634425,-0.342032,-1.708709,-0.615390,-19.600575,153.603976
61.753338,-0.993159,-0.343471,-0.265764,-0.302203,-19.531750,148.710380
53.290126,-0.989060,-0.338833,-1.332613,-1.412723,-19.529677,148.921113
58.185322,-1.285768,-0.345055,-0.958950,-0.969808,-19.405039,141.412269
58.278303,-0.872469,-0.340782,-1.561333,-0.811210,-19.495094,147.596021
59.233756,-0.465851,-0.335181,-1.971555,-0.895859,-19.560526,152.200160
65.185828,-0.375728,-0.330735,-0.410252,-0.413074,-19.414853,142.811560
56.938634,-1.334457,-0.346181,-1.194591,-0.539374,-19.523084,147.705028
62.634301,-0.464202,-0.340810,-1.203498,-0.142551,-19.501270,147.691239
60.001289,-1.366400,-0.338534,-0.772681,-0.507850,-19.478278,145.906114
58.398347,-0.833666,-0.351775,-1.729107,-0.804199,-19.494627,145.667185
62.565611,-0.575369,-0.337645,-0.846930,-1.232443,-19.448275,145.511750
63.650582,-0.275680,-0.341209,-1.574355,-0.791046,-19.453663,143.581050
63.482269,-0.699247,-0.341440,-1.737168,-0.111222,-19.461967,144.728750
52.827888,-2.231106,-0.334931,-1.022007,-0.411506,-19.497021,146.424532
63.605109,-1.636486,-0.339098,-0.283030,-0.375034,-19.433736,142.451919
62.821864,-0.022041,-0.325097,-0.646203,-0.683919,-19.500052,148.724439
61.115614,-1.428838,-0.339737,-0.316018,-0.423284,-19.520641,148.914647
59.692998,-0.716701,-0.352083,-1.935231,-0.469433,-19.523511,149.414811
63.362275,-0.227524,-0.339527,-1.604675,-0.911455,-19.469694,144.284298
57.674900,-0.628232,-0.350486,-1.954160,-1.129101,-19.538213,149.228556
62.636946,-0.129274,-0.350691,-1.432124,-1.105272,-19.493490,146.706357
58.389202,-1.635448,-0.344780,-1.066279,-0.383589,-19.474961,144.939882
63.402301,-0.381236,-0.345561,-0.835485,-0.903511,-19.459869,144.550416
55.700282,-1.136808,-0.323404,-0.608040,-1.471586,-19.554105,151.527153
60.699490,-0.819054,-0.342731,-0.867077,-0.665767,-19.506386,147.949575
60.157871,-1.489311,-0.341252,-1.183757,-0.215271,-19.494663,147.244991
55.189649,-1.252262,-0.342659,-1.287613,-0.922968,-19.457751,144.892278
51.885597,-1.393378,-0.338321,-1.008961,-1.273431,-19.479881,145.343053
62.444982,-0.327029,-0.334523,-1.788880,-0.121861,-19.505100,148.941881
55.803332,-1.026628,-0.345195,-1.072869,-1.187564,-19.535105,148.274071
57.952625,-2.568663,-0.326685,-1.051305,-0.197930,-19.423574,143.482595
52.619648,-1.180867,-0.341383,-1.693193,-0.932898,-19.497026,147.383211
58.252946,-1.343057,-0.333316,-1.963553,-0.297168,-19.473487,146.425564
53.505158,-1.150917,-0.328911,-1.251538,-1.427265,-19.412997,142.197243
57.265422,-1.785862,-0.341839,-0.596523,-0.697945,-19.485463,145.295252
60.897211,-0.513663,-0.352028,-0.785513,-0.701574,-19.541256,150.960271
60.573508,-1.690316,-0.343228,-0.817065,-0.250967,-19.473829,145.885924
63.055522,-1.992983,-0.341816,-0.553160,-0.114530,-19.452778,143.961298
63.395414,-1.895609,-0.346836,-0.032344,-0.283646,-19.486471,145.617175
54.977317,-2.584080,-0.345170,-1.973376,-0.171212,-19.407721,140.068753
62.665886,-0.098251,-0.342890,-1.147089,-1.496410,-19.497214,148.106774
62.168796,-0.337576,-0.348714,-1.148492,-1.117853,-19.493109,146.752747
65.570273,-0.217598,-0.335209,-1.424453,-0.811948,-19.398879,141.925807
51.118126,-1.400903,-0.341203,-1.596431,-0.697076,-19.552284,149.780665
