68.770850,-9.433425,-0.180295,-0.857938,-0.864040,-19.356414,142.065143
67.698949,-9.978637,-0.208478,-0.872348,-0.849393,-19.388739,144.918943
63.290170,-10.598829,-0.212434,-0.851777,-0.720762,-19.536104,153.859468
71.655594,-8.763666,-0.165424,-1.248973,-0.700963,-19.272023,139.063825
66.116019,-8.777577,-0.126909,-0.694958,-0.976664,-19.434578,147.967794
63.709803,-9.204909,-0.115726,-1.008746,-0.561091,-19.518084,154.854904
67.907451,-9.447994,-0.188952,-0.895678,-0.848153,-19.387349,143.472462
70.283643,-8.449958,-0.145921,-0.733903,-1.129241,-19.319860,139.161849
68.720631,-8.535252,-0.130353,-0.910614,-0.835360,-19.355632,142.828769
66.321205,-9.835706,-0.142088,-0.745226,-0.753159,-19.426581,146.624334
68.381373,-9.580535,-0.165778,-1.110267,-0.611025,-19.363485,143.828251
68.906620,-8.829649,-0.127660,-0.854132,-0.818015,-19.351155,142.257432
66.277016,-9.723262,-0.191735,-0.961473,-0.748940,-19.448560,149.371897
67.850449,-8.906267,-0.133638,-0.866318,-0.805019,-19.395300,144.836006
64.732316,-7.994441,-0.143016,-1.075856,-0.783340,-19.481263,150.064786
67.095576,-11.172085,-0.193666,-0.709827,-0.783708,-19.423781,146.983485
68.144423,-8.259908,-0.073866,-0.697684,-0.932428,-19.365590,142.950267
70.569794,-9.679545,-0.182228,-0.955392,-0.767215,-19.306252,139.358832
66.258084,-8.391338,-0.071600,-1.049935,-0.593858,-19.439611,148.630043
65.987249,-10.249892,-0.171173,-0.827369,-0.715616,-19.456326,149.705126
67.642534,-9.766712,-0.153984,-0.679709,-0.917636,-19.392820,144.854494
67.014448,-9.802394,-0.169394,-0.727917,-0.893688,-19.416952,146.915620
70.762653,-8.407882,-0.179640,-0.934761,-1.038213,-19.302288,139.432677
67.351887,-9.766888,-0.160694,-0.856151,-0.744892,-19.407920,146.056304
68.313247,-9.141268,-0.202432,-1.000728,-0.868776,-19.373106,143.966495
66.757254,-10.427515,-0.204029,-0.990284,-0.660204,-19.429075,146.079350
69.157520,-10.268324,-0.152491,-0.849436,-0.677599,-19.346773,142.024955
67.380895,-10.650392,-0.176285,-0.676684,-0.820108,-19.400223,144.520762
66.933140,-9.870792,-0.185332,-0.768039,-0.893291,-19.423455,148.244874
67.870528,-8.439791,-0.217310,-0.910913,-1.219758,-19.397558,147.279345
67.550012,-8.923422,-0.148766,-0.806982,-0.912698,-19.393890,147.201151
67.112525,-8.802463,-0.174354,-0.890199,-0.924426,-19.414288,147.949589
69.595498,-8.464170,-0.101940,-0.959740,-0.740871,-19.332517,141.673335
71.064115,-10.699320,-0.186510,-0.797436,-0.789383,-19.290246,139.705900
66.778981,-9.196261,-0.219691,-0.883193,-1.013200,-19.417075,145.923281
68.742677,-8.897567,-0.215583,-0.874675,-1.126561,-19.365527,143.457223
68.411817,-8.802872,-0.169441,-0.996501,-0.821301,-19.367412,142.536810
66.933841,-7.970741,-0.173189,-1.154269,-0.851169,-19.420802,145.153513
66.223596,-9.696731,-0.122641,-0.651747,-0.852855,-19.431830,148.391514
67.910827,-8.878113,-0.151708,-0.722456,-1.011263,-19.380666,143.168018
68.853922,-9.322294,-0.165708,-1.067699,-0.671094,-19.355845,141.937786
67.061655,-9.269244,-0.145499,-0.679565,-0.947843,-19.406665,144.492037
65.599891,-9.086032,-0.177890,-1.061177,-0.703177,-19.463413,148.196394
67.376176,-9.873405,-0.184700,-0.991829,-0.691779,-19.408227,144.655992
68.037405,-9.080154,-0.157153,-0.802530,-0.903166,-19.376139,143.417505
67.068042,-8.824058,-0.159818,-1.014906,-0.784108,-19.421864,148.974227
67.476237,-10.389370,-0.190029,-0.857058,-0.735898,-19.402797,146.579118
70.562732,-10.274224,-0.200454,-0.922968,-0.787268,-19.315585,141.313407
66.524139,-9.066199,-0.158297,-1.048929,-0.693434,-19.430268,148.567274
68.900704,-7.641761,-0.162648,-1.099214,-0.979228,-19.353389,144.308759
66.762678,-10.810732,-0.173377,-0.763134,-0.704898,-19.419329,147.182321
65.472036,-10.219232,-0.144555,-0.604937,-0.868191,-19.453711,149.348406
68.355164,-8.043997,-0.146818,-0.830454,-1.094557,-19.371263,145.423625
69.360507,-8.404916,-0.179345,-1.169106,-0.819260,-19.336662,141.521405
70.531551,-8.200178,-0.090604,-0.892875,-0.824708,-19.305281,140.113506
66.649510,-8.344568,-0.069630,-0.778939,-0.784163,-19.412771,145.474279
68.866094,-8.143078,-0.151253,-0.937790,-0.953880,-19.358937,142.510995
70.899913,-9.287251,-0.177673,-0.769551,-1.032751,-19.294699,139.506968
66.076216,-9.699229,-0.137377,-0.696852,-0.823104,-19.442805,148.030617
68.752799,-8.852142,-0.171292,-1.079547,-0.752139,-19.356524,141.376248
63.106478,-7.877765,-0.173135,-1.153167,-0.816322,-19.542787,154.675452
66.755692,-8.113839,-0.136804,-1.103783,-0.748204,-19.422379,146.807756
64.842368,-10.016881,-0.129456,-0.641734,-0.777013,-19.477938,148.855758
65.860229,-7.961798,-0.159902,-0.879266,-1.046514,-19.440368,148.237531
67.628640,-9.302911,-0.180792,-0.946541,-0.823664,-19.397535,147.865102
66.737875,-9.256638,-0.165696,-1.098692,-0.639662,-19.423112,146.330109
71.112703,-8.537849,-0.119326,-1.066417,-0.705810,-19.285428,138.013062
66.459565,-8.344949,-0.170706,-0.902687,-0.970902,-19.429379,146.379102
63.879298,-7.563425,-0.156676,-1.029922,-0.961404,-19.521981,153.770900
67.778057,-8.237867,-0.190320,-1.032565,-0.978144,-19.386824,144.975176
70.542533,-8.937514,-0.137566,-0.948566,-0.760609,-19.302064,138.563243
68.685152,-10.979351,-0.201055,-0.835005,-0.719628,-19.357649,143.846638
64.111086,-10.721599,-0.216391,-0.892106,-0.704464,-19.513046,152.983482
71.681794,-8.812807,-0.179448,-1.200939,-0.747415,-19.269312,137.868819
67.839387,-9.160152,-0.154416,-0.707787,-1.006709,-19.382209,144.779019
65.527073,-8.909816,-0.131607,-0.987933,-0.680280,-19.457480,150.291956
67.638449,-9.077516,-0.190634,-0.907198,-0.922524,-19.398388,144.784500
69.248791,-8.302677,-0.150821,-0.807385,-1.082792,-19.346365,141.760448
69.331622,-8.758440,-0.153059,-1.011419,-0.766780,-19.332671,140.973592
66.328760,-10.106207,-0.145646,-0.828605,-0.655990,-19.430757,147.162805
67.895345,-9.900855,-0.183618,-1.018814,-0.658908,-19.380677,143.862722
66.509971,-9.031952,-0.134375,-0.848886,-0.774032,-19.426230,147.377784
67.380254,-9.246920,-0.146057,-1.050835,-0.652380,-19.413782,147.054248
64.645110,-8.826735,-0.162711,-0.961044,-0.767288,-19.491676,150.959656
64.279721,-7.893834,-0.137153,-1.063867,-0.772744,-19.491687,150.034609
66.937745,-10.953011,-0.194310,-0.718785,-0.807874,-19.425976,147.395553
68.287957,-8.174047,-0.079896,-0.703857,-0.957689,-19.361194,142.451218
67.619746,-9.598006,-0.152424,-0.965663,-0.668706,-19.396124,145.770982
66.727814,-8.203958,-0.072677,-1.081765,-0.612514,-19.422891,147.555188
69.613147,-9.687846,-0.183902,-0.964943,-0.771735,-19.341509,141.796611
69.807008,-9.768167,-0.158324,-0.690051,-0.942908,-19.326816,140.885225
66.358557,-10.263652,-0.176483,-0.739969,-0.812785,-19.439144,147.659611
68.426619,-8.336472,-0.183176,-0.933124,-1.025156,-19.370862,141.914575
66.014583,-8.867176,-0.149401,-0.849215,-0.851991,-19.446494,147.971064
69.759670,-9.204193,-0.214266,-1.029624,-0.903333,-19.332308,141.414893
66.708146,-10.488071,-0.202540,-1.017770,-0.636064,-19.426919,147.001366
68.480324,-9.636677,-0.149647,-0.970314,-0.662189,-19.370036,143.269228
64.695529,-9.136740,-0.090309,-0.587794,-0.872506,-19.483180,148.688791
72.476785,-9.081914,-0.184290,-0.904075,-0.970961,-19.251324,135.363478
69.239033,-8.616985,-0.213793,-0.942679,-1.141172,-19.356324,144.049294
67.389025,-8.316795,-0.153923,-0.992009,-0.852794,-19.400811,145.155509
65.875410,-8.637075,-0.136704,-0.933104,-0.766250,-19.447067,149.039732
66.037555,-9.152849,-0.147262,-1.048972,-0.659196,-19.452029,150.432608
69.286680,-9.918227,-0.161720,-0.985595,-0.668399,-19.353470,144.199957
69.827487,-8.851858,-0.229048,-0.959317,-1.129279,-19.325621,141.635011
68.216701,-8.177228,-0.201116,-0.885352,-1.203488,-19.370987,144.192789
69.019370,-8.240614,-0.148312,-1.057540,-0.820373,-19.345038,141.569203
64.011210,-7.630547,-0.170616,-1.212547,-0.837850,-19.512344,152.468862
65.796117,-10.238158,-0.122635,-0.697448,-0.715572,-19.447854,149.806510
67.444731,-9.002733,-0.159401,-0.703874,-1.047537,-19.398107,144.794655
70.873333,-9.362568,-0.160476,-1.111066,-0.639363,-19.291168,136.835892
66.531399,-9.040769,-0.167619,-0.704802,-1.029684,-19.426427,145.041339
67.143298,-8.697105,-0.166889,-1.062109,-0.771772,-19.413905,145.868846
67.112465,-9.550308,-0.162711,-1.037757,-0.653617,-19.423483,146.678267
69.109996,-8.546093,-0.137276,-0.928506,-0.843567,-19.343549,142.840674
67.733065,-8.732252,-0.159376,-0.956190,-0.830967,-19.392480,144.862024
66.315627,-9.289190,-0.183854,-0.848855,-0.893205,-19.432598,148.779101
68.480613,-9.829106,-0.165720,-0.950065,-0.691042,-19.374654,144.033483
64.786531,-8.878813,-0.143148,-1.073756,-0.636339,-19.483013,151.110739
69.029303,-8.186504,-0.200858,-1.076712,-1.022295,-19.357402,144.850783
67.156669,-10.733581,-0.171927,-0.727157,-0.757443,-19.409665,146.963400
65.905764,-9.965332,-0.157994,-0.604238,-0.978224,-19.441575,147.812494
68.546662,-8.011845,-0.159169,-0.892841,-1.066882,-19.362842,144.079658
67.176228,-7.840631,-0.166904,-1.141265,-0.870558,-19.397637,144.391120
66.488076,-7.605724,-0.139694,-1.105291,-0.872875,-19.433857,147.960464
65.491345,-8.442901,-0.064887,-0.738284,-0.769652,-19.449234,147.575345
68.476291,-8.322313,-0.182290,-0.965053,-1.010208,-19.373869,144.193249
67.492207,-10.301720,-0.166773,-0.697573,-0.829965,-19.398063,145.579908
64.105988,-9.555125,-0.105008,-0.660293,-0.758007,-19.504948,152.019447
68.859479,-8.414674,-0.180859,-1.067456,-0.885439,-19.355426,142.525559
65.763024,-8.142481,-0.165366,-1.140809,-0.798344,-19.459329,149.391027
67.799963,-7.817312,-0.109199,-1.081645,-0.758154,-19.384928,145.075554
64.786761,-10.033924,-0.129018,-0.615554,-0.809113,-19.475718,149.489883
65.085704,-8.346177,-0.128710,-0.722358,-0.988631,-19.459820,148.905346
66.327483,-8.777359,-0.148175,-0.823187,-0.909397,-19.434588,149.342029
66.888019,-9.067433,-0.147472,-1.066463,-0.648116,-19.417682,146.030774
68.423045,-8.711394,-0.140270,-1.052353,-0.731926,-19.375267,144.075152
66.278776,-9.304673,-0.185921,-0.928915,-0.808945,-19.433973,146.809263
66.180489,-7.640055,-0.130133,-0.901837,-0.994372,-19.439931,147.967542
68.039757,-7.984939,-0.179317,-0.974029,-1.036239,-19.373311,143.540297
68.470638,-9.336101,-0.145950,-0.990359,-0.676262,-19.370216,143.577202
67.422815,-9.904376,-0.171468,-0.836891,-0.777480,-19.396152,145.973981
64.032487,-10.694277,-0.209985,-0.911637,-0.674262,-19.516044,153.285032
71.727982,-9.116205,-0.188915,-0.982433,-0.895495,-19.273966,137.859888
68.848594,-9.434915,-0.157331,-0.726119,-0.948952,-19.352015,143.069678
68.992043,-8.977400,-0.125840,-0.899335,-0.753650,-19.347830,142.631488
69.175488,-10.087098,-0.191404,-0.762347,-0.919631,-19.354172,142.251146
68.152640,-7.988452,-0.136650,-0.817525,-1.068106,-19.375638,143.344756
69.189418,-8.733293,-0.150689,-0.991987,-0.788348,-19.338145,141.328196
66.167429,-10.331009,-0.150828,-0.821586,-0.640956,-19.437721,147.652191
69.708619,-9.804499,-0.211581,-0.974848,-0.826602,-19.325400,140.153455
66.855064,-9.824831,-0.192922,-0.945060,-0.751877,-19.423731,147.437443
67.265267,-9.901920,-0.160967,-1.083650,-0.569283,-19.408812,147.152420
63.783981,-8.368167,-0.141700,-0.955316,-0.780639,-19.511806,151.996917
66.791526,-8.114375,-0.153069,-1.075070,-0.800078,-19.412713,145.373530
68.951917,-10.842503,-0.217715,-0.813981,-0.829101,-19.364460,144.018089
69.119745,-8.228858,-0.070556,-0.762689,-0.876839,-19.340687,140.995779
66.610218,-10.452421,-0.161236,-0.835378,-0.658713,-19.423306,147.460489
66.780347,-7.993061,-0.042578,-1.109149,-0.567745,-19.420648,147.176328
69.325018,-9.559516,-0.197094,-1.034718,-0.766788,-19.345525,141.473331
69.910195,-10.160344,-0.169593,-0.654618,-0.947310,-19.324675,140.219925
66.649877,-9.745746,-0.124403,-0.669665,-0.806304,-19.422311,146.574790
65.952599,-8.699439,-0.192898,-0.852674,-1.028774,-19.452215,145.299851
67.421109,-8.822441,-0.169839,-0.892229,-0.915378,-19.404767,146.106106
67.246931,-8.610073,-0.213119,-1.169647,-0.854585,-19.404075,144.956259
67.999496,-10.275948,-0.193058,-1.045908,-0.633538,-19.384928,144.137918
68.531120,-10.773100,-0.195140,-0.895862,-0.682202,-19.370518,143.003093
65.875028,-9.074177,-0.110054,-0.695499,-0.842630,-19.445532,145.940688
72.694246,-9.294606,-0.178305,-1.014198,-0.807406,-19.245894,136.104467
69.644390,-8.581229,-0.218389,-0.940338,-1.181627,-19.342918,143.660468
64.209154,-8.002058,-0.124497,-1.046330,-0.735884,-19.501918,150.401805
64.995489,-8.503363,-0.194904,-1.165340,-0.811248,-19.486123,153.080716
65.783902,-9.054036,-0.130015,-1.037231,-0.623886,-19.454431,150.394294
69.201351,-10.451766,-0.150764,-0.924768,-0.607755,-19.351259,144.005750
70.417137,-9.344602,-0.238665,-0.831970,-1.208810,-19.303970,139.829298
68.425970,-8.596737,-0.193527,-0.852396,-1.104451,-19.366780,143.503925
67.749991,-8.004727,-0.135547,-1.044310,-0.822817,-19.385385,143.563786
64.050318,-7.728612,-0.175106,-1.275840,-0.797293,-19.514107,152.911476
65.144823,-10.849656,-0.137121,-0.632143,-0.715579,-19.468262,151.319838
67.805444,-9.106402,-0.171536,-0.729607,-1.045743,-19.387206,144.228970
66.345072,-9.631236,-0.104477,-0.738688,-0.698976,-19.441941,145.596796
65.789763,-7.574247,-0.102656,-1.010516,-0.803089,-19.447112,146.682993
70.358818,-9.004364,-0.192962,-1.127864,-0.808283,-19.326559,141.311586
66.803091,-9.519237,-0.182426,-1.176018,-0.619298,-19.435002,147.311759
67.335799,-9.796491,-0.140111,-0.754273,-0.775294,-19.397564,146.369434
67.833717,-8.701901,-0.146165,-0.899314,-0.858729,-19.389257,145.910967
68.035906,-9.841315,-0.200761,-0.934652,-0.800112,-19.384896,144.326897
68.854448,-9.903119,-0.177487,-1.008538,-0.676172,-19.361259,143.003129
67.397039,-9.965512,-0.198745,-0.922555,-0.761779,-19.395309,144.621302
67.830493,-8.301717,-0.161566,-0.938332,-0.960621,-19.390962,146.152514
67.489793,-10.948831,-0.163231,-0.713009,-0.722265,-19.398183,146.341789
65.919728,-9.194003,-0.132088,-0.576457,-1.059478,-19.444704,145.433099
67.492993,-9.627823,-0.214494,-0.861678,-0.924556,-19.397410,145.387619
66.978203,-8.067157,-0.160566,-1.008368,-0.892245,-19.404202,144.735440
66.463376,-7.535505,-0.122317,-1.066929,-0.866495,-19.432306,148.390369
67.087190,-8.779308,-0.081179,-0.765704,-0.764505,-19.404981,145.664216
69.183703,-8.609798,-0.170238,-0.965636,-0.915184,-19.352271,143.593243
69.182526,-9.879118,-0.161741,-0.692166,-0.916922,-19.342962,141.894988
64.787832,-8.803957,-0.108627,-0.750601,-0.818248,-19.482841,150.299953
66.390376,-9.627986,-0.233659,-0.902737,-0.974111,-19.444907,149.231263
65.715414,-7.906142,-0.142270,-1.139135,-0.757586,-19.449948,147.574371
68.723786,-8.185867,-0.127672,-1.032337,-0.775069,-19.356230,142.221932
64.112833,-10.180548,-0.155075,-0.637631,-0.838644,-19.508476,151.102778
67.571881,-8.353853,-0.115738,-0.805816,-0.885003,-19.387673,143.961446
65.911252,-10.908517,-0.193564,-0.677657,-0.829081,-19.449425,150.008865
67.076098,-9.491674,-0.194311,-0.976075,-0.754445,-19.408423,145.170329
68.709432,-7.831649,-0.135008,-1.027486,-0.899201,-19.363715,143.264353
68.539547,-10.186473,-0.184834,-0.866042,-0.751559,-19.366980,142.767945
65.783163,-7.544448,-0.124622,-0.856075,-1.049761,-19.451975,149.118410
69.354063,-8.344348,-0.171866,-0.857635,-1.091320,-19.336050,142.869839
70.342978,-8.866359,-0.172163,-0.961310,-0.868004,-19.303645,138.701133
67.368127,-9.066634,-0.150219,-0.869652,-0.798252,-19.393193,144.306100
62.209116,-11.018153,-0.210942,-0.881448,-0.642904,-19.576649,157.997162
70.905720,-9.036964,-0.165326,-0.864886,-0.904144,-19.293279,137.511511
67.744910,-8.413161,-0.125884,-0.769047,-0.971242,-19.383330,144.525185
68.840302,-9.616771,-0.129976,-0.869510,-0.697072,-19.360888,143.546253
67.777623,-10.092432,-0.173592,-0.723445,-0.871722,-19.397176,145.075518
68.614955,-9.253820,-0.187731,-0.782852,-1.025295,-19.370142,142.355027
69.052823,-9.291412,-0.126207,-0.853582,-0.731428,-19.345962,142.879033
64.307022,-9.847373,-0.166497,-0.864616,-0.701634,-19.495214,151.987583
68.853861,-9.562131,-0.224488,-0.971943,-0.918352,-19.362603,143.578417
62.498040,-10.818234,-0.195355,-0.828402,-0.661060,-19.565651,157.729317
67.268698,-9.727959,-0.171255,-1.236410,-0.538106,-19.407021,147.084039
69.516055,-8.323821,-0.138946,-0.954914,-0.864337,-19.323806,140.320785
67.377498,-8.584261,-0.184195,-1.099843,-0.815994,-19.400205,144.783410
70.882344,-10.611774,-0.219469,-0.797500,-0.919694,-19.304756,139.898264
68.387836,-8.568485,-0.085417,-0.768145,-0.835530,-19.363077,142.499123
67.347384,-10.738504,-0.107769,-0.704660,-0.612973,-19.390054,145.563062
65.744157,-7.943501,-0.056386,-1.073594,-0.607571,-19.454195,148.687457
68.439452,-9.940208,-0.205842,-0.982967,-0.774089,-19.381245,144.684924
70.741901,-9.964633,-0.169673,-0.661742,-0.997309,-19.292453,138.700926
66.780550,-9.035527,-0.104865,-0.690616,-0.822245,-19.410405,145.540189
67.225468,-8.554441,-0.163464,-0.751481,-1.076118,-19.402708,144.184562
65.573002,-8.828540,-0.193167,-0.854421,-0.999031,-19.468074,149.538161
68.258172,-8.235549,-0.202351,-1.134312,-0.951289,-19.376513,143.532182
69.143285,-10.097639,-0.189886,-1.085504,-0.639660,-19.353632,142.324720
68.567944,-10.655768,-0.206820,-0.897164,-0.730346,-19.367408,142.793448
64.087960,-9.592290,-0.125173,-0.649566,-0.820942,-19.502948,150.400233
65.297270,-10.251165,-0.190564,-0.911519,-0.687794,-19.472906,150.481902
69.026775,-8.864321,-0.220698,-0.894488,-1.156779,-19.358225,143.918798
63.913793,-8.081122,-0.129368,-1.062627,-0.720202,-19.518119,151.385799
64.946447,-8.488620,-0.191408,-1.162030,-0.803216,-19.485461,153.002161
65.208777,-8.527173,-0.130251,-1.025562,-0.696045,-19.467938,149.962763
72.222067,-10.090072,-0.148106,-1.024152,-0.595592,-19.251916,136.698431
68.388682,-9.774791,-0.229113,-0.806639,-1.080465,-19.372480,143.603124
68.337755,-8.513846,-0.198267,-0.922299,-1.060701,-19.369340,143.591454
65.814976,-7.455389,-0.158271,-1.167461,-0.871441,-19.446651,145.907048
64.816799,-7.621771,-0.155158,-1.239101,-0.789984,-19.490733,150.511465
64.878355,-11.040840,-0.172443,-0.645740,-0.774663,-19.482378,151.665407
67.848699,-9.494437,-0.183770,-0.695682,-1.056949,-19.384855,143.191411
65.923508,-9.613010,-0.090094,-0.800685,-0.599196,-19.441353,146.887321
64.196227,-8.694448,-0.137676,-0.776435,-0.867209,-19.491678,150.723581
68.768283,-9.130507,-0.191502,-0.965663,-0.859928,-19.361261,142.916734
67.815330,-9.485252,-0.161430,-1.175025,-0.577360,-19.397887,144.358779
65.605137,-9.906239,-0.125382,-0.677081,-0.768630,-19.454767,149.451001
68.723647,-10.024169,-0.182922,-0.868721,-0.788885,-19.364922,144.946251
66.505114,-9.611722,-0.196842,-0.978941,-0.764721,-19.432842,146.840503
72.694462,-10.136673,-0.192231,-0.955878,-0.764639,-19.239718,135.466387
66.428947,-9.448535,-0.180471,-1.182545,-0.618113,-19.431828,148.873280
70.103383,-9.548436,-0.181723,-0.864918,-0.889524,-19.326372,142.779060
68.369023,-11.280321,-0.154734,-0.696038,-0.680757,-19.369763,144.952919
66.337117,-9.386773,-0.140155,-0.600531,-1.013069,-19.432755,145.697716
66.948263,-8.865307,-0.193998,-0.876744,-0.978060,-19.408482,145.085088
68.152026,-8.991550,-0.188436,-1.083210,-0.772647,-19.376052,142.803556
66.625461,-7.580279,-0.129992,-1.086660,-0.871468,-19.428273,148.671264
67.079135,-9.072704,-0.085179,-0.767398,-0.736095,-19.399888,146.893359
66.570533,-8.105989,-0.161421,-0.990997,-0.926209,-19.431104,148.265656
69.540826,-9.458551,-0.131265,-0.668865,-0.931152,-19.327376,139.802204
66.621304,-8.733928,-0.142811,-0.788263,-0.935271,-19.424112,148.553903
66.022831,-9.877602,-0.229168,-0.994896,-0.826607,-19.454614,150.053973
66.081811,-7.521654,-0.129352,-1.146227,-0.772364,-19.421677,145.058154
66.661376,-7.622030,-0.139518,-0.977778,-0.957520,-19.419454,146.612444
64.586595,-10.229668,-0.182537,-0.686954,-0.882971,-19.495651,151.242402
68.850286,-8.505726,-0.131576,-0.813791,-0.934012,-19.348842,141.883014
66.313708,-9.816071,-0.197614,-0.724509,-0.991262,-19.439406,148.356669
66.914019,-9.354220,-0.180818,-1.001452,-0.741125,-19.416245,147.482643
70.948192,-8.335387,-0.077104,-1.002412,-0.696291,-19.294714,139.400259
69.141860,-10.890041,-0.195980,-0.796998,-0.747745,-19.350636,141.422637
65.897160,-7.386472,-0.133014,-0.859804,-1.126362,-19.454178,149.129562
68.083461,-8.512850,-0.179724,-0.874210,-1.061824,-19.383132,146.503462
69.606140,-9.160121,-0.164529,-0.899565,-0.838845,-19.330945,141.605024
67.093017,-9.129706,-0.162735,-0.901502,-0.792762,-19.405428,145.752857
65.709103,-10.645258,-0.194382,-0.904582,-0.664233,-19.463335,150.574239
70.507500,-8.561085,-0.155353,-0.949990,-0.893773,-19.302531,139.536673
66.210705,-8.519043,-0.137812,-0.699225,-1.035388,-19.432463,147.297913
69.288745,-10.303441,-0.098974,-0.620370,-0.739358,-19.342058,140.302600
66.595659,-10.425154,-0.143094,-0.697173,-0.738254,-19.430170,146.728207
68.541739,-9.656592,-0.204437,-0.708472,-1.105194,-19.372850,142.747343
71.103261,-9.185831,-0.137301,-0.962385,-0.733915,-19.284793,139.161171
68.244286,-9.822178,-0.155815,-0.871379,-0.709816,-19.368677,143.593056
68.092408,-10.022390,-0.240369,-0.963465,-0.894938,-19.384369,143.711485
65.358785,-10.506226,-0.201730,-0.889238,-0.707683,-19.472667,150.489013
67.146266,-9.663739,-0.171259,-1.255533,-0.532427,-19.410880,147.289060
66.718856,-8.728459,-0.169533,-1.046607,-0.771015,-19.418582,146.263050
67.391524,-8.333739,-0.178994,-1.168569,-0.788358,-19.399581,144.644808
70.611686,-9.831423,-0.201227,-0.795835,-0.989603,-19.310790,140.041572
66.185021,-7.915153,-0.035567,-0.644279,-0.920981,-19.431393,145.233041
67.816654,-10.724392,-0.088919,-0.660358,-0.602901,-19.371435,144.223856
67.457638,-7.772708,-0.053153,-1.085956,-0.639535,-19.401182,144.991792
70.533020,-10.506384,-0.173469,-0.806850,-0.762775,-19.311916,140.143921
71.886444,-10.074879,-0.188863,-0.730802,-0.985696,-19.263843,137.191225
68.204801,-9.869746,-0.163076,-0.812087,-0.773143,-19.377129,142.286435
68.056078,-8.683235,-0.154636,-0.738516,-1.054633,-19.379575,142.520066
66.151810,-9.156087,-0.183348,-0.853496,-0.909574,-19.447796,148.276526
69.599561,-8.158176,-0.211170,-1.181528,-0.962341,-19.332832,140.195222
66.613876,-10.076260,-0.211950,-1.162609,-0.627802,-19.437571,147.842191
68.273544,-10.591706,-0.208413,-0.896664,-0.738387,-19.374504,143.251370
67.055811,-10.645821,-0.181961,-0.798228,-0.722525,-19.413977,146.393391
66.237310,-10.093412,-0.220260,-0.857143,-0.868623,-19.440631,148.052856
69.184499,-8.763084,-0.220929,-0.914411,-1.153582,-19.352510,144.245986
64.116330,-8.496809,-0.160417,-1.157117,-0.681203,-19.511128,152.379031
66.222996,-8.671153,-0.192540,-1.068142,-0.854124,-19.441997,149.487406
67.856762,-8.316618,-0.142709,-1.073097,-0.767061,-19.383673,144.961685
70.125432,-10.010583,-0.155539,-1.018570,-0.614100,-19.315334,140.271372
68.237376,-9.592523,-0.232754,-0.815924,-1.116882,-19.377154,143.969420
68.021606,-8.985113,-0.201879,-0.878843,-1.015418,-19.383862,144.330140
67.032433,-7.801502,-0.163382,-1.059237,-0.924812,-19.409970,144.174703
65.697594,-7.767908,-0.154632,-1.235789,-0.763357,-19.460130,148.090314
63.641012,-10.663537,-0.167332,-0.585941,-0.875626,-19.527752,153.786381
66.416701,-10.018148,-0.209685,-0.695443,-1.025500,-19.430111,146.620512
66.456160,-9.786757,-0.121330,-0.808795,-0.669035,-19.427313,147.151062
64.868844,-9.443983,-0.139400,-0.702916,-0.832569,-19.474221,149.803511
67.782179,-9.443141,-0.204049,-0.876742,-0.924764,-19.394171,145.210671
69.315455,-10.279520,-0.178893,-1.118020,-0.575047,-19.350134,142.516944
65.466192,-8.664013,-0.122336,-0.743337,-0.893404,-19.457770,148.427344
67.769042,-10.412003,-0.189398,-0.873547,-0.726186,-19.393318,146.570762
66.743381,-9.941874,-0.206519,-0.936135,-0.769448,-19.423621,146.166585
69.700435,-10.023376,-0.159138,-0.918381,-0.679441,-19.334532,142.002445
65.866703,-9.418580,-0.164800,-1.174767,-0.580403,-19.451114,150.243174
68.862274,-9.421234,-0.170213,-0.858809,-0.852127,-19.360845,144.270954
69.773788,-11.038933,-0.171240,-0.847139,-0.653533,-19.328062,142.883303
65.288850,-9.730911,-0.140445,-0.546595,-1.016931,-19.469185,148.160815
68.168507,-8.398943,-0.188847,-0.895213,-1.050802,-19.369660,142.110331
67.692051,-9.212531,-0.178917,-0.982309,-0.769706,-19.385955,143.068733
67.209612,-7.616130,-0.138093,-1.076678,-0.903729,-19.408559,147.358729
69.024538,-9.390553,-0.104168,-0.736110,-0.783205,-19.345832,143.134970
65.434211,-8.728944,-0.177342,-0.914672,-0.919135,-19.473782,151.632700
67.772428,-10.518679,-0.159406,-0.663042,-0.812574,-19.389468,144.900447
69.491328,-9.141991,-0.123234,-0.715795,-0.914471,-19.331033,142.227342
65.876471,-9.607698,-0.221116,-0.994381,-0.840749,-19.455964,149.993389
65.847260,-7.406257,-0.084081,-1.150463,-0.688627,-19.439337,147.222134
67.201538,-7.667752,-0.141063,-0.997384,-0.935881,-19.401528,144.917938
63.648518,-9.985792,-0.170392,-0.645593,-0.908024,-19.526477,153.246025
69.669957,-8.632863,-0.132057,-0.679344,-1.082047,-19.322965,139.928948
65.579777,-9.807390,-0.204603,-0.725664,-1.011541,-19.461264,150.952684
70.551151,-9.278996,-0.176567,-0.868120,-0.925506,-19.309333,141.975460
69.363134,-7.772816,-0.114340,-1.118575,-0.773996,-19.336468,140.928021
66.877320,-9.121197,-0.130891,-0.679834,-0.927132,-19.409074,144.861814
66.270975,-7.805809,-0.137291,-0.864484,-1.042017,-19.441014,147.603016
67.966356,-8.655425,-0.167271,-0.820821,-1.029854,-19.382180,145.387437
67.321857,-9.286451,-0.194388,-0.914215,-0.873420,-19.406463,146.017989
69.474350,-9.472256,-0.143681,-0.829906,-0.776530,-19.330984,140.982667
65.804732,-10.581101,-0.170110,-0.882482,-0.622788,-19.455812,149.518149
67.824217,-9.317138,-0.189812,-0.949364,-0.844429,-19.388413,145.802744
67.069478,-7.983052,-0.170331,-0.955378,-1.018218,-19.404817,146.180208
67.519784,-10.325913,-0.120948,-0.657227,-0.742664,-19.398294,144.529981
67.169770,-10.954842,-0.172680,-0.720697,-0.714684,-19.408526,144.699754
68.439949,-9.649966,-0.209452,-0.720241,-1.117223,-19.375978,142.975131
71.889887,-8.842110,-0.113590,-1.070779,-0.657774,-19.264803,137.240214
66.263919,-10.106620,-0.176123,-1.012022,-0.614645,-19.436863,149.503333
67.737701,-10.042193,-0.239712,-0.938690,-0.901231,-19.396333,144.534715
63.782146,-10.153914,-0.182859,-1.030574,-0.581123,-19.524797,154.111437
66.966643,-9.300367,-0.159851,-1.204550,-0.582371,-19.416745,147.010276
67.842965,-8.538293,-0.155277,-1.080123,-0.749759,-19.385862,143.912353
68.355405,-7.484058,-0.162581,-1.280519,-0.857616,-19.362533,143.808191
68.083342,-9.171157,-0.216650,-0.861335,-1.064577,-19.386066,144.424142
65.999203,-7.993578,-0.078567,-0.722335,-0.949690,-19.439705,145.969393
68.553253,-10.296924,-0.110207,-0.771207,-0.630138,-19.358148,143.386808
67.053202,-7.587524,-0.059342,-1.108888,-0.656280,-19.408634,145.387092
70.974154,-10.237405,-0.224239,-0.872085,-0.932100,-19.299687,139.122781
70.047744,-10.109424,-0.131760,-0.639920,-0.867702,-19.321988,140.349656
68.517751,-9.956857,-0.180035,-0.781268,-0.841318,-19.367596,142.797146
65.022942,-8.983602,-0.117264,-0.785796,-0.764142,-19.477842,149.163465
66.464171,-8.773015,-0.172474,-0.847734,-0.961078,-19.435412,147.712269
69.480240,-8.223461,-0.216002,-1.084149,-1.073382,-19.339964,141.449321
66.198674,-10.136893,-0.208209,-1.107659,-0.642600,-19.449667,148.567413
68.589913,-10.637493,-0.206542,-0.821484,-0.799242,-19.366598,142.506731
66.444972,-10.954179,-0.182079,-0.771978,-0.686696,-19.432936,147.980376
66.728884,-9.789430,-0.213879,-0.877475,-0.890018,-19.425568,147.233729
68.780389,-9.074175,-0.217672,-0.858183,-1.130011,-19.363886,145.209374
67.699753,-9.142198,-0.152582,-1.165472,-0.614897,-19.399627,145.633446
67.511472,-9.156742,-0.217164,-1.074634,-0.861588,-19.409174,148.265491
65.984712,-8.437408,-0.136892,-1.115647,-0.666295,-19.436713,147.739844
72.457952,-10.468316,-0.165237,-1.041811,-0.582595,-19.247177,135.348956
68.092766,-9.450470,-0.225331,-0.819814,-1.099864,-19.383086,144.326710
69.575866,-7.785662,-0.157425,-0.922294,-1.076400,-19.323498,140.451130
67.960387,-8.452667,-0.152176,-1.065355,-0.777846,-19.384149,143.449185
67.175516,-8.130435,-0.158395,-1.144831,-0.785950,-19.409513,145.498926
63.399407,-10.958121,-0.172056,-0.684429,-0.711699,-19.535601,154.677397
66.585888,-9.822074,-0.210578,-0.690490,-1.074535,-19.422048,145.289646
66.584271,-9.954474,-0.110173,-0.787660,-0.635344,-19.422195,147.597407
65.159001,-8.947906,-0.145457,-0.763786,-0.897193,-19.466149,149.583483
68.153932,-8.915877,-0.176371,-0.826273,-0.978570,-19.378027,143.294542
68.456320,-10.454686,-0.188024,-1.124121,-0.561871,-19.377183,144.621119
68.190054,-8.198038,-0.106815,-0.936295,-0.794078,-19.375500,143.269580
68.119156,-10.710572,-0.229633,-0.904780,-0.805689,-19.384953,145.975550
70.272511,-10.037346,-0.186015,-0.909255,-0.743724,-19.313523,137.204555
71.313087,-10.006098,-0.163004,-0.868442,-0.734199,-19.271610,137.236240
64.501497,-9.513242,-0.168935,-1.237618,-0.537179,-19.498030,153.923147
70.556524,-9.343380,-0.147105,-0.858912,-0.818485,-19.302126,140.593237
69.253617,-11.148596,-0.188476,-0.961532,-0.599672,-19.344895,144.664016
65.923769,-9.965198,-0.140305,-0.599655,-0.925932,-19.449080,147.335131
68.814823,-9.093965,-0.155665,-0.689058,-1.022045,-19.348715,139.697216
67.907839,-9.145324,-0.187086,-1.031782,-0.780893,-19.385377,144.422085
66.976958,-7.670512,-0.143276,-1.122654,-0.862195,-19.415821,147.015448
69.112164,-9.993031,-0.105646,-0.812015,-0.640654,-19.347414,143.310388
64.299037,-8.023244,-0.194003,-1.114915,-0.918236,-19.511660,152.743807
69.727780,-10.628241,-0.208087,-0.730042,-0.918287,-19.328921,140.770678
68.178457,-9.355009,-0.154720,-0.692506,-0.999450,-19.380006,146.247803
64.951121,-9.700679,-0.229646,-1.004297,-0.832002,-19.484512,151.773825
66.203969,-7.624229,-0.092511,-1.098455,-0.723928,-19.427019,146.635660
66.468180,-8.026839,-0.148326,-0.967828,-0.897098,-19.425447,146.272658
66.108062,-9.362531,-0.153626,-0.763364,-0.863390,-19.445040,146.662517
69.554560,-8.496422,-0.128192,-0.745262,-1.021865,-19.329704,141.130446
66.018789,-9.664108,-0.197870,-0.743406,-1.011392,-19.445711,150.066990
69.772351,-8.758268,-0.174354,-1.011256,-0.865396,-19.331239,142.149406
69.674408,-7.509989,-0.120056,-1.218668,-0.770353,-19.328151,139.989179
68.369484,-8.965176,-0.136494,-0.818362,-0.857191,-19.368430,143.714675
66.350260,-7.247539,-0.119967,-0.914212,-1.062695,-19.439311,147.527520
67.442051,-9.112601,-0.146260,-0.708741,-0.964119,-19.395230,144.670459
66.947716,-9.711084,-0.217684,-0.888441,-0.917786,-19.423396,147.209472
68.776119,-9.985864,-0.153911,-0.829228,-0.722231,-19.357481,142.454163
64.434805,-10.360594,-0.159305,-0.885788,-0.605291,-19.499111,151.063965
67.864065,-9.103060,-0.196255,-0.977642,-0.878393,-19.384440,146.012332
68.189496,-9.072101,-0.185953,-0.926417,-0.908791,-19.374695,145.509603
67.893314,-9.968824,-0.109840,-0.642313,-0.791901,-19.387262,144.427363
66.690686,-11.386397,-0.204442,-0.723800,-0.741446,-19.425241,144.586250
69.418784,-9.792930,-0.216816,-0.766377,-1.082341,-19.346458,141.549868
69.155313,-8.666674,-0.120889,-1.103686,-0.643958,-19.342218,141.854826
66.535841,-9.639453,-0.173331,-1.057196,-0.647727,-19.429285,148.918930
66.830103,-9.836960,-0.234852,-0.968134,-0.879624,-19.424279,146.007853
65.448104,-10.495498,-0.181316,-0.932471,-0.622618,-19.470093,150.812008
67.411761,-9.258951,-0.158287,-1.193436,-0.588080,-19.398197,145.585858
67.547090,-8.614010,-0.148642,-1.129462,-0.679778,-19.393426,143.649288
67.493711,-7.517841,-0.166330,-1.265314,-0.860665,-19.394516,145.487193
67.474113,-9.008886,-0.200214,-0.881392,-1.005066,-19.403584,145.899032
65.933005,-6.939188,-0.065607,-0.794864,-1.048082,-19.437731,145.398024
68.318010,-10.859221,-0.140581,-0.767185,-0.626519,-19.368577,143.910108
66.172518,-7.290099,-0.043236,-1.122568,-0.653141,-19.434909,146.998541
73.100570,-11.026009,-0.241089,-0.857949,-0.887721,-19.230431,134.660179
71.511215,-10.137041,-0.145457,-0.595768,-1.003337,-19.284293,137.946241
67.839558,-9.849587,-0.186212,-0.914943,-0.756178,-19.389695,145.178159
66.613079,-9.644986,-0.135043,-0.928619,-0.627793,-19.431312,147.150961
65.488891,-8.963422,-0.172674,-0.857572,-0.906313,-19.471018,150.066666
69.889125,-8.242528,-0.211590,-1.084351,-1.057541,-19.327760,140.568917
67.739795,-10.827175,-0.196229,-0.917160,-0.657485,-19.397761,145.694898
69.175886,-10.940039,-0.189481,-0.711082,-0.804529,-19.346470,140.667764
68.809726,-10.211764,-0.152504,-0.872965,-0.665771,-19.359226,142.948716
65.812196,-9.478124,-0.197105,-0.956771,-0.801166,-19.450643,149.604391
68.423138,-9.164428,-0.203337,-0.839365,-1.051173,-19.371262,144.805571
67.458335,-9.296009,-0.156929,-1.173976,-0.595492,-19.407436,146.145048
69.273170,-8.756588,-0.185379,-1.112851,-0.817440,-19.343280,142.929998
66.368905,-8.611953,-0.108835,-1.082232,-0.610183,-19.428637,146.931662
72.073399,-10.441727,-0.172071,-1.037771,-0.605950,-19.260224,135.930423
67.963350,-9.538419,-0.228021,-0.800321,-1.111838,-19.387059,144.317278
68.148394,-8.015595,-0.158163,-0.846413,-1.094234,-19.369596,143.672040
66.284414,-7.806482,-0.130487,-1.086852,-0.784081,-19.435515,146.789619
67.062907,-8.234075,-0.152109,-1.204071,-0.707743,-19.413507,146.107851
66.130872,-9.851787,-0.152828,-0.679509,-0.848947,-19.442079,146.870974
66.843186,-10.120933,-0.223305,-0.715696,-1.051710,-19.411428,145.433514
66.839485,-9.062683,-0.095672,-0.785748,-0.729160,-19.414779,146.453652
67.608590,-9.262272,-0.159334,-0.750575,-0.926309,-19.392879,145.065145
67.373523,-9.018564,-0.162962,-0.824247,-0.888667,-19.399446,143.989250
64.986350,-11.064967,-0.197543,-1.065117,-0.513104,-19.489674,151.664506
70.522056,-8.854770,-0.137432,-0.886212,-0.846592,-19.315136,139.537067
67.631632,-11.043124,-0.219508,-0.895076,-0.717411,-19.400767,146.971458
66.881651,-9.187855,-0.202738,-0.912343,-0.900127,-19.411581,144.501498
70.075308,-9.559563,-0.195211,-1.096419,-0.720286,-19.315498,139.907292
66.204774,-9.400836,-0.156610,-1.182645,-0.571692,-19.444544,149.943842
70.752265,-9.524320,-0.142807,-0.749969,-0.872500,-19.295103,139.265833
68.588960,-10.684762,-0.147404,-0.859545,-0.604382,-19.360546,144.685095
66.491465,-9.119039,-0.110320,-0.560331,-1.045277,-19.425494,145.960327
67.245175,-8.520011,-0.126459,-0.766833,-0.923671,-19.400537,143.146185
67.883808,-10.550079,-0.121804,-0.774072,-0.607335,-19.382437,142.986646
66.968308,-7.456409,-0.155932,-1.161019,-0.918733,-19.415179,146.564778
69.680928,-8.846788,-0.068174,-0.937363,-0.626166,-19.324747,142.250819
63.879855,-8.193406,-0.204830,-1.117854,-0.917975,-19.527808,153.384933
68.733375,-10.569189,-0.187968,-0.748549,-0.823948,-19.367067,143.090521
67.821124,-9.385379,-0.161845,-0.761948,-0.917697,-19.388398,145.620050
64.681180,-10.343476,-0.228219,-0.977497,-0.740491,-19.492235,152.360519
65.665548,-7.503443,-0.074886,-1.053525,-0.719558,-19.441423,147.292954
66.508888,-7.742401,-0.130461,-0.991996,-0.871152,-19.421644,145.346774
67.854286,-9.700432,-0.185772,-0.697454,-1.008232,-19.390015,143.008460
69.303825,-7.931183,-0.107212,-0.813458,-1.010498,-19.339710,142.203615
67.035594,-9.615135,-0.199274,-0.725761,-1.059324,-19.416388,146.767172
68.415991,-7.574651,-0.097929,-0.860540,-0.976885,-19.362439,142.490052
68.518051,-7.577571,-0.136511,-1.105928,-0.876069,-19.367873,142.054326
69.877794,-9.281940,-0.140236,-0.732082,-0.919814,-19.317703,140.763372
66.285839,-7.515478,-0.120912,-0.924944,-0.969952,-19.435603,146.569797
67.049575,-9.711559,-0.128577,-0.640325,-0.851222,-19.404696,143.095560
67.046401,-9.730311,-0.201694,-0.780996,-0.978741,-19.424146,147.906849
68.073142,-9.632546,-0.145349,-0.806365,-0.772082,-19.381422,143.773691
64.167508,-10.718414,-0.149132,-0.835892,-0.561252,-19.506890,151.763791
67.282445,-8.859670,-0.211006,-1.023633,-0.932025,-19.409069,147.604974
64.359559,-8.596502,-0.209252,-0.978864,-0.995240,-19.509115,153.233136
68.273071,-9.854791,-0.116610,-0.652762,-0.815910,-19.373714,143.256605
68.959720,-11.440831,-0.197805,-0.719579,-0.749946,-19.349798,140.950693
69.000908,-9.701704,-0.214087,-0.750199,-1.097640,-19.358457,142.753769
69.023971,-8.791868,-0.166413,-1.033790,-0.792674,-19.354825,141.431689
67.123318,-9.871055,-0.183052,-1.043064,-0.655303,-19.411026,147.346393
67.334742,-9.975153,-0.234214,-0.921057,-0.881582,-19.407659,143.920213
65.555904,-11.319137,-0.220027,-0.883803,-0.672460,-19.469385,149.917798
66.527778,-9.339540,-0.191509,-1.279746,-0.597397,-19.427643,147.727321
68.012605,-8.667079,-0.160799,-1.074948,-0.739103,-19.372798,141.808933
67.599373,-7.376878,-0.164742,-1.237390,-0.914385,-19.390301,145.379207
68.939969,-8.692467,-0.194529,-0.882203,-1.043193,-19.352071,141.012126
67.364350,-7.637484,-0.083791,-0.749607,-1.028559,-19.394085,144.055801
66.902111,-10.696736,-0.130251,-0.790239,-0.595958,-19.416779,147.766973
67.708724,-8.170333,-0.048857,-1.024518,-0.601864,-19.384326,144.030522
71.159601,-11.008195,-0.238641,-0.764335,-0.981445,-19.291147,140.075981
71.087056,-10.014563,-0.102900,-0.596375,-0.870745,-19.289361,138.406393
68.123795,-9.209894,-0.188070,-1.067413,-0.758502,-19.380160,144.626683
66.503007,-9.941240,-0.135889,-0.877980,-0.630549,-19.436433,147.627959
66.698731,-7.643656,-0.134766,-0.861076,-1.059230,-19.428385,146.156129
70.399435,-7.921759,-0.205862,-1.068268,-1.117657,-19.311343,139.187095
67.196869,-10.767451,-0.181197,-0.943255,-0.603902,-19.414845,146.865523
68.500077,-11.090560,-0.206638,-0.768516,-0.783045,-19.370577,142.642116
69.947800,-10.352069,-0.140124,-0.777537,-0.693803,-19.324316,140.608907
67.125988,-9.378485,-0.204826,-0.925550,-0.890096,-19.407892,146.540639
69.189030,-9.027880,-0.211609,-0.899609,-1.057529,-19.347755,142.639454
66.987691,-8.617508,-0.132969,-1.239929,-0.591003,-19.419011,146.786006
68.822097,-7.935834,-0.169950,-1.133313,-0.894685,-19.357578,143.101421
65.130675,-7.961566,-0.092067,-1.071183,-0.650668,-19.459309,149.364995
69.672378,-9.783882,-0.185991,-1.207732,-0.596419,-19.335376,141.939239
71.008502,-9.424068,-0.234851,-0.818054,-1.207660,-19.290230,139.147629
67.881656,-7.919434,-0.156774,-0.880127,-1.072463,-19.381617,143.969362
62.046577,-8.324422,-0.121399,-0.835607,-0.816802,-19.579039,157.343315
66.853267,-8.098330,-0.144265,-1.205420,-0.706493,-19.418115,146.391680
67.636587,-9.805732,-0.174781,-0.637952,-1.026273,-19.396570,143.205851
65.653627,-9.208502,-0.222971,-0.793549,-1.122256,-19.456386,149.613400
67.155957,-9.256559,-0.090692,-0.731815,-0.728282,-19.405169,145.000873
67.286036,-9.235574,-0.163465,-0.786504,-0.916800,-19.401619,145.513488
67.698087,-8.932943,-0.153277,-0.983234,-0.746330,-19.389461,143.709288
65.009372,-10.749772,-0.157630,-0.953793,-0.527458,-19.484793,151.067227
68.542089,-8.997993,-0.188044,-0.913262,-0.937595,-19.373910,143.470569
69.609496,-10.953300,-0.219697,-0.940642,-0.716446,-19.341065,142.135439
68.520769,-8.438472,-0.169635,-1.029465,-0.838914,-19.357232,141.714133
68.828921,-9.531472,-0.207606,-1.064598,-0.780877,-19.359584,142.849526
66.002188,-9.111738,-0.171960,-1.300210,-0.578860,-19.451572,151.061597
70.381555,-8.745719,-0.153213,-1.019207,-0.783484,-19.309121,138.857254
70.661298,-11.103199,-0.142697,-0.829207,-0.576454,-19.291013,139.263294
64.957972,-9.190442,-0.110904,-0.514954,-1.088790,-19.474693,148.980543
66.287007,-8.157904,-0.142088,-0.857615,-0.940459,-19.431438,145.245750
68.375273,-11.039068,-0.145950,-0.827357,-0.569941,-19.366772,142.561880
66.088168,-7.175900,-0.191483,-1.302583,-0.984364,-19.441393,148.904459
69.354005,-9.652364,-0.090504,-0.694191,-0.759896,-19.337123,142.792489
65.208121,-8.202166,-0.218611,-1.113731,-0.998379,-19.486954,150.577606
69.897271,-9.924180,-0.152573,-0.714701,-0.859081,-19.321511,138.945832
66.947157,-9.033491,-0.157754,-0.824619,-0.889036,-19.414913,147.104473
63.422644,-10.516897,-0.222301,-1.013666,-0.639364,-19.531055,153.543534
67.371431,-7.765350,-0.115971,-0.978289,-0.855354,-19.392856,144.308102
67.406619,-9.107591,-0.114305,-0.912847,-0.647391,-19.385646,142.770354
68.991997,-9.777815,-0.175068,-0.709984,-0.954466,-19.351926,141.256418
70.032145,-7.742616,-0.134835,-0.884401,-1.071540,-19.319337,140.813450
67.231648,-9.778561,-0.191925,-0.708515,-1.018231,-19.411399,146.546224
67.500580,-7.634835,-0.117269,-0.863478,-1.021131,-19.389868,144.194450
68.339237,-7.505108,-0.145116,-1.160004,-0.873472,-19.371730,142.787132
70.865340,-8.964293,-0.137255,-0.742421,-0.969382,-19.288244,137.981960
66.198062,-7.757245,-0.142821,-0.919424,-0.994792,-19.440704,146.934388
69.737652,-10.674003,-0.165505,-0.702216,-0.792495,-19.324808,140.023604
65.655056,-10.402904,-0.232470,-0.776965,-0.969755,-19.475653,151.291647
66.393143,-8.960647,-0.131626,-0.904578,-0.733649,-19.433874,147.013843
64.397600,-10.761603,-0.181143,-0.835149,-0.640056,-19.500780,151.919012
67.719917,-8.609697,-0.201781,-1.107767,-0.885888,-19.395456,146.388938
66.691670,-8.122772,-0.194599,-0.962452,-1.091695,-19.429088,147.740635
68.525493,-9.729667,-0.117999,-0.670899,-0.834812,-19.366349,143.123457
69.123657,-11.291001,-0.212968,-0.824263,-0.730057,-19.348689,141.500343
69.678675,-9.375166,-0.203040,-0.739767,-1.147326,-19.335000,141.545399
69.391124,-8.471015,-0.158121,-1.107013,-0.759368,-19.335207,139.886688
66.908885,-8.165923,-0.151219,-1.106311,-0.788841,-19.419238,148.354421
68.708522,-10.254119,-0.230984,-0.851494,-0.922484,-19.361946,141.711279
65.392061,-11.350591,-0.217021,-0.882061,-0.657015,-19.473580,150.160993
67.351464,-8.665395,-0.203133,-1.288829,-0.728169,-19.400365,146.141791
68.118147,-8.679614,-0.154494,-1.024919,-0.757432,-19.370249,142.323138
67.262178,-6.962966,-0.161612,-1.234481,-1.002407,-19.399216,145.619940
67.434225,-8.639267,-0.180375,-0.874484,-0.979300,-19.398078,143.755980
68.169259,-7.290501,-0.144510,-0.934103,-1.144584,-19.376502,142.745775
66.888140,-11.030848,-0.162063,-0.820983,-0.622593,-19.419372,148.937486
68.667987,-8.383451,-0.048418,-1.029152,-0.570618,-19.348635,141.440587
71.522648,-11.180155,-0.238753,-0.747612,-0.979668,-19.279516,139.535908
70.971179,-9.511628,-0.101894,-0.622967,-0.923766,-19.294354,137.168348
68.960152,-9.557199,-0.194149,-0.901402,-0.850582,-19.351355,142.404159
67.002964,-9.935209,-0.122397,-0.795137,-0.667225,-19.417609,146.218651
64.323407,-7.814232,-0.169921,-0.860698,-1.138659,-19.512968,151.695670
69.470964,-7.587721,-0.191889,-1.121681,-1.092107,-19.341574,140.876180
65.647474,-10.449096,-0.204843,-1.008340,-0.648824,-19.468554,150.259336
67.320577,-11.362413,-0.227556,-0.836235,-0.744903,-19.414404,146.681622
68.335591,-10.107563,-0.149759,-0.898473,-0.648796,-19.374526,143.667162
68.113158,-8.892065,-0.185169,-0.998663,-0.849652,-19.374227,143.835053
68.101406,-8.837474,-0.205365,-0.838818,-1.158679,-19.391739,146.480763
66.158601,-8.347354,-0.116721,-1.251571,-0.577916,-19.445176,148.499813
68.817675,-7.805214,-0.164854,-1.102380,-0.940918,-19.358310,143.789595
66.338618,-8.619288,-0.155990,-1.049495,-0.723256,-19.431879,146.551335
69.508874,-9.542183,-0.183408,-1.203023,-0.627351,-19.339789,142.106312
70.339640,-9.730629,-0.204408,-0.716986,-1.122642,-19.310334,140.695620
69.702849,-8.530847,-0.153859,-0.877121,-0.953371,-19.323689,140.262653
66.418040,-8.012472,-0.152538,-0.946146,-0.960323,-19.438318,148.704999
66.184819,-7.663421,-0.085225,-1.021346,-0.737419,-19.440531,146.803226
67.281762,-9.660510,-0.175141,-0.679909,-1.003773,-19.406527,144.621026
66.099501,-9.376663,-0.202312,-0.737702,-1.088577,-19.447512,149.532849
65.834564,-8.603753,-0.071936,-0.748210,-0.767032,-19.444759,147.129405
65.185229,-8.849919,-0.168234,-0.756490,-1.011984,-19.470800,150.589658
66.522117,-9.336241,-0.147462,-0.829909,-0.769270,-19.431311,145.454015
65.871055,-10.355290,-0.162543,-1.036938,-0.542238,-19.456749,149.387327
69.262593,-8.965901,-0.165171,-0.894568,-0.876847,-19.344620,141.475915
69.683938,-10.994411,-0.239732,-0.961603,-0.765217,-19.339940,142.477062
64.498429,-8.372315,-0.113302,-0.859727,-0.785538,-19.489853,149.758266
66.843765,-10.546884,-0.225942,-0.945718,-0.756297,-19.425552,147.907863
66.986244,-9.259814,-0.164952,-1.143537,-0.632309,-19.414750,147.341520
69.953657,-7.928528,-0.145020,-1.072502,-0.876710,-19.318317,139.890963
69.306530,-10.637355,-0.133413,-0.907776,-0.548749,-19.337314,141.884951
64.033509,-9.093998,-0.111617,-0.503806,-1.113345,-19.502422,150.763000
66.188748,-8.401401,-0.134023,-0.858699,-0.874407,-19.437654,145.794462
67.686055,-10.954193,-0.151101,-0.825730,-0.591530,-19.390870,144.583239
64.705547,-6.995507,-0.187491,-1.301363,-1.006232,-19.483732,151.649052
68.705823,-9.451718,-0.136585,-0.795225,-0.802486,-19.357568,143.292374
66.121730,-8.093699,-0.197207,-1.076150,-0.987045,-19.446808,147.770766
69.997426,-9.133274,-0.170389,-1.021032,-0.765863,-19.322042,140.210051
65.888590,-9.494946,-0.148772,-0.701569,-0.883009,-19.445951,149.529414
64.391929,-10.409494,-0.210231,-0.865838,-0.755549,-19.504828,152.290644
70.476663,-8.845697,-0.049207,-0.627733,-0.847405,-19.294664,137.209302
65.577378,-9.691261,-0.136893,-0.946047,-0.593026,-19.449460,148.009127
66.939637,-8.946996,-0.153976,-0.789440,-0.926842,-19.419036,146.315146
69.437137,-8.365215,-0.143390,-0.785020,-1.079272,-19.339810,141.506580
68.834969,-9.507898,-0.200001,-0.756855,-1.088131,-19.364317,145.010943
68.297663,-7.450037,-0.168984,-1.001988,-1.132431,-19.373519,143.512939
65.568319,-7.617361,-0.099717,-1.060561,-0.756741,-19.457638,147.543112
69.019727,-8.058632,-0.118302,-0.857679,-0.952336,-19.346323,141.281760
64.979156,-7.542717,-0.135867,-0.952525,-0.952298,-19.478088,149.199134
69.628059,-10.636576,-0.165171,-0.729674,-0.762127,-19.330199,139.748810
62.922272,-9.125060,-0.201485,-0.738468,-1.086471,-19.556813,156.366528
64.970767,-9.081500,-0.130566,-0.963365,-0.643899,-19.473704,149.620322
64.567087,-10.606547,-0.220498,-0.803351,-0.833146,-19.501673,152.955485
68.172119,-8.409804,-0.205113,-1.173504,-0.891233,-19.384778,145.666336
64.715445,-8.285125,-0.217171,-1.007926,-1.067892,-19.495279,152.022957
68.882409,-10.616417,-0.129087,-0.689472,-0.701775,-19.355912,142.018231
70.088670,-11.302368,-0.200723,-0.840347,-0.685755,-19.315172,139.081659
69.138621,-9.281304,-0.196789,-0.794477,-1.057442,-19.351385,141.893367
69.355216,-8.977998,-0.193999,-0.998568,-0.871926,-19.342313,139.867132
67.111913,-8.754084,-0.166233,-0.964516,-0.842822,-19.413795,147.124815
69.058326,-10.449278,-0.214842,-0.818957,-0.874806,-19.352992,141.689692
67.075230,-11.037110,-0.228924,-0.939976,-0.708770,-19.423018,147.343478
67.154143,-7.903718,-0.158078,-1.143686,-0.820040,-19.404141,145.121879
66.767755,-8.946824,-0.146691,-0.985205,-0.702932,-19.412500,145.314962
66.472406,-7.073120,-0.130954,-1.071141,-0.986591,-19.423719,146.299920
65.434116,-8.565060,-0.175020,-0.952232,-0.887870,-19.468317,150.159737
66.774197,-7.131764,-0.155588,-1.004854,-1.135524,-19.420726,145.730039
65.493833,-10.709505,-0.149040,-0.872584,-0.557553,-19.460757,149.898911
69.271789,-7.922304,-0.014080,-1.086475,-0.552346,-19.328948,140.463868
71.140820,-11.137337,-0.227550,-0.735344,-0.950788,-19.291645,139.913083
69.028993,-9.481072,-0.091129,-0.673049,-0.789177,-19.352950,140.946493
68.639295,-8.728474,-0.151410,-0.871133,-0.878655,-19.358824,141.932990
67.591359,-10.146892,-0.161574,-0.769299,-0.779112,-19.400167,145.763014
63.737304,-8.415934,-0.174321,-0.757816,-1.137252,-19.531384,153.926694
68.622602,-7.299589,-0.183682,-1.206347,-1.037880,-19.365322,142.477647
64.142647,-10.470073,-0.210805,-1.043582,-0.622178,-19.511388,153.466335
68.452574,-11.561954,-0.218966,-0.728149,-0.804909,-19.379028,144.095336
68.917833,-10.266924,-0.185054,-0.809402,-0.801364,-19.358132,141.985388
67.964177,-8.666843,-0.171439,-1.067674,-0.783948,-19.376419,143.326647
69.025151,-9.026354,-0.243827,-0.932200,-1.206811,-19.362908,145.783325
66.259934,-8.516237,-0.111431,-1.156302,-0.595034,-19.440185,147.883074
69.407876,-7.813536,-0.158323,-1.117921,-0.901662,-19.335384,142.118348
67.307500,-9.234451,-0.149983,-0.829020,-0.815866,-19.406188,144.913288
69.772474,-9.047214,-0.181218,-1.224011,-0.684536,-19.335484,141.708446
68.299769,-9.951455,-0.203777,-0.769651,-0.961345,-19.375257,144.471983
69.191928,-8.654646,-0.153673,-0.890868,-0.888382,-19.337411,140.872758
64.582081,-8.280447,-0.127279,-1.048126,-0.697072,-19.481780,150.734711
66.723772,-6.873051,-0.113024,-1.103621,-0.938288,-19.416150,145.244660
68.247844,-9.519756,-0.181889,-0.679662,-1.079850,-19.378845,143.361294
65.714306,-9.546854,-0.158426,-0.669738,-0.941022,-19.454082,148.993561
65.649446,-8.374642,-0.061907,-0.728234,-0.806832,-19.449276,147.471490
62.051279,-8.545750,-0.200615,-0.794442,-1.123660,-19.580962,158.072487
68.042218,-9.333541,-0.158769,-0.785303,-0.891574,-19.387775,144.084424
63.845178,-9.974953,-0.145198,-1.187541,-0.452847,-19.522952,153.544116
67.735144,-9.168230,-0.189568,-0.915230,-0.897926,-19.393533,144.927207
69.323180,-10.657177,-0.235101,-0.968743,-0.798486,-19.350810,143.044701
64.946870,-8.368859,-0.139630,-0.789775,-0.975138,-19.478731,149.873499
67.624305,-10.965766,-0.221705,-0.913742,-0.718060,-19.399171,145.935669
67.522778,-9.628008,-0.171178,-1.096806,-0.626203,-19.397491,145.371404
67.780771,-7.444033,-0.103257,-1.034195,-0.855585,-19.385199,143.716442
69.406347,-10.826026,-0.143166,-0.915107,-0.547396,-19.334259,141.802683
65.601408,-9.147131,-0.108361,-0.559053,-1.029200,-19.454764,147.675539
66.761012,-8.237808,-0.143808,-0.803931,-0.988746,-19.413684,143.192005
65.880410,-11.251131,-0.160695,-0.752499,-0.601003,-19.447306,146.483935
64.495660,-7.091033,-0.193211,-1.308959,-0.994553,-19.491490,152.166521
70.495993,-9.478228,-0.153018,-0.709204,-0.955482,-19.297213,139.225403
65.061556,-7.945181,-0.198566,-1.003207,-1.067196,-19.481653,150.397996
68.420941,-9.298673,-0.217304,-0.824995,-1.120726,-19.382010,146.047727
65.175938,-9.677377,-0.132901,-0.700734,-0.806199,-19.472913,150.905558
64.682715,-10.738449,-0.188421,-0.774939,-0.724913,-19.494563,152.284753
70.345048,-8.214760,-0.064354,-0.704971,-0.929862,-19.299641,137.461943
65.079876,-9.965631,-0.155465,-0.999426,-0.565172,-19.468199,149.088769
66.756551,-8.873794,-0.184134,-0.831932,-1.011169,-19.432496,146.987836
69.832737,-8.373744,-0.151609,-0.816063,-1.059359,-19.327566,140.839753
68.076908,-10.023499,-0.224654,-0.769931,-1.058120,-19.391291,146.789794
67.208388,-8.051363,-0.175442,-0.829655,-1.185082,-19.408800,145.934746
65.335427,-7.446914,-0.089932,-1.052669,-0.757132,-19.463324,147.415815
68.192678,-7.871460,-0.131374,-0.852763,-1.032943,-19.374303,143.271739
65.844865,-7.804787,-0.140257,-1.027653,-0.863349,-19.452126,147.690702
69.162852,-10.807024,-0.163518,-0.723372,-0.731122,-19.344582,141.048796
65.113167,-8.205169,-0.195678,-0.903262,-1.095851,-19.481050,150.098113
66.617845,-9.554914,-0.135910,-0.921949,-0.645564,-19.423771,147.009782
64.701276,-10.709780,-0.215510,-0.807760,-0.797862,-19.498095,152.877448
70.219717,-8.114239,-0.186153,-1.226507,-0.857348,-19.311450,139.892127
64.634509,-8.404912,-0.227220,-0.984300,-1.108511,-19.499733,152.699386
67.505074,-10.113691,-0.148596,-0.770554,-0.734432,-19.395600,144.336069
69.255471,-11.449754,-0.203853,-0.877191,-0.637403,-19.343344,141.405518
67.940959,-9.392590,-0.198223,-0.805089,-1.008617,-19.390297,144.644127
67.055690,-8.694221,-0.187488,-0.921596,-0.951328,-19.421245,144.694907
66.025962,-9.371693,-0.169880,-0.801342,-0.881485,-19.448863,149.604020
69.387182,-11.136275,-0.238869,-0.844822,-0.835033,-19.346414,141.747359
65.243441,-10.255633,-0.163414,-0.827873,-0.683893,-19.477533,150.416760
68.463593,-8.015152,-0.153766,-0.910683,-0.994777,-19.363210,140.725780
67.329946,-9.254014,-0.169058,-1.031261,-0.705156,-19.402469,144.920549
67.615932,-7.051465,-0.156403,-1.173104,-0.996415,-19.390580,144.542390
65.310982,-9.617333,-0.185665,-0.842085,-0.841046,-19.471310,150.629983
66.087671,-7.685067,-0.140166,-0.894284,-1.032520,-19.444375,146.791904
67.530118,-10.664937,-0.154733,-0.841237,-0.618506,-19.392741,144.798148
68.129870,-7.566320,-0.041015,-1.140819,-0.622214,-19.371947,143.206870
70.588651,-11.394898,-0.223947,-0.722255,-0.890336,-19.308428,140.680796
68.579376,-10.115176,-0.159315,-0.676699,-0.891819,-19.369985,142.722780
66.380652,-9.460022,-0.132871,-0.801328,-0.733474,-19.429747,146.477844
68.710964,-10.908144,-0.149390,-0.772977,-0.645735,-19.364219,143.529569
64.899488,-8.363923,-0.175163,-0.764077,-1.157232,-19.491061,151.366644
69.259096,-7.520237,-0.192363,-1.182700,-1.052507,-19.346856,141.302734
63.480612,-10.677285,-0.216068,-1.063968,-0.585869,-19.533003,155.037365
68.889804,-11.003319,-0.201258,-0.690802,-0.882504,-19.364277,143.194029
67.345882,-9.708447,-0.165240,-0.789263,-0.815488,-19.409376,144.997003
68.358085,-8.878022,-0.185768,-1.116060,-0.767797,-19.362684,142.561587
68.125834,-8.876044,-0.236400,-0.957098,-1.151259,-19.389467,146.852391
66.756134,-8.565358,-0.106743,-1.163838,-0.576276,-19.425274,147.142127
69.288732,-7.929662,-0.158019,-1.120878,-0.873184,-19.338533,142.277421
66.859509,-9.217546,-0.170576,-0.836548,-0.890954,-19.425431,146.977346
69.394356,-9.188003,-0.180257,-1.196419,-0.675430,-19.346402,142.425098
67.029751,-10.473609,-0.180491,-0.872506,-0.673451,-19.408416,146.143674
70.977939,-9.162824,-0.171070,-0.910640,-0.860957,-19.283395,137.496115
64.884215,-7.517867,-0.119250,-1.073862,-0.798284,-19.473203,150.449919
67.877042,-7.092637,-0.135216,-1.143875,-0.949662,-19.379322,143.375382
67.236055,-9.522196,-0.167859,-0.608651,-1.107472,-19.411404,145.606750
67.579764,-9.809809,-0.174872,-0.704896,-0.947621,-19.398630,145.898486
64.960481,-8.408239,-0.044906,-0.624354,-0.857283,-19.472516,149.010231
68.485361,-9.290936,-0.191997,-0.919150,-0.897714,-19.375083,144.070244
70.917540,-8.912442,-0.166707,-0.771117,-1.074007,-19.299998,138.014551
63.928214,-9.862033,-0.138601,-1.171095,-0.465369,-19.519477,153.267427
65.329453,-10.164320,-0.191346,-0.941723,-0.672831,-19.470207,149.608466
70.276952,-9.626834,-0.211563,-1.094910,-0.766077,-19.310335,139.467584
64.771941,-7.529513,-0.155265,-0.832637,-1.181040,-19.484225,150.530578
70.049011,-10.726844,-0.227821,-0.971501,-0.755338,-19.317824,140.420995
67.307006,-9.867728,-0.176553,-1.110169,-0.593146,-19.405425,145.998949
67.554659,-7.310880,-0.116427,-1.038267,-0.919795,-19.395209,144.148163
69.167778,-10.363165,-0.122884,-0.917628,-0.546063,-19.340174,142.066979
65.132466,-9.103157,-0.099455,-0.547719,-1.011267,-19.467908,148.295894
66.895537,-8.497894,-0.157717,-0.862776,-0.927093,-19.406078,144.233401
65.294411,-11.113362,-0.174245,-0.724728,-0.661590,-19.460842,147.062173
67.095920,-7.224805,-0.176345,-1.228639,-0.996228,-19.409550,146.102031
69.521797,-9.574531,-0.138851,-0.683709,-0.916426,-19.333044,140.802948
66.216596,-8.226173,-0.196651,-0.966262,-1.052781,-19.444528,148.244440
69.931078,-9.002752,-0.216438,-0.848431,-1.178840,-19.330924,142.799399
65.935347,-10.738434,-0.168558,-0.703642,-0.753413,-19.452234,149.266496
63.953167,-9.996346,-0.165906,-0.806346,-0.730079,-19.513273,153.289991
69.235679,-8.779158,-0.096963,-0.628737,-1.015490,-19.339861,140.429213
65.357857,-10.410780,-0.183118,-1.048902,-0.553969,-19.460390,148.955620
68.361865,-9.565310,-0.183125,-0.692555,-1.078598,-19.385034,144.682298
67.943217,-8.438704,-0.129506,-0.825693,-0.934337,-19.382866,143.566777
68.098948,-10.225519,-0.233247,-0.756110,-1.076952,-19.392634,147.319639
69.173958,-8.537221,-0.188934,-0.784658,-1.214392,-19.349525,142.511686
64.461432,-7.762075,-0.094356,-1.100536,-0.670557,-19.493590,149.423406
68.138129,-8.352797,-0.127663,-0.846123,-0.926308,-19.378260,143.544056
65.455294,-8.329805,-0.142131,-0.880537,-0.889225,-19.467556,148.430407
68.460971,-10.128530,-0.143093,-0.757599,-0.723825,-19.359485,141.659502
67.983117,-9.007117,-0.201731,-0.872194,-1.039475,-19.394650,144.958897
66.002463,-9.440898,-0.149101,-1.056400,-0.590298,-19.444919,148.167416
64.410166,-10.542935,-0.187767,-0.723092,-0.808983,-19.500933,153.288747
70.125193,-8.976766,-0.191572,-1.155044,-0.772658,-19.317908,140.423603
65.151942,-8.345221,-0.221790,-1.042279,-1.045102,-19.481141,151.341648
67.673231,-9.946721,-0.106912,-0.662706,-0.734875,-19.387122,142.861746
69.239224,-11.481722,-0.206649,-0.882320,-0.639570,-19.344565,141.456968
65.997046,-9.491364,-0.135182,-0.873829,-0.667763,-19.444935,146.911466
67.599873,-8.323639,-0.164615,-0.890683,-0.991732,-19.396072,144.076616
68.129078,-9.020676,-0.176831,-0.818531,-0.993142,-19.383707,145.712336
68.755799,-11.171407,-0.228939,-0.774731,-0.850522,-19.369021,143.014733
65.547528,-10.137746,-0.167619,-0.947699,-0.618973,-19.473871,149.489618
69.596769,-7.859334,-0.164941,-0.912157,-1.090247,-19.323686,138.176335
67.641807,-8.306692,-0.162612,-1.067864,-0.822321,-19.392074,144.241318
67.731552,-7.122553,-0.156000,-1.142795,-1.010213,-19.387097,144.256295
64.807910,-10.076356,-0.221666,-0.844074,-0.880508,-19.490522,152.741275
65.929811,-7.360319,-0.140723,-0.949426,-1.057451,-19.451356,146.505982
67.016531,-10.544264,-0.158616,-0.925226,-0.576262,-19.409993,145.970037
68.434946,-7.484186,-0.036575,-1.137658,-0.635965,-19.361195,142.562264
73.100070,-10.262512,-0.219861,-0.715402,-1.132063,-19.239403,135.824968
68.681931,-9.507305,-0.142147,-0.653634,-0.967384,-19.366021,141.626458
65.302506,-8.586004,-0.137680,-0.839353,-0.862217,-19.467149,149.490489
68.220381,-10.838022,-0.152577,-0.774346,-0.651573,-19.376491,144.268582
61.189661,-6.549559,-0.062937,-0.831985,-1.061012,-19.599134,158.311982
69.946709,-7.997777,-0.221649,-1.159177,-1.111893,-19.332237,140.562961
65.151723,-10.383477,-0.230287,-1.088780,-0.664471,-19.478815,151.357068
69.261132,-10.960794,-0.206344,-0.693654,-0.908142,-19.353938,142.409280
69.887819,-9.916309,-0.209482,-0.819209,-0.950653,-19.329594,140.636404
65.228109,-8.667760,-0.124698,-1.163408,-0.575264,-19.467567,150.164662
68.510140,-8.941368,-0.244621,-0.978896,-1.156976,-19.377414,146.350773
65.962921,-8.520849,-0.129178,-1.193603,-0.615036,-19.452351,149.270410
67.910328,-7.731557,-0.120181,-1.005523,-0.862823,-19.385780,143.139039
66.567309,-9.092865,-0.157008,-0.849805,-0.838195,-19.431152,146.966394
69.165498,-8.212243,-0.153092,-1.248595,-0.723588,-19.347551,142.708347
66.426400,-10.177029,-0.180261,-0.911475,-0.686838,-19.429783,148.441692
69.715357,-9.178598,-0.195961,-0.943523,-0.918926,-19.327234,141.268656
65.508326,-7.315204,-0.121442,-1.130835,-0.820420,-19.454365,149.628975
67.050425,-6.896393,-0.120627,-1.273641,-0.837557,-19.406423,146.027126
64.105513,-9.395621,-0.148080,-0.651328,-0.956514,-19.509490,152.194678
68.363263,-8.873395,-0.150047,-0.735111,-1.013044,-19.366917,143.773625
64.655297,-8.569506,-0.053491,-0.652518,-0.826806,-19.482552,149.870131
67.307550,-9.936004,-0.190443,-0.869191,-0.794841,-19.404786,146.486702
71.052270,-9.113862,-0.184547,-0.770358,-1.100795,-19.296463,138.165191
64.092708,-9.850829,-0.140693,-1.169906,-0.472906,-19.514032,152.900699
64.920629,-8.963722,-0.159366,-1.080491,-0.648897,-19.482656,150.140386
69.883442,-9.667212,-0.192927,-1.147059,-0.663472,-19.322195,140.247816
64.395343,-7.250262,-0.145936,-0.894386,-1.137638,-19.493993,151.182474
70.201991,-10.622395,-0.233505,-1.010570,-0.754459,-19.314588,140.008770
69.304303,-9.585866,-0.201128,-1.129185,-0.708471,-19.343787,142.166656
66.519297,-7.983568,-0.107804,-0.943970,-0.815387,-19.428228,146.112100
68.016248,-9.985444,-0.108168,-0.867413,-0.577924,-19.377539,144.207896
64.759415,-9.449484,-0.096428,-0.522479,-0.967068,-19.477192,148.724355
68.940848,-9.355401,-0.191969,-0.780666,-1.025000,-19.350230,142.415506
65.988334,-10.727385,-0.178524,-0.822696,-0.665888,-19.443576,147.976455
66.332387,-7.186372,-0.190022,-1.270910,-1.027558,-19.436388,147.569231
65.921537,-9.720348,-0.119796,-0.709272,-0.731687,-19.443850,147.585382
63.718820,-8.281548,-0.199171,-1.027425,-0.941814,-19.518650,154.293870
68.428127,-9.394078,-0.194676,-0.742581,-1.078241,-19.375325,144.734286
66.973573,-11.367250,-0.174159,-0.603174,-0.818181,-19.414987,148.292976
66.168500,-10.270767,-0.204062,-0.904698,-0.741139,-19.442793,148.904741
67.516769,-8.129403,-0.102064,-0.761777,-0.962788,-19.391987,143.810316
66.489511,-9.728091,-0.190150,-1.181498,-0.598407,-19.431454,147.464340
68.943925,-9.455256,-0.140772,-0.574404,-1.157163,-19.371705,143.327408
67.315670,-8.535959,-0.144420,-0.725590,-1.075709,-19.404943,145.431148
68.208438,-10.426294,-0.242316,-0.740439,-1.112651,-19.389844,146.893334
68.796884,-8.497424,-0.185976,-0.832105,-1.134552,-19.361488,142.247533
63.500210,-7.191978,-0.070725,-1.110122,-0.697885,-19.526043,150.822930
70.321777,-8.429601,-0.112668,-0.840798,-0.878464,-19.309393,138.772132
66.763258,-8.498050,-0.158021,-0.859347,-0.958679,-19.424558,146.217002
68.744417,-10.578649,-0.160730,-0.744150,-0.731500,-19.352006,141.676332
67.729899,-8.909639,-0.206266,-0.894081,-1.039684,-19.401866,145.893382
67.651888,-9.292595,-0.180650,-1.149716,-0.658513,-19.389649,145.153373
65.103992,-10.478849,-0.186459,-0.702998,-0.842589,-19.480266,151.824638
68.212750,-7.615815,-0.152971,-1.119158,-0.916694,-19.377067,143.717595
66.306071,-9.316699,-0.233570,-0.945928,-0.999998,-19.444325,149.247695
67.166891,-10.343482,-0.134269,-0.820392,-0.601976,-19.404457,143.356832
70.103690,-11.577337,-0.209039,-0.809839,-0.696959,-19.315705,139.680362
65.253733,-9.080262,-0.139660,-0.863092,-0.732994,-19.465796,147.945219
66.824141,-8.187104,-0.131581,-0.829909,-0.932793,-19.419837,143.793199
67.256601,-8.360598,-0.189813,-0.902498,-1.091211,-19.412561,147.296449
70.327596,-11.243058,-0.231000,-0.774420,-0.875294,-19.320577,139.584473
68.050902,-9.835289,-0.140687,-0.879547,-0.658790,-19.385855,143.725488
69.089020,-8.448760,-0.180050,-0.893786,-1.053111,-19.347402,140.841649
68.341949,-8.705790,-0.189043,-1.151571,-0.777118,-19.367707,142.830438
68.058484,-7.333443,-0.149149,-1.041642,-1.022965,-19.376094,143.442843
67.266180,-10.211763,-0.218712,-0.851025,-0.859412,-19.406365,145.963436
66.225719,-8.113882,-0.181035,-0.906886,-1.071320,-19.445830,147.539797
66.192879,-10.120196,-0.138774,-0.945371,-0.555208,-19.433403,147.742444
68.638219,-7.242996,-0.007653,-1.110433,-0.638894,-19.352943,141.792666
70.224176,-9.904003,-0.215493,-0.773151,-1.066129,-19.324289,141.389191
67.478056,-9.023936,-0.100858,-0.651649,-0.907779,-19.392828,143.775322
64.302067,-7.922837,-0.153760,-0.982395,-0.898443,-19.502326,152.034085
67.529758,-10.456683,-0.164434,-0.861315,-0.659619,-19.397537,146.136079
63.129052,-6.846572,-0.073715,-0.811037,-1.054057,-19.532614,153.641555
70.252540,-7.907458,-0.218554,-1.117029,-1.156277,-19.321068,139.538844
64.503754,-10.238840,-0.203876,-1.038564,-0.630407,-19.500026,151.235595
68.375949,-10.531061,-0.191215,-0.672770,-0.940164,-19.384503,144.371180
70.462967,-9.643490,-0.191900,-0.809511,-0.953509,-19.307889,139.472199
65.055736,-8.698434,-0.123660,-1.123890,-0.594605,-19.473847,150.472595
68.176143,-8.398891,-0.200412,-0.950789,-1.081779,-19.383795,144.757185
66.110174,-7.986066,-0.110182,-1.162498,-0.682190,-19.452161,149.164850
66.991370,-7.453173,-0.101104,-0.944689,-0.901266,-19.412219,143.598151
66.432347,-9.311250,-0.173220,-0.866098,-0.835540,-19.433931,148.909735
69.536786,-7.742213,-0.149162,-1.226108,-0.811124,-19.334404,141.962314
65.040105,-9.966452,-0.133474,-0.944039,-0.555536,-19.469040,150.988257
68.343035,-8.702448,-0.200541,-0.966061,-0.988072,-19.372827,144.209789
63.560530,-7.407217,-0.131835,-0.962639,-0.948648,-19.519686,153.654919
67.079247,-7.036695,-0.122324,-1.243841,-0.849764,-19.405760,146.046303
63.599670,-9.125069,-0.146839,-0.624710,-1.029025,-19.524799,153.440820
69.847597,-8.801853,-0.127294,-0.608784,-1.186131,-19.326131,141.335028
65.420479,-8.772518,-0.057171,-0.608747,-0.850861,-19.456923,147.983532
68.604034,-8.870309,-0.181496,-0.897467,-0.961603,-19.363654,144.564898
69.947774,-8.737598,-0.149810,-0.814144,-0.973635,-19.335134,139.938653
64.052658,-9.829801,-0.140645,-1.176694,-0.469713,-19.515411,152.965913
65.753086,-8.262004,-0.127019,-1.043524,-0.708043,-19.451214,147.212272
69.211383,-10.243705,-0.197178,-0.999582,-0.684754,-19.343607,141.644844
65.310336,-8.741328,-0.162719,-0.726114,-1.042291,-19.459667,149.934035
68.727175,-10.687214,-0.210784,-0.893415,-0.742648,-19.360139,143.093254
68.134230,-8.916836,-0.201126,-1.188696,-0.759941,-19.378819,144.427610
67.612183,-7.840124,-0.135120,-1.076723,-0.835598,-19.392490,145.038672
68.607050,-10.569653,-0.137730,-0.811692,-0.626462,-19.358756,143.848779
64.389474,-9.434724,-0.085839,-0.467916,-0.996262,-19.486488,149.133478
66.073814,-8.658556,-0.192397,-0.807041,-1.098225,-19.435749,148.053384
66.922980,-10.720955,-0.220080,-0.918965,-0.727029,-19.421547,146.102582
65.918461,-7.036989,-0.192140,-1.304168,-1.036171,-19.448822,148.719808
64.870046,-9.966053,-0.136251,-0.687886,-0.757913,-19.473862,149.847020
66.489100,-8.485939,-0.169948,-1.011031,-0.856575,-19.428290,147.663820
63.625764,-9.803599,-0.183090,-0.848118,-0.766215,-19.528321,155.154848
67.306884,-11.314461,-0.167741,-0.628269,-0.784037,-19.402994,147.389337
66.368743,-10.333256,-0.183088,-0.969682,-0.624196,-19.432230,148.101486
67.614591,-8.131196,-0.071635,-0.688015,-0.947049,-19.379489,143.634819
65.467565,-9.754177,-0.184047,-1.247135,-0.542788,-19.468896,150.263745
69.311931,-9.473037,-0.141548,-0.579947,-1.141814,-19.349548,142.975689
67.583197,-8.425798,-0.151470,-0.757682,-1.081102,-19.397878,145.150600
68.265166,-10.160087,-0.234867,-0.773166,-1.090136,-19.386431,146.282672
69.713682,-8.557575,-0.190818,-0.819516,-1.178358,-19.334503,140.172810
64.768477,-7.175981,-0.091788,-1.167705,-0.752497,-19.482371,149.423600
71.594067,-10.100138,-0.154073,-0.850895,-0.720093,-19.268102,137.585620
65.877178,-8.844845,-0.162892,-0.857767,-0.894418,-19.458590,148.211144
67.606337,-10.414199,-0.138242,-0.710343,-0.709517,-19.390564,143.544397
68.098746,-9.200148,-0.202466,-0.774917,-1.134901,-19.396087,145.957794
68.587171,-8.931500,-0.189299,-1.201338,-0.722036,-19.361837,143.425008
66.911895,-10.171220,-0.192287,-0.938519,-0.702756,-19.420276,147.594393
68.124869,-7.658275,-0.155494,-1.119286,-0.912167,-19.379671,144.070850
65.884714,-9.198316,-0.223412,-0.951569,-0.961963,-19.457409,149.991716
67.427695,-10.470452,-0.147185,-0.824332,-0.620187,-19.397887,143.132342
69.046469,-11.382220,-0.195103,-0.742193,-0.736290,-19.349067,142.214638
66.973764,-7.863322,-0.152553,-1.033150,-0.908941,-19.412805,145.128590
65.431994,-8.921522,-0.139447,-0.706800,-0.956597,-19.467202,150.011858
66.737848,-8.242893,-0.176329,-0.779403,-1.211320,-19.423316,148.712160
70.008957,-10.973432,-0.227752,-0.802660,-0.875299,-19.328589,140.810679
68.444983,-10.067522,-0.178691,-0.959789,-0.693656,-19.377668,145.004558
67.919856,-7.708137,-0.175070,-1.085678,-0.986134,-19.384757,143.051921
68.065740,-8.458636,-0.181390,-1.159804,-0.795859,-19.378374,143.526942
68.076276,-7.237337,-0.135423,-1.021747,-1.029279,-19.372720,142.905094
68.602527,-10.542277,-0.210826,-0.770601,-0.887177,-19.365187,143.291112
64.895445,-8.278578,-0.194882,-0.927430,-1.058962,-19.491599,151.180256
63.841936,-9.432572,-0.108857,-0.917187,-0.574418,-19.505530,152.448023
68.106770,-7.201384,-0.020806,-1.139905,-0.644279,-19.372164,143.149627
70.144758,-10.087375,-0.233317,-0.790561,-1.100038,-19.331997,141.990003
68.414309,-9.536737,-0.139473,-0.697937,-0.868043,-19.360306,141.659013
64.860744,-7.717100,-0.170481,-0.961571,-1.049227,-19.488138,150.312477
66.827512,-10.683248,-0.189754,-0.868369,-0.680612,-19.419729,147.454978
64.283445,-7.188633,-0.085763,-0.874602,-0.963966,-19.495118,151.204193
70.228524,-8.248677,-0.247358,-1.060126,-1.292686,-19.329917,139.693345
65.590430,-10.128761,-0.213577,-0.886132,-0.807369,-19.465635,149.390437
67.987595,-10.437629,-0.215558,-0.715281,-0.998030,-19.397491,145.662498
68.318392,-9.288774,-0.164476,-0.740208,-0.966419,-19.376241,144.389636
64.423635,-8.640609,-0.120541,-1.123685,-0.598558,-19.498469,152.598321
67.835027,-8.142366,-0.192503,-1.043983,-1.011703,-19.393931,145.251479
65.253162,-8.526297,-0.105767,-1.148122,-0.579067,-19.476734,150.952981
65.659038,-7.729734,-0.123534,-1.007205,-0.845379,-19.458053,148.892062
68.031908,-8.860150,-0.165665,-0.957896,-0.835100,-19.387848,145.955668
67.144487,-8.406370,-0.175071,-1.066371,-0.852197,-19.412307,146.404874
65.567993,-9.950534,-0.131370,-0.937949,-0.570154,-19.452288,149.796371
59.874749,-9.649171,-0.202163,-0.788087,-0.856937,-19.656263,163.216520
66.371108,-7.786938,-0.163554,-1.092973,-0.902318,-19.432450,148.257235
68.072739,-7.307919,-0.144850,-1.234130,-0.880776,-19.373567,144.651484
64.441088,-9.123646,-0.158511,-0.716849,-0.958474,-19.500249,152.540483
67.416532,-8.601593,-0.151587,-0.709234,-1.121599,-19.398781,145.828736
65.430044,-8.694697,-0.057189,-0.579767,-0.903934,-19.456415,148.086625
68.891836,-8.614689,-0.174615,-0.836288,-1.046714,-19.349985,143.286278
70.429330,-8.122007,-0.134744,-0.789690,-1.119116,-19.309749,139.675034
64.165795,-9.968788,-0.131217,-1.112234,-0.462034,-19.508245,152.799505
66.561744,-8.852379,-0.145492,-0.942229,-0.744899,-19.428194,144.811822
69.338516,-9.696395,-0.174922,-1.051743,-0.670541,-19.337283,141.185512
65.596210,-9.111241,-0.161027,-0.718798,-0.981728,-19.454647,149.129148
69.141516,-10.394707,-0.221751,-0.855431,-0.885870,-19.352384,143.668937
68.951343,-9.083156,-0.208068,-1.191045,-0.768518,-19.354190,143.177671
67.255286,-7.915084,-0.156307,-1.119711,-0.847774,-19.404410,146.603240
67.781326,-10.167014,-0.125205,-0.794265,-0.658611,-19.383568,144.591896
65.096933,-8.293458,-0.106990,-0.613079,-1.114578,-19.470067,148.433234
66.544269,-8.307776,-0.182156,-0.887959,-1.051328,-19.431153,147.080722
67.273369,-10.712762,-0.221923,-0.889201,-0.761811,-19.411358,145.624013
66.194106,-7.043043,-0.193851,-1.317480,-1.037993,-19.439438,148.056763
66.337361,-10.864272,-0.215952,-0.810444,-0.775543,-19.436213,147.594912
68.581393,-7.620333,-0.145815,-0.929343,-1.049353,-19.351953,141.242521
64.145988,-10.524412,-0.189152,-0.886851,-0.647044,-19.512206,151.949585
67.333608,-11.341572,-0.174345,-0.645440,-0.783388,-19.402787,147.476607
68.893262,-10.601182,-0.219134,-0.956404,-0.741671,-19.359391,143.614607
69.527640,-9.005576,-0.150052,-0.714695,-1.054461,-19.333734,141.689188
65.334758,-9.856124,-0.187496,-1.226373,-0.547686,-19.472758,150.392133
69.211565,-9.505079,-0.133979,-0.543685,-1.158183,-19.351770,143.273007
68.423710,-8.984913,-0.176758,-0.820690,-0.995955,-19.371480,143.558588
68.380255,-10.252074,-0.240692,-0.697185,-1.220188,-19.384881,146.689769
71.053916,-8.945628,-0.187225,-0.709659,-1.234913,-19.290397,136.954219
63.357605,-6.590826,-0.059589,-1.203250,-0.736454,-19.526967,151.706000
68.890466,-10.455913,-0.170758,-0.817406,-0.721339,-19.353253,143.058936
66.264072,-9.947826,-0.166310,-0.766833,-0.786073,-19.439976,146.530858
67.662432,-10.307567,-0.157211,-0.690697,-0.805632,-19.390780,144.029977
