69.610904,-7.639779,-0.161699,-1.024047,-1.020025,-0.065471,-19.330452,142.048843
67.711061,-8.347258,-0.136942,-0.829518,-0.968367,0.040004,-19.391548,144.457745
65.665154,-8.276974,-0.054717,-0.912283,-0.690894,0.086880,-19.451720,148.911970
67.318102,-8.034265,-0.182713,-1.042099,-1.023696,0.094714,-19.412035,145.616257
67.149750,-8.614731,-0.026365,-0.835112,-0.680761,0.109256,-19.410720,146.964070
69.630743,-7.952801,-0.116543,-1.212923,-0.694197,0.006769,-19.326062,139.892121
68.054970,-6.501000,-0.055399,-1.436812,-0.763347,0.114558,-19.378859,143.339776
67.314300,-7.793743,-0.147968,-1.214707,-0.793056,0.011340,-19.411126,146.245799
66.868075,-7.306028,-0.076011,-1.170665,-0.735366,0.054960,-19.419475,146.540626
68.769165,-6.600975,-0.109419,-1.336088,-0.924574,0.104574,-19.364419,142.855771
68.905243,-7.930356,-0.026755,-1.105769,-0.618274,0.126654,-19.351683,141.430745
68.174677,-7.136138,-0.019836,-0.977644,-0.830474,0.093027,-19.369057,144.978873
69.475541,-8.497372,-0.106929,-0.862619,-0.845062,0.040221,-19.332874,141.217952
70.371899,-8.668407,-0.040677,-1.033399,-0.591278,0.069587,-19.310071,141.086453
66.993398,-7.651930,-0.105988,-1.029163,-0.832646,0.036219,-19.417936,146.377975
68.483141,-7.038673,-0.020208,-0.986418,-0.811298,0.077471,-19.365015,142.801783
65.928145,-9.431183,-0.154510,-1.079862,-0.574812,-0.043147,-19.438486,148.173430
66.470238,-9.369850,-0.151752,-0.873666,-0.741755,0.008144,-19.427510,146.833362
67.196726,-8.414061,-0.162046,-1.186102,-0.718328,-0.007529,-19.402194,145.420272
66.387038,-7.241817,-0.049485,-0.963599,-0.833332,0.078090,-19.436227,146.656294
69.023072,-9.672518,-0.148711,-0.854325,-0.710664,-0.037529,-19.340736,140.532650
70.589843,-10.441946,-0.133179,-0.751281,-0.705649,0.015575,-19.299490,137.011461
69.964601,-7.971242,-0.001575,-1.022347,-0.673420,0.145358,-19.329604,142.228454
68.383327,-8.120998,-0.053252,-0.997488,-0.701823,0.125023,-19.368291,143.039733
69.815920,-9.176357,-0.221133,-0.932623,-0.914824,-0.177050,-19.313864,138.366521
66.036180,-7.717069,-0.159766,-1.052681,-0.909783,0.009166,-19.436494,147.570645
67.643682,-7.598133,-0.106938,-1.305101,-0.774947,0.171646,-19.406691,147.504125
65.005989,-7.688363,-0.130016,-1.057903,-0.822378,-0.003143,-19.476384,149.835055
66.195379,-7.615756,-0.121221,-1.042800,-0.852779,0.025960,-19.435874,147.120487
66.938249,-8.276147,-0.134422,-1.177650,-0.671121,0.006391,-19.406372,146.410046
64.726007,-8.793575,-0.166213,-0.961598,-0.769989,-0.041335,-19.483397,150.935374
72.119523,-6.867772,-0.040002,-1.012380,-0.938173,0.100704,-19.248879,134.658858
71.572360,-9.277962,-0.122164,-0.745115,-0.895876,0.047785,-19.280617,137.628529
70.064684,-9.110362,-0.148115,-0.769325,-0.947158,0.022783,-19.311808,140.277593
70.721093,-6.853160,-0.129832,-1.143264,-1.068626,0.057295,-19.298734,138.785198
64.830826,-8.563749,-0.138183,-0.933672,-0.789478,0.019497,-19.491516,151.929397
70.135462,-9.278853,-0.147120,-0.830600,-0.888306,0.084106,-19.324772,140.225335
67.420719,-8.999094,-0.138166,-1.055099,-0.645089,-0.014566,-19.395188,145.731420
65.516413,-7.831043,-0.078608,-1.310637,-0.617496,0.105509,-19.472352,151.258990
68.217506,-8.175933,-0.089684,-1.077550,-0.711085,0.086695,-19.378686,144.577125
68.207899,-8.440142,-0.165327,-1.039908,-0.823142,-0.011069,-19.373337,142.180811
71.080385,-6.886460,-0.023045,-0.855171,-0.994547,0.071629,-19.276568,136.818054
68.699162,-9.291798,-0.151333,-0.871685,-0.850553,0.079203,-19.377346,145.715825
65.357108,-7.830584,-0.110127,-1.065496,-0.752176,0.024879,-19.464404,149.428685
66.417437,-8.897544,-0.090482,-0.965270,-0.635872,0.046332,-19.435610,148.755383
72.231112,-9.608378,-0.121984,-1.164002,-0.579786,0.072270,-19.260923,139.432194
69.985024,-8.395693,-0.188125,-1.098878,-0.846461,-0.064223,-19.303892,139.006961
67.820701,-7.372854,-0.127764,-1.186448,-0.840809,0.050070,-19.389689,142.111738
68.069154,-7.874476,-0.083757,-0.856931,-0.985187,0.183853,-19.384247,145.785636
70.509884,-8.723994,-0.174105,-1.170735,-0.728518,-0.034644,-19.297851,139.518512
64.814092,-8.461941,-0.130464,-0.749061,-1.085025,0.158490,-19.502732,153.739449
66.675674,-7.917916,-0.117007,-1.134386,-0.658839,-0.074126,-19.408982,143.788262
66.031716,-7.298249,-0.016951,-1.206316,-0.614705,0.062537,-19.444176,148.633924
68.902440,-7.106989,-0.074089,-1.096922,-0.845533,0.019333,-19.355418,143.040678
67.821047,-7.763357,-0.076334,-0.874582,-0.893272,0.082530,-19.381025,143.713461
67.235500,-7.507466,-0.071746,-1.142989,-0.751134,0.104864,-19.416390,146.428701
67.082416,-7.870001,-0.144245,-1.193811,-0.766026,-0.009130,-19.408472,146.900951
66.935166,-7.848494,-0.202891,-1.206100,-0.857022,-0.138841,-19.406025,143.936714
66.678312,-8.154989,-0.129153,-1.240612,-0.675675,0.056116,-19.424185,147.199520
67.813439,-8.808739,-0.193880,-0.948087,-1.000561,0.061169,-19.407124,146.247826
69.350371,-8.938273,-0.176701,-0.848522,-0.995325,-0.015888,-19.344020,142.615298
66.009063,-8.325672,-0.194245,-1.171504,-0.854058,0.032522,-19.446455,148.641168
68.294475,-7.081803,-0.046382,-1.212253,-0.721708,0.063473,-19.373653,145.145071
71.788153,-8.171125,-0.021849,-0.948504,-0.715528,0.133121,-19.265377,136.428799
66.655498,-8.111030,-0.079625,-0.945867,-0.808605,0.207439,-19.431672,146.350671
70.096945,-8.642301,-0.072145,-0.926674,-0.723557,0.090136,-19.327380,141.305621
69.763275,-6.827382,-0.071600,-1.219550,-0.923347,0.177330,-19.343041,141.782157
68.410348,-8.706804,-0.132906,-1.058676,-0.668135,-0.012726,-19.360650,142.057346
69.278929,-8.921222,-0.081917,-0.824748,-0.735290,0.052390,-19.341367,140.736099
66.528640,-7.392485,-0.104766,-1.006525,-0.949807,0.139341,-19.441700,147.375461
68.481884,-8.766658,-0.157958,-1.142999,-0.666076,-0.038802,-19.359606,141.675122
67.995327,-7.103254,-0.062068,-0.958928,-1.036578,0.253829,-19.394258,145.936205
64.564467,-7.619162,-0.097272,-1.112374,-0.680276,-0.036910,-19.483082,150.959940
68.170199,-7.961043,-0.107775,-0.973674,-0.873932,0.089041,-19.385028,145.418235
67.141867,-6.831226,-0.059319,-1.340649,-0.709472,0.063047,-19.408749,146.384736
69.309088,-7.059844,-0.124530,-1.434597,-0.788497,0.058840,-19.343561,141.348992
71.044866,-9.027809,-0.087497,-0.961482,-0.653183,0.055269,-19.285681,138.215559
70.941504,-6.232001,-0.027723,-1.027036,-1.076126,0.169327,-19.287029,137.088413
69.889077,-7.942528,-0.167371,-1.252669,-0.829955,0.009377,-19.334233,140.691789
69.308906,-8.307795,-0.127213,-1.023419,-0.759242,-0.035566,-19.332351,141.596983
70.434785,-7.023577,-0.151482,-1.110962,-1.089161,-0.037151,-19.306784,140.373000
67.010409,-7.539721,-0.091756,-0.871725,-0.935797,0.017770,-19.404113,145.136444
66.999543,-8.119283,-0.039409,-0.951764,-0.690968,0.111906,-19.414926,146.676926
67.987561,-8.579802,-0.179237,-0.960800,-0.971692,0.058995,-19.389343,144.910268
62.387012,-8.140951,-0.016573,-0.737403,-0.733642,0.092151,-19.562821,155.561938
68.619375,-7.426125,-0.092934,-1.101046,-0.835534,0.056495,-19.365567,142.493349
68.629943,-6.313582,-0.066284,-1.479397,-0.787520,0.098359,-19.357583,141.739464
67.657030,-7.505202,-0.166969,-1.431461,-0.802337,0.054055,-19.407041,145.758161
65.903031,-7.346019,-0.090016,-1.089088,-0.749774,-0.031654,-19.434094,147.747546
69.291410,-6.648074,-0.080652,-1.108894,-1.063432,0.195283,-19.352151,142.504763
68.681797,-7.225079,-0.004789,-1.087148,-0.729143,0.176921,-19.362608,142.067589
69.965570,-7.396975,-0.001838,-0.968939,-0.781663,0.140561,-19.317681,140.603255
63.536970,-7.907017,-0.058918,-0.767383,-0.844901,0.056024,-19.523304,152.756423
70.721365,-8.852725,-0.029556,-1.014168,-0.599096,0.125276,-19.303686,140.928845
68.508854,-7.016268,-0.029425,-0.961608,-0.872828,0.066753,-19.366949,142.332768
71.868885,-8.060265,-0.090749,-1.284598,-0.668708,0.116309,-19.272729,136.519626
67.401372,-9.450934,-0.157325,-1.274664,-0.514668,0.003877,-19.389616,144.044422
65.141320,-9.272448,-0.173025,-0.839154,-0.831457,-0.001232,-19.474470,149.628793
68.448154,-8.520209,-0.190956,-1.289063,-0.750419,0.020968,-19.370148,143.700300
65.184313,-7.624854,-0.079203,-0.960832,-0.795474,0.044362,-19.475063,149.483214
68.811476,-9.801370,-0.150847,-0.823256,-0.721457,-0.036186,-19.347679,140.916776
69.839129,-10.566637,-0.144272,-0.775355,-0.646044,-0.043084,-19.318035,138.246096
69.951303,-7.998627,-0.001511,-1.021566,-0.669349,0.145315,-19.330424,142.301365
67.963238,-7.933675,-0.096694,-1.038018,-0.747421,0.031013,-19.377470,142.856157
71.097641,-9.250221,-0.224286,-0.900660,-0.964964,-0.167861,-19.278465,135.540571
66.235329,-8.178169,-0.141853,-0.911346,-0.908489,0.028233,-19.439871,147.923334
67.911185,-8.021817,-0.150100,-1.057263,-0.913979,0.099379,-19.391950,145.703933
66.198030,-7.371524,-0.118821,-1.143316,-0.832874,0.024188,-19.444867,148.082740
66.987367,-7.605557,-0.142338,-1.146108,-0.857480,0.037675,-19.417679,145.445715
65.702704,-8.538767,-0.159050,-1.132202,-0.681899,-0.023198,-19.447463,148.987375
64.031874,-8.647185,-0.185319,-0.987281,-0.817243,-0.067260,-19.504680,152.447645
69.488976,-6.862519,-0.042195,-1.031459,-0.889319,0.093568,-19.330014,139.806967
67.820088,-8.443372,-0.113955,-0.821734,-0.904859,0.044043,-19.393143,144.725659
70.409082,-8.590799,-0.181734,-0.861050,-1.072924,0.019609,-19.305289,139.111996
70.404045,-7.058779,-0.106584,-1.205813,-0.908386,0.079316,-19.307533,139.689027
68.157496,-7.979739,-0.067679,-1.003591,-0.760909,0.103807,-19.389651,145.208594
68.489428,-8.665740,-0.153996,-1.003868,-0.867680,0.112997,-19.382093,143.904455
70.268598,-7.726297,-0.063391,-0.939857,-0.839764,0.049242,-19.309959,140.287242
65.487657,-7.246925,-0.081355,-1.451384,-0.612880,0.087243,-19.461403,149.041868
68.158255,-7.705753,-0.071242,-1.029942,-0.790801,0.079313,-19.382362,144.892706
70.129015,-8.192075,-0.139728,-0.958595,-0.892435,0.029562,-19.313056,137.185163
69.772335,-7.215618,-0.033062,-0.881200,-0.886250,0.003768,-19.315746,139.922525
68.789282,-9.491603,-0.153496,-0.981616,-0.695293,0.022902,-19.360614,143.368040
64.933252,-7.975021,-0.137741,-0.936467,-0.884544,-0.002840,-19.476975,149.765238
69.419161,-9.988696,-0.140317,-0.896345,-0.667464,0.033922,-19.338383,142.779335
69.514116,-9.495323,-0.155659,-1.191176,-0.605041,0.056333,-19.346183,144.034306
67.876027,-8.917151,-0.173398,-0.919155,-0.851956,-0.042773,-19.379724,144.373115
66.841133,-8.097047,-0.132754,-0.902279,-0.891371,-0.002101,-19.411835,144.613214
70.057466,-8.807130,-0.134110,-0.862936,-0.911299,0.083546,-19.327044,142.734930
71.936855,-8.146930,-0.123597,-1.177978,-0.739047,0.027395,-19.256743,137.057336
66.346516,-7.708977,-0.129173,-0.894640,-1.066111,0.095338,-19.441612,149.671978
66.431908,-7.221624,-0.096126,-1.117013,-0.772761,-0.046525,-19.422102,145.971281
65.618846,-7.213235,-0.000575,-1.209136,-0.588648,0.067841,-19.456127,149.485804
68.488950,-6.975644,-0.085431,-1.042603,-0.918160,-0.027500,-19.355625,142.809556
68.612329,-7.513746,-0.034899,-0.802612,-0.904979,0.068063,-19.354307,141.876008
62.967218,-6.768322,-0.055676,-1.127752,-0.803683,0.121835,-19.553732,154.143974
67.023107,-8.762470,-0.180984,-1.038200,-0.797721,-0.053281,-19.410464,147.603169
66.610651,-7.872579,-0.195642,-1.250455,-0.845333,-0.056698,-19.424544,146.182798
69.308151,-7.495622,-0.103441,-1.169745,-0.792487,0.057977,-19.341198,141.895809
66.246642,-8.779720,-0.186640,-0.964291,-0.912092,0.022685,-19.449986,148.523673
69.849653,-8.949157,-0.192274,-0.800959,-1.072418,-0.066035,-19.323073,140.616329
67.836712,-7.704998,-0.163848,-1.062205,-0.995824,0.034732,-19.386366,144.322520
69.336027,-6.851085,-0.031291,-1.262629,-0.754038,0.097826,-19.346923,143.033963
70.046890,-8.149804,-0.053652,-1.031840,-0.690932,0.091146,-19.321875,140.239100
67.628943,-7.767350,-0.089454,-1.034141,-0.795522,0.089264,-19.390873,143.817182
64.332770,-8.200535,-0.090743,-0.986036,-0.679173,0.053343,-19.491445,150.627503
70.300587,-6.575743,-0.049129,-1.273144,-0.915668,0.227676,-19.328963,141.180459
67.461006,-8.832420,-0.140815,-0.989489,-0.696877,-0.010168,-19.389045,143.133905
69.047992,-8.890858,-0.093904,-0.770578,-0.820251,0.063194,-19.350770,141.022634
68.847735,-8.478917,-0.168793,-0.911865,-0.991759,0.041639,-19.362006,142.426546
66.543499,-8.887311,-0.188002,-1.135863,-0.708312,-0.036746,-19.424183,146.086699
65.197354,-7.080486,-0.105044,-0.935467,-1.166899,0.275191,-19.490491,151.258809
66.441458,-7.917288,-0.098395,-1.149677,-0.674192,0.024793,-19.424286,147.330658
67.217105,-8.010643,-0.052266,-0.865147,-0.842422,0.161062,-19.418899,148.280723
66.457106,-6.913241,-0.035285,-1.298811,-0.656656,0.057054,-19.429571,147.793542
69.416015,-7.203346,-0.129719,-1.445574,-0.788341,0.076650,-19.343457,141.539372
70.412645,-8.302364,-0.089479,-1.021168,-0.733203,0.068032,-19.303013,139.376567
69.059872,-6.524938,-0.055097,-1.039699,-1.020176,0.124039,-19.343276,140.310270
68.091992,-7.781916,-0.162862,-1.245906,-0.823655,0.016520,-19.390712,144.037579
67.279716,-7.606274,-0.085034,-1.029667,-0.766873,-0.017627,-19.402437,145.472747
69.349273,-7.379594,-0.152548,-1.091010,-1.016325,0.001475,-19.339829,141.574510
66.079121,-8.567326,-0.193467,-0.927801,-1.015231,0.056036,-19.448728,148.322844
67.899766,-8.328086,-0.056617,-0.838614,-0.773734,0.085071,-19.385281,144.306375
67.256755,-8.743563,-0.216671,-0.914248,-1.130041,0.036541,-19.416501,148.943344
65.593223,-8.602935,-0.057223,-0.780310,-0.742285,0.067555,-19.457934,149.120581
67.703010,-7.718542,-0.056412,-0.899577,-0.772489,0.003310,-19.382892,143.549872
68.159095,-6.288186,-0.068867,-1.485636,-0.779782,0.107549,-19.369217,141.948433
68.828788,-7.864056,-0.182392,-1.333835,-0.839790,0.039917,-19.366650,142.464538
67.215556,-6.623528,-0.059795,-1.082523,-0.899864,0.061421,-19.398321,144.684336
68.705843,-6.769749,-0.090046,-1.113011,-1.037286,0.168811,-19.368000,143.526331
68.460332,-7.288272,-0.034067,-1.148274,-0.727011,0.144308,-19.369552,142.692322
69.888235,-7.397314,-0.006120,-0.977791,-0.784169,0.137004,-19.320275,140.789250
64.821287,-8.695459,-0.067723,-0.732303,-0.756919,0.029555,-19.481232,150.317647
71.684645,-9.338739,-0.033534,-0.935903,-0.608764,0.146374,-19.277531,139.485052
69.497399,-6.383480,-0.023554,-1.080838,-0.949917,0.112294,-19.339159,140.374485
68.099775,-7.235665,-0.035547,-1.324734,-0.638090,0.109943,-19.387518,144.565173
68.900450,-10.081313,-0.190972,-1.141935,-0.579142,-0.013060,-19.344514,141.550934
64.211404,-8.687860,-0.170834,-0.869189,-0.883313,-0.018594,-19.499709,150.804095
70.514354,-7.526872,-0.116844,-1.343190,-0.752083,0.084500,-19.306051,138.899214
64.562948,-6.921913,-0.052224,-1.014946,-0.830712,0.035948,-19.491709,151.464532
67.173491,-9.819959,-0.175347,-0.844479,-0.731502,-0.073021,-19.395763,143.944627
68.651663,-10.211967,-0.170004,-0.799112,-0.706794,-0.083664,-19.350312,139.496161
69.960758,-7.987125,-0.000381,-1.021857,-0.669133,0.146246,-19.330174,142.284195
68.102177,-7.355985,-0.090747,-1.055951,-0.829832,0.054482,-19.379054,142.062580
69.879059,-9.257106,-0.207793,-0.893277,-0.964228,-0.063979,-19.324821,140.302365
66.561892,-7.788318,-0.144332,-0.935481,-0.943977,-0.055632,-19.424088,146.786749
67.538521,-7.680021,-0.142122,-1.169449,-0.897301,0.158685,-19.407008,145.520663
68.308619,-7.360865,-0.122119,-1.098314,-0.931591,0.062537,-19.382282,144.405269
68.109546,-7.244591,-0.098057,-1.106342,-0.897317,0.106082,-19.382243,143.496535
64.967243,-8.671967,-0.184865,-1.055338,-0.788286,-0.032594,-19.475201,151.236422
67.163788,-8.010658,-0.161180,-0.993858,-0.921330,-0.019093,-19.404439,145.886164
67.300353,-5.949187,-0.003885,-1.128304,-0.964128,0.178286,-19.401692,144.768241
70.921084,-9.006755,-0.184856,-0.928369,-0.902243,-0.060902,-19.296759,138.841358
66.791019,-8.389329,-0.098035,-0.886098,-0.784485,0.046965,-19.412564,146.050669
68.034097,-6.949882,-0.076446,-1.145905,-0.891137,0.139744,-19.386198,144.290500
70.586737,-8.868355,-0.092996,-0.987466,-0.713333,0.101473,-19.312133,141.229889
64.074053,-7.321493,-0.118168,-1.099887,-0.930706,0.186701,-19.529282,154.410381
67.054116,-7.309505,-0.031522,-0.977768,-0.791120,0.071620,-19.408118,146.420186
65.834261,-7.279320,-0.075775,-1.437964,-0.607291,0.086839,-19.450985,148.584341
67.060133,-6.945430,-0.075193,-1.252509,-0.865774,0.167706,-19.434898,150.438010
68.091923,-8.059810,-0.137658,-0.870005,-0.967880,-0.006738,-19.377578,141.730400
69.014058,-7.975562,-0.040209,-0.859618,-0.766928,0.025821,-19.342453,141.146667
68.807226,-9.025903,-0.153879,-0.898926,-0.806190,0.005876,-19.355131,141.244741
63.554392,-7.891817,-0.111866,-0.895518,-0.820565,-0.006115,-19.518697,151.832982
67.674949,-9.661278,-0.164605,-0.865762,-0.781225,0.022973,-19.399840,146.271116
70.337133,-10.055280,-0.153131,-0.942499,-0.703712,0.072151,-19.322411,142.681352
68.851846,-8.800730,-0.192218,-0.960576,-0.916925,-0.050524,-19.351668,142.544412
65.847619,-6.972060,-0.074647,-0.986233,-0.932263,0.078746,-19.450763,147.682867
68.832559,-8.244076,-0.139254,-0.934802,-0.913947,0.027851,-19.358684,143.509025
71.808615,-8.376365,-0.120107,-1.146478,-0.697308,0.010256,-19.256172,136.771084
66.175063,-7.410101,-0.107625,-0.917878,-1.023496,0.086436,-19.441357,149.437943
68.501428,-6.895202,-0.098461,-1.237625,-0.852861,0.027833,-19.369451,142.482414
65.011585,-7.549035,-0.038516,-1.262963,-0.549873,0.033441,-19.473276,150.498619
68.875538,-6.935405,-0.112813,-1.095825,-0.951132,-0.036002,-19.343279,142.154431
67.422116,-8.883769,-0.113906,-0.788214,-0.837629,0.031387,-19.399617,145.515560
64.637408,-6.812762,-0.061211,-1.131289,-0.831577,0.102387,-19.495192,152.060494
65.985005,-8.693172,-0.128130,-1.030920,-0.629396,-0.058651,-19.428968,147.941326
66.646530,-7.409111,-0.183219,-1.348761,-0.884512,-0.009990,-19.428956,148.554529
69.720451,-7.412107,-0.098892,-1.165601,-0.799858,0.043222,-19.325259,140.784465
67.469742,-8.817256,-0.171670,-0.950651,-0.874561,0.025962,-19.412043,145.381241
68.210675,-8.836694,-0.198124,-0.803031,-1.058545,-0.137454,-19.366330,143.209320
70.394904,-7.363476,-0.198311,-1.271034,-1.087883,0.084523,-19.305834,138.550940
70.677909,-6.706127,-0.052549,-1.300585,-0.824743,0.089536,-19.308994,140.847729
68.831589,-7.765650,-0.089514,-1.159749,-0.729024,0.067022,-19.359902,142.264955
68.150316,-8.088055,-0.071341,-1.133328,-0.645157,0.113969,-19.374289,142.851402
64.140539,-7.636861,-0.015933,-0.838801,-0.723294,0.036399,-19.495577,150.391326
71.508008,-6.517028,-0.073982,-1.295953,-0.920334,0.140529,-19.275560,135.817634
66.469108,-8.683617,-0.132389,-1.148550,-0.609119,-0.009258,-19.421024,146.825526
68.668468,-9.179686,-0.090553,-0.853933,-0.685071,0.060475,-19.358801,141.782141
67.439609,-8.413857,-0.170926,-0.952277,-0.944487,0.023133,-19.401042,144.497021
68.889915,-9.643605,-0.184722,-1.072680,-0.673249,0.018317,-19.354941,140.598164
66.218794,-6.700394,-0.067741,-0.916176,-1.121015,0.173447,-19.448906,147.636513
67.676145,-9.187831,-0.112388,-1.053857,-0.540380,-0.031714,-19.379496,143.842831
67.536061,-8.315025,-0.086327,-0.817623,-0.913226,0.134528,-19.406742,147.568111
67.554813,-6.951192,-0.045895,-1.361730,-0.653355,0.054413,-19.400385,146.589269
69.383825,-7.101704,-0.125677,-1.452426,-0.785041,0.080477,-19.343583,141.406251
69.399999,-8.176880,-0.090626,-1.097502,-0.662865,0.033522,-19.330636,140.663890
66.700969,-6.591890,-0.048252,-0.972119,-1.024430,0.147534,-19.424999,146.205218
63.965295,-8.754566,-0.179636,-1.131316,-0.702920,-0.041450,-19.519088,154.613869
70.701977,-7.643491,-0.133087,-1.234509,-0.744058,-0.059502,-19.280355,136.181112
67.399509,-6.973682,-0.164544,-1.192318,-0.978037,-0.092753,-19.390335,143.996541
65.648605,-8.759220,-0.199817,-0.931905,-0.985963,0.052551,-19.463292,149.138182
70.367875,-7.913163,-0.012521,-0.833666,-0.768970,0.076721,-19.305457,138.114181
66.931723,-8.333310,-0.194682,-0.953534,-1.077062,0.028889,-19.426052,148.588795
66.137674,-8.233339,-0.040210,-0.807462,-0.764766,0.095723,-19.443878,148.053182
66.642283,-8.695266,-0.165156,-0.937307,-0.827235,-0.054090,-19.421575,145.948076
66.705667,-6.496627,-0.079646,-1.200754,-0.962669,0.131867,-19.432286,148.631958
66.787777,-8.303291,-0.216349,-1.318771,-0.818617,-0.017159,-19.428558,146.222796
65.934326,-7.139936,-0.045440,-0.900820,-0.915589,0.119537,-19.445396,147.489528
69.908338,-6.577568,-0.101943,-1.200721,-1.095874,0.199910,-19.334868,142.173299
66.857869,-7.885932,-0.020541,-0.896107,-0.736658,0.151741,-19.417251,145.488733
69.158913,-7.872505,-0.018341,-0.942561,-0.724010,0.105174,-19.345168,142.748149
65.271495,-8.558216,-0.076876,-0.787887,-0.787157,0.058343,-19.471074,149.617840
70.230436,-9.254357,-0.041616,-0.883043,-0.619134,0.109731,-19.316175,141.290221
70.560725,-6.277502,-0.004503,-1.147862,-0.911575,0.132390,-19.307973,138.788631
68.057236,-6.966114,-0.033080,-1.308660,-0.710563,0.124078,-19.394758,145.490898
68.824075,-9.680657,-0.184339,-1.178219,-0.602087,-0.012375,-19.346089,141.537858
64.994359,-9.037282,-0.201796,-0.878987,-0.955234,0.010593,-19.480333,149.611021
68.792741,-7.807885,-0.092400,-1.342990,-0.629608,0.067139,-19.358996,142.199471
66.529424,-6.973702,-0.096279,-1.169772,-0.773084,-0.066493,-19.412283,144.527699
66.661712,-9.772736,-0.173531,-0.799834,-0.761555,-0.084713,-19.410075,145.108401
69.143291,-10.412711,-0.168557,-0.769555,-0.695654,-0.088636,-19.334058,138.060508
68.756887,-7.868119,-0.001843,-1.035486,-0.662258,0.135329,-19.366264,143.981622
66.486080,-7.243125,-0.084719,-1.058918,-0.825067,0.044670,-19.428498,147.204275
69.477556,-8.968943,-0.213316,-0.916839,-1.010333,-0.088549,-19.335340,141.451294
64.634111,-6.867671,-0.104235,-1.143963,-0.854551,0.008097,-19.491443,150.559827
65.777482,-7.056331,-0.131038,-1.365554,-0.854801,0.099029,-19.465740,151.804042
67.193266,-7.883849,-0.142206,-1.183983,-0.820873,0.068550,-19.421688,147.417882
70.087914,-7.209199,-0.105181,-1.236050,-0.879395,0.166208,-19.324858,139.287179
64.761575,-8.234118,-0.156872,-0.973862,-0.856882,-0.018144,-19.480341,150.951186
68.284111,-7.823743,-0.129049,-1.026273,-0.882115,0.032078,-19.372963,143.061751
68.047692,-6.468574,-0.001233,-1.110110,-0.878191,0.167732,-19.380710,143.929390
66.552553,-8.202803,-0.131621,-0.956143,-0.834131,-0.003244,-19.432823,147.198986
67.298025,-8.527087,-0.082421,-0.886176,-0.737339,0.078754,-19.399455,145.211319
68.326241,-6.770035,-0.020928,-1.136958,-0.803706,0.157652,-19.373941,143.140752
68.015221,-8.814902,-0.083834,-0.832750,-0.830021,0.181049,-19.398713,145.629046
64.131139,-7.911218,-0.124285,-0.938142,-0.857823,0.001203,-19.506199,153.320919
67.897914,-7.084076,-0.028256,-0.885136,-0.936443,0.107395,-19.381593,145.036742
65.040861,-7.427167,-0.081297,-1.466960,-0.567871,0.070239,-19.473523,149.967682
66.747440,-7.667742,-0.121613,-1.151225,-0.842698,0.075231,-19.434868,149.169899
68.776391,-8.204551,-0.112803,-0.902546,-0.893689,0.064072,-19.362088,141.726217
66.373080,-8.697322,-0.075624,-0.807952,-0.725020,0.016894,-19.425006,147.027386
67.456783,-7.885678,-0.097620,-0.916478,-0.878351,0.094720,-19.395885,144.027363
66.793786,-7.433280,-0.056431,-0.869293,-0.869600,0.042943,-19.417086,144.891513
67.246346,-9.748938,-0.173344,-0.795635,-0.861735,0.037661,-19.417611,146.945787
69.452324,-9.986376,-0.163226,-0.927484,-0.719909,0.060522,-19.348674,143.813548
69.173988,-8.850683,-0.189884,-0.961191,-0.902399,-0.038067,-19.340168,141.701590
66.501119,-6.533110,-0.065493,-1.153219,-0.896368,0.081528,-19.423794,145.793800
68.784101,-7.855014,-0.114222,-0.986767,-0.902156,0.068475,-19.361451,143.472087
72.379572,-7.964096,-0.092475,-1.266219,-0.650228,0.037410,-19.241053,135.546531
66.694504,-7.710476,-0.123836,-0.931527,-0.988668,0.083041,-19.428345,147.911227
68.448584,-7.090684,-0.113938,-1.243411,-0.794670,-0.043847,-19.361625,141.807323
64.028399,-7.815072,-0.040010,-1.240934,-0.502085,-0.000636,-19.500865,151.845003
66.881720,-7.798485,-0.166458,-0.942709,-1.034902,-0.024623,-19.414367,146.194126
67.384392,-8.833441,-0.118517,-0.815788,-0.837449,0.051375,-19.403581,146.370463
66.823400,-7.713875,-0.143318,-1.089078,-0.855438,-0.008399,-19.419638,146.907963
64.655974,-9.022714,-0.112335,-0.835521,-0.710980,0.008173,-19.479284,151.009780
67.109565,-7.469776,-0.176448,-1.424531,-0.859247,0.055873,-19.418641,148.676869
67.959756,-7.177540,-0.074862,-1.027879,-0.886970,0.074176,-19.380308,144.279595
65.320730,-8.118722,-0.161663,-0.955727,-0.951702,0.035367,-19.477352,150.029123
68.990625,-8.813252,-0.208882,-0.864537,-1.053494,-0.129134,-19.342383,141.816763
68.911264,-7.539275,-0.183868,-1.180395,-1.023219,0.041719,-19.354291,141.700499
69.125616,-7.135434,-0.072491,-1.368486,-0.694180,0.093879,-19.353186,142.803791
70.697595,-7.938853,-0.025757,-1.123460,-0.679752,0.175737,-19.318642,139.460469
68.477080,-8.005577,-0.102653,-1.228191,-0.680400,0.097445,-19.368637,142.951732
65.783507,-8.020957,-0.043950,-0.859650,-0.747532,0.089093,-19.448208,147.632476
69.993936,-6.491710,-0.070769,-1.252334,-0.916168,0.125235,-19.320321,138.805159
66.812761,-8.162499,-0.134064,-1.373728,-0.589284,0.019023,-19.416681,146.793815
70.308098,-9.226408,-0.058431,-0.884819,-0.630348,0.084804,-19.313063,138.883989
67.103724,-7.729157,-0.155753,-0.981134,-1.027158,0.073324,-19.409688,145.231182
67.278741,-9.193426,-0.159872,-1.056391,-0.663472,0.006694,-19.403890,143.822283
64.721519,-7.022187,-0.065483,-0.876835,-1.016557,0.102131,-19.495246,150.907028
68.610247,-8.944678,-0.095789,-1.091874,-0.530769,-0.030185,-19.345454,141.685138
66.840985,-7.688185,-0.065492,-0.826654,-1.026204,0.230888,-19.435177,150.127408
64.305729,-6.736597,-0.021674,-1.350288,-0.598714,0.045951,-19.498085,151.054949
69.714069,-7.030150,-0.123705,-1.514313,-0.781616,0.104075,-19.334890,141.185042
69.441525,-7.737196,-0.121325,-1.138411,-0.828072,0.065952,-19.337102,141.395325
66.703506,-6.755130,-0.058640,-0.982200,-1.019530,0.157250,-19.427212,147.265646
66.697441,-8.638010,-0.169119,-1.125496,-0.744946,-0.018278,-19.427804,148.310267
70.243864,-6.404339,-0.068472,-1.313199,-0.828726,0.017137,-19.297330,137.728546
67.241367,-7.128794,-0.181577,-1.260717,-0.896423,-0.177872,-19.386992,143.173498
66.424146,-8.746819,-0.189082,-0.918640,-0.984997,0.060331,-19.439168,147.847372
69.658741,-8.248836,-0.037794,-0.799795,-0.779608,0.073764,-19.331365,139.675461
66.783377,-7.306170,-0.180514,-1.132152,-1.077716,0.016093,-19.426545,148.006618
65.921686,-8.274749,-0.046291,-0.781978,-0.794497,0.097776,-19.453049,148.485203
66.529394,-8.608560,-0.102904,-0.942482,-0.680820,-0.010923,-19.428501,145.510912
64.374088,-6.737156,-0.133305,-1.360263,-0.857765,0.039926,-19.497950,153.105625
67.483749,-8.097263,-0.222057,-1.382170,-0.853188,-0.011496,-19.404079,143.821126
66.304199,-6.962469,-0.012405,-0.887194,-0.899926,0.145310,-19.433130,146.611932
70.154235,-6.890009,-0.112135,-1.162120,-0.993063,0.061139,-19.316150,140.035103
66.882508,-8.200891,-0.104722,-1.096670,-0.698003,0.068949,-19.415306,146.041333
69.071665,-7.627613,-0.029549,-0.883343,-0.835388,0.100905,-19.345999,143.745953
62.447354,-10.021855,-0.146755,-0.709919,-0.764194,0.055107,-19.569029,156.142622
68.834752,-8.701164,-0.022088,-0.891320,-0.654670,0.140555,-19.362652,143.886113
66.806186,-7.104729,-0.027447,-1.017558,-0.755475,0.043381,-19.411338,143.190411
68.461167,-7.317225,-0.057627,-1.316415,-0.741698,0.170093,-19.394762,146.374966
68.872523,-9.725244,-0.188357,-1.185132,-0.598667,-0.016421,-19.344333,141.439897
66.117863,-8.981014,-0.179210,-0.843177,-0.954111,0.025237,-19.443938,148.664092
70.362302,-8.265435,-0.089358,-1.278346,-0.598261,0.071789,-19.309134,139.313981
66.014274,-6.779280,-0.132654,-1.257337,-0.854913,-0.079768,-19.431868,145.792935
67.921025,-9.718392,-0.187862,-0.807101,-0.824314,-0.101704,-19.370439,142.079649
66.695057,-9.997372,-0.173807,-0.729681,-0.805322,-0.059788,-19.414816,144.376063
67.960632,-8.399227,-0.040865,-1.084934,-0.555231,0.056964,-19.381753,144.332189
66.367790,-7.442688,-0.113521,-1.085190,-0.829024,0.020397,-19.432598,146.909167
69.947365,-9.065325,-0.217982,-0.950271,-0.999118,-0.049499,-19.326362,141.139671
64.268652,-7.078630,-0.100666,-1.171269,-0.775899,-0.013071,-19.500495,150.612348
67.434579,-7.997769,-0.182357,-1.224839,-0.889069,0.076911,-19.413693,146.907197
64.130810,-8.241054,-0.145192,-1.044344,-0.765345,0.000433,-19.506695,153.004229
68.729102,-6.855890,-0.076487,-1.238992,-0.909789,0.244335,-19.366744,142.126856
66.450135,-8.016939,-0.143447,-0.984009,-0.896016,-0.006911,-19.431648,149.396640
67.829357,-7.302789,-0.041936,-1.157663,-0.682406,0.070969,-19.382502,143.698024
68.042356,-6.470077,-0.001329,-1.110458,-0.877789,0.167609,-19.380879,143.941112
69.975448,-9.055103,-0.078502,-0.818935,-0.823899,0.169779,-19.340384,144.489453
66.812005,-8.174173,-0.095340,-0.965766,-0.722569,0.017335,-19.410571,144.656834
68.467671,-6.744346,-0.045365,-1.100501,-0.934579,0.185697,-19.372233,143.514957
68.222557,-8.754413,-0.083437,-0.882094,-0.797543,0.162445,-19.388193,145.158012
65.189300,-8.382346,-0.165841,-0.965006,-0.836628,-0.082758,-19.470501,150.794080
68.689550,-7.196298,-0.057734,-0.909001,-0.941648,0.065704,-19.352115,141.902040
63.630144,-7.771522,-0.086848,-1.371295,-0.561055,0.059399,-19.520955,153.677438
64.937339,-7.110103,-0.107298,-1.152236,-0.854771,0.035148,-19.491631,152.283139
67.094343,-7.762672,-0.097252,-0.895808,-0.910268,0.053377,-19.412963,145.231548
66.841588,-8.724548,-0.077107,-0.776804,-0.735196,-0.007525,-19.408046,145.794264
67.017868,-7.509706,-0.088831,-0.906876,-0.971486,0.114468,-19.411119,146.027397
66.327439,-7.627585,-0.112113,-1.005330,-0.834316,-0.005865,-19.431818,145.203012
67.607236,-9.068279,-0.149716,-0.818619,-0.884417,0.030740,-19.401607,145.340418
69.212091,-9.838978,-0.162989,-1.042374,-0.666712,0.063365,-19.352707,143.973158
69.095377,-8.373620,-0.183463,-1.028595,-0.917878,-0.020699,-19.343682,141.455056
66.024227,-7.182000,-0.133835,-1.263094,-0.833965,0.039171,-19.444240,148.408732
69.963509,-7.383248,-0.079159,-1.177689,-0.809990,0.108618,-19.326223,141.898130
68.403550,-7.236719,-0.143314,-1.240946,-0.912815,0.015129,-19.370910,144.817895
66.370153,-7.378008,-0.129338,-0.960769,-1.082840,0.118544,-19.443339,149.362699
68.152459,-7.236191,-0.141967,-1.198663,-0.843175,-0.083071,-19.368703,141.732696
65.252969,-8.057423,-0.041855,-1.217529,-0.497415,0.024378,-19.464327,149.568404
66.120239,-7.399561,-0.143534,-0.966160,-1.042253,0.004803,-19.439175,147.687534
69.273762,-9.331214,-0.191934,-0.860309,-0.955423,0.007046,-19.342052,142.265338
69.717177,-7.805027,-0.147787,-1.132571,-0.915695,0.065069,-19.336644,141.870979
66.154147,-9.361583,-0.103037,-0.843881,-0.649038,0.006306,-19.430600,147.638165
64.135079,-8.084476,-0.158881,-1.498826,-0.576435,-0.009652,-19.497964,153.045854
69.971345,-8.151911,-0.103948,-0.869739,-0.974017,0.126430,-19.333851,142.329628
66.899368,-7.473083,-0.137144,-0.977474,-1.044142,0.075202,-19.426533,147.356215
69.182488,-8.800256,-0.204879,-0.840007,-1.061305,-0.153887,-19.334247,141.269048
68.916779,-7.986345,-0.204633,-1.131125,-1.039914,0.047965,-19.356027,142.019440
66.651042,-6.820002,-0.032802,-1.268589,-0.694169,0.087213,-19.419243,146.448899
68.224729,-7.992109,-0.036876,-1.137897,-0.644355,0.152295,-19.391770,144.770483
67.523148,-8.418129,-0.110539,-1.146067,-0.662762,0.088324,-19.399819,145.320337
66.566324,-7.364589,-0.013097,-0.846861,-0.828283,0.113159,-19.422258,146.081776
68.560775,-6.436455,-0.040593,-1.283921,-0.802900,0.094116,-19.364864,141.478116
65.030629,-8.196139,-0.077559,-1.210557,-0.526928,0.021100,-19.464946,148.323374
72.614134,-9.719365,-0.067999,-0.906632,-0.574124,0.066956,-19.243443,133.674487
67.195955,-8.009822,-0.197673,-1.078043,-1.018291,0.000500,-19.410164,146.300502
67.747083,-8.942280,-0.134152,-1.011377,-0.694701,0.031302,-19.391994,143.620403
65.711457,-6.967563,-0.018168,-0.850355,-0.932839,0.115882,-19.455134,148.023974
67.224630,-9.108169,-0.126012,-1.023415,-0.588970,-0.050451,-19.393992,144.743317
68.280912,-7.288853,-0.021447,-0.976602,-0.876587,0.217702,-19.386680,145.529901
66.711683,-7.223988,-0.041211,-1.392202,-0.573459,0.066078,-19.423292,146.567830
70.555033,-6.892481,-0.089765,-1.460475,-0.780355,0.117464,-19.305201,138.959626
69.312230,-8.104443,-0.157552,-1.196494,-0.814050,0.070079,-19.343534,141.618436
66.326514,-6.492786,-0.014673,-0.975246,-0.979842,0.207746,-19.435829,147.249784
67.722677,-8.841299,-0.147646,-1.132036,-0.664352,0.008658,-19.392939,146.489908
68.631444,-6.857118,-0.039739,-1.026076,-0.926122,0.121484,-19.364223,143.464997
67.951402,-7.704606,-0.188361,-1.210974,-0.931173,-0.031240,-19.382171,144.458202
64.610588,-8.557453,-0.166680,-0.864645,-0.994873,0.105662,-19.501885,151.642403
68.026431,-8.222470,-0.037629,-0.847172,-0.757968,0.094789,-19.384619,143.538787
63.863526,-7.666638,-0.212612,-1.206457,-1.016697,0.027879,-19.523154,153.622204
66.063275,-8.401480,-0.073889,-0.854184,-0.762036,0.072954,-19.446032,147.685974
63.116398,-7.944760,-0.117128,-0.971617,-0.756245,-0.001956,-19.543820,152.007232
65.834833,-6.613489,-0.088526,-1.232920,-0.920424,0.117037,-19.453489,150.219104
67.265417,-7.955281,-0.227102,-1.405350,-0.856031,-0.065268,-19.406067,143.783904
65.528882,-7.302218,-0.041358,-0.844892,-0.861681,0.046414,-19.454534,147.971213
71.907376,-7.170421,-0.148531,-1.147358,-1.030520,-0.033386,-19.256465,136.386068
66.035174,-7.282014,-0.075981,-0.965173,-0.898517,0.096621,-19.439815,147.946087
68.099683,-6.959157,-0.058806,-0.966302,-0.955853,0.048503,-19.375090,144.646320
64.974099,-9.471141,-0.124829,-0.761647,-0.785818,0.063559,-19.487375,150.830090
68.332210,-8.750169,-0.023423,-0.932991,-0.606153,0.120719,-19.377203,144.768232
65.947871,-7.355197,-0.063009,-0.984071,-0.801687,0.047728,-19.440147,145.300177
68.834532,-7.309520,-0.061724,-1.413397,-0.708700,0.170537,-19.383988,146.366201
68.824301,-9.874705,-0.192544,-1.182362,-0.579403,-0.022349,-19.344682,141.425139
67.026638,-7.688653,-0.139357,-0.986023,-1.049588,0.142327,-19.425397,148.637751
68.767274,-7.402812,-0.092744,-1.275944,-0.760730,0.109417,-19.360840,143.385890
63.172825,-7.512026,-0.147875,-0.944632,-0.943757,-0.060885,-19.528938,152.785173
68.052734,-9.879362,-0.192777,-0.770565,-0.834994,-0.111035,-19.365854,142.182170
67.268093,-9.967296,-0.177225,-0.743684,-0.806157,-0.075764,-19.393642,142.771307
68.117234,-8.655094,-0.047310,-1.221348,-0.469405,0.039974,-19.379880,145.081714
65.962099,-7.070750,-0.069540,-1.066294,-0.829091,0.062075,-19.446398,147.958771
71.501114,-8.699699,-0.229583,-1.052306,-1.035749,-0.086316,-19.274227,137.573242
64.925497,-7.618355,-0.133465,-1.020912,-0.846001,-0.034539,-19.472530,148.986229
67.294452,-8.519045,-0.173911,-1.198719,-0.763015,0.044795,-19.412706,146.839026
63.092392,-8.328146,-0.142434,-1.059150,-0.716656,0.008898,-19.542714,155.698564
67.666763,-6.533441,-0.071544,-1.125810,-0.995349,0.165355,-19.392448,143.920722
64.813690,-6.903330,-0.060343,-0.931808,-0.921460,0.021647,-19.475489,150.626466
67.828193,-7.527825,-0.046861,-1.053365,-0.729619,0.073417,-19.380940,144.520559
68.300369,-6.512709,-0.004682,-1.202889,-0.830913,0.181143,-19.378285,143.842519
69.655798,-8.469169,-0.039345,-0.855289,-0.783192,0.162762,-19.342742,143.121607
67.670193,-8.549688,-0.132334,-0.886754,-0.872535,0.064336,-19.392480,144.775773
67.694299,-6.749720,-0.030349,-0.980217,-0.991488,0.215031,-19.396202,145.728823
65.849923,-8.269939,-0.110777,-0.866314,-0.895847,0.110595,-19.459715,149.043280
65.614429,-8.219928,-0.197376,-1.191442,-0.837827,-0.020457,-19.463015,149.599863
68.539657,-7.880896,-0.117820,-0.851022,-1.020394,0.058525,-19.361171,143.672144
66.476319,-8.057785,-0.088871,-1.298695,-0.561934,0.026620,-19.428356,147.735785
66.614312,-7.046240,-0.119778,-1.271100,-0.852623,0.047653,-19.430810,148.109699
69.883983,-8.086427,-0.075840,-0.783039,-0.918968,0.045037,-19.321153,139.879901
68.431968,-9.550999,-0.138219,-0.845867,-0.693888,-0.055763,-19.353215,141.896740
66.606710,-7.316828,-0.064178,-0.882055,-0.987658,0.165135,-19.426835,147.274420
65.161735,-7.633771,-0.056800,-0.817429,-0.901992,0.123801,-19.476765,148.980095
66.765792,-8.522868,-0.113698,-0.875369,-0.800839,0.017043,-19.427548,146.110884
70.449834,-9.953072,-0.175584,-1.051225,-0.674036,0.049973,-19.308556,140.315022
67.258008,-8.949364,-0.148974,-0.883315,-0.781222,-0.018737,-19.398870,144.651580
67.575013,-6.999832,-0.113502,-1.299461,-0.861552,0.109269,-19.396916,146.008415
70.596841,-7.547900,-0.064106,-1.031594,-0.840914,0.102134,-19.304763,140.305203
68.521752,-8.130015,-0.185878,-1.121309,-0.935891,0.013757,-19.364529,143.202925
66.648355,-7.455132,-0.165593,-1.061242,-1.087555,0.080103,-19.435789,148.809337
69.901682,-7.286408,-0.143938,-1.103745,-0.967381,-0.041811,-19.315389,138.975309
64.663695,-7.908875,-0.018723,-1.143949,-0.510394,0.035190,-19.482045,150.550286
66.672643,-7.064377,-0.099696,-0.948880,-1.021349,0.027050,-19.419409,146.839602
69.684897,-9.460604,-0.188287,-0.832355,-0.959343,0.024695,-19.330459,141.340650
70.921401,-7.602907,-0.093452,-1.160138,-0.823740,0.105831,-19.297475,139.970618
65.929183,-9.293693,-0.091267,-0.827927,-0.641195,0.006148,-19.437041,148.136288
64.616528,-7.740565,-0.131999,-1.590447,-0.569173,0.061227,-19.491067,153.579239
72.903258,-7.918207,-0.073962,-0.847141,-1.048399,0.198277,-19.245811,137.551320
65.909683,-7.166490,-0.113141,-0.995420,-0.999800,0.057169,-19.453109,149.299188
68.858928,-8.550423,-0.199847,-0.885806,-1.066626,-0.116191,-19.346720,142.245075
68.582447,-7.662251,-0.190490,-1.182587,-1.012829,0.049062,-19.362984,142.278893
66.767546,-6.840895,-0.105530,-1.282869,-0.844339,0.074057,-19.424053,145.960263
67.977650,-8.425292,-0.043165,-1.068353,-0.616588,0.137612,-19.397448,145.226253
66.082403,-7.680911,-0.096556,-1.062277,-0.772927,0.061940,-19.445367,147.108626
68.570352,-7.797108,-0.049141,-1.157089,-0.653208,0.096419,-19.371026,143.844781
68.890444,-6.800118,-0.068279,-1.387345,-0.730909,0.073316,-19.354903,141.424530
65.490757,-8.180266,-0.085625,-1.302919,-0.522244,0.033953,-19.455113,148.459146
70.086589,-9.308327,-0.076588,-0.961050,-0.563969,0.037518,-19.314624,137.918228
68.465093,-7.769969,-0.225518,-1.259885,-0.957186,-0.163583,-19.359124,140.612098
67.893267,-9.345249,-0.157603,-1.010721,-0.651517,-0.021488,-19.381987,143.203389
66.658497,-7.018119,-0.038167,-0.888454,-0.933198,0.086822,-19.423269,145.533621
66.854062,-9.196407,-0.127809,-1.017286,-0.579639,-0.061366,-19.403772,146.020549
66.342333,-6.734697,-0.019685,-0.966107,-0.921849,0.152277,-19.438129,147.925915
66.595314,-7.042984,-0.037157,-1.464135,-0.569114,0.062722,-19.433186,147.340462
70.408429,-7.404617,-0.138534,-1.589423,-0.703547,0.079612,-19.311070,139.891978
70.466252,-8.438977,-0.152791,-1.193197,-0.747244,0.074729,-19.306731,138.735894
66.443966,-6.816103,-0.006885,-0.854536,-0.992273,0.239444,-19.425277,146.030990
66.554501,-8.286961,-0.138695,-1.223670,-0.661984,0.014809,-19.424183,147.146019
69.903097,-6.247651,-0.060304,-1.210198,-1.019568,0.145116,-19.329667,141.027751
66.989146,-7.591835,-0.183333,-1.188034,-0.906603,-0.072067,-19.408237,145.355072
67.163870,-8.509363,-0.185617,-0.952284,-1.005959,0.049226,-19.416146,146.615690
68.128047,-8.363239,-0.005668,-0.738879,-0.760262,0.102382,-19.381756,143.485521
63.829957,-7.424336,-0.203226,-1.187160,-1.066643,0.053334,-19.525235,153.867870
64.390462,-8.683401,-0.112710,-0.797985,-0.803122,0.019816,-19.490394,150.707201
63.416719,-7.371291,-0.134188,-1.276421,-0.704416,-0.034158,-19.527180,151.855367
65.757373,-6.847594,-0.095898,-1.222662,-0.870801,0.086660,-19.452220,149.846550
67.053470,-7.863553,-0.228971,-1.454716,-0.838723,-0.063524,-19.413055,144.177238
69.497743,-7.989927,-0.084524,-1.049160,-0.744002,0.061852,-19.332297,140.099633
69.867157,-7.415489,-0.189544,-1.192955,-1.046125,-0.028164,-19.322945,140.109780
66.952075,-7.998400,-0.086690,-1.133024,-0.665578,0.075085,-19.411527,146.096050
67.996350,-7.068099,-0.054593,-0.893804,-0.968409,0.032981,-19.376941,144.703525
64.408594,-9.432448,-0.114994,-0.740118,-0.794808,0.094580,-19.508973,152.407487
67.913225,-8.671744,-0.037416,-0.910707,-0.645622,0.102788,-19.388943,144.474734
66.665308,-7.490737,-0.088716,-0.896892,-0.888675,0.007042,-19.418428,143.649934
68.167912,-7.938269,-0.077842,-1.400872,-0.603996,0.131277,-19.394024,146.884905
68.617099,-9.807034,-0.190784,-1.187018,-0.575183,-0.024385,-19.351272,141.801936
69.920581,-7.777867,-0.134949,-0.897075,-1.211257,0.233153,-19.341296,143.968849
66.807567,-7.814951,-0.156642,-1.413312,-0.717237,0.069016,-19.421005,147.048533
64.673922,-7.829918,-0.132974,-0.888379,-0.944833,0.005383,-19.483911,149.787411
67.335462,-10.302936,-0.183152,-0.796891,-0.710517,-0.085278,-19.390988,143.760284
66.740253,-9.820536,-0.182535,-0.759019,-0.846985,-0.041940,-19.414954,144.412758
67.814846,-8.955162,-0.068744,-1.216726,-0.459223,0.017093,-19.391353,146.098960
69.257186,-7.848207,-0.134190,-1.008269,-0.920069,0.024349,-19.351353,142.785625
70.067470,-8.409620,-0.218442,-1.080333,-1.009156,-0.075715,-19.317054,140.333984
67.377847,-7.307416,-0.078543,-1.058240,-0.831449,0.068791,-19.403575,145.450117
67.896186,-8.589730,-0.203803,-1.068015,-0.919780,0.008316,-19.394059,145.676646
65.938066,-8.185507,-0.139316,-1.134801,-0.738162,0.022275,-19.451639,149.664000
66.686371,-6.309549,-0.081151,-1.176057,-1.040053,0.178961,-19.421861,145.651935
65.971054,-6.726738,-0.077054,-1.253590,-0.797180,0.068340,-19.448543,147.341254
67.002632,-8.183022,-0.072071,-1.010706,-0.658391,0.032813,-19.398640,145.530880
68.262428,-6.529901,-0.003812,-1.214687,-0.818192,0.181076,-19.379712,143.934244
70.875444,-8.650135,-0.052469,-0.827323,-0.831525,0.190977,-19.310017,141.605789
68.704456,-8.507825,-0.082343,-0.857419,-0.802457,0.112085,-19.363469,143.461581
68.398206,-6.793586,-0.035282,-0.976292,-1.009298,0.213537,-19.375827,144.569184
63.203469,-8.485090,-0.099786,-0.816976,-0.707419,-0.042266,-19.527808,150.872635
66.264710,-8.931146,-0.190166,-1.092527,-0.757274,-0.025689,-19.439026,148.502219
68.927029,-7.969581,-0.103503,-0.842131,-0.996927,0.103328,-19.353488,143.278903
66.111197,-8.785278,-0.128152,-1.228211,-0.537442,-0.028890,-19.430145,147.388623
67.340804,-7.024021,-0.133692,-1.312832,-0.862744,0.025278,-19.404330,146.586409
67.955823,-8.442496,-0.119932,-0.804930,-0.955385,0.077597,-19.390161,144.482804
68.079480,-8.636674,-0.150219,-1.083438,-0.691306,-0.071096,-19.365878,143.850449
66.465492,-7.229770,-0.114115,-0.999124,-0.992899,0.066027,-19.436476,148.110192
66.086384,-7.856668,-0.072470,-0.893816,-0.821487,0.076782,-19.447350,147.299838
67.150586,-8.496371,-0.138396,-0.996029,-0.803954,0.037931,-19.418322,146.609625
69.829051,-10.503703,-0.198884,-1.007702,-0.662155,0.015297,-19.324738,141.724818
66.117992,-8.766670,-0.172729,-1.041083,-0.735210,-0.055425,-19.435966,146.864295
68.395884,-6.430355,-0.057003,-1.370715,-0.845079,0.175507,-19.370525,144.286858
67.670086,-7.230344,-0.085625,-1.200067,-0.759954,0.046551,-19.393389,144.418737
70.636339,-7.377090,-0.152510,-1.122781,-1.053370,0.083680,-19.299921,139.164650
69.253568,-6.354961,-0.103745,-1.242077,-1.160758,0.226944,-19.356778,144.728024
66.963169,-8.079194,-0.157678,-1.000967,-0.913789,-0.000072,-19.419121,146.038996
64.963431,-7.710081,-0.003292,-1.134229,-0.542528,0.067197,-19.477122,150.212453
67.365258,-6.840008,-0.096267,-0.999640,-1.025828,0.009608,-19.397298,145.642788
70.172213,-9.718247,-0.198794,-0.804803,-0.961552,0.001977,-19.310968,140.046817
69.194335,-8.456645,-0.159614,-1.224172,-0.715493,0.019580,-19.345183,141.805008
65.929653,-9.113759,-0.088728,-0.862960,-0.652382,0.031833,-19.441719,148.727391
66.674628,-7.751582,-0.110540,-1.388885,-0.636081,0.052435,-19.424350,148.480177
71.841828,-6.949829,-0.085465,-1.059035,-1.042485,0.135411,-19.267201,137.355981
66.682300,-7.006061,-0.111364,-1.234734,-0.862892,0.052038,-19.431961,146.785016
68.820911,-8.695676,-0.191396,-0.840680,-1.054484,-0.091182,-19.351102,142.800498
69.000730,-7.092464,-0.160570,-1.279640,-0.972482,0.051468,-19.346294,140.945274
64.635137,-6.500526,-0.079789,-1.112542,-0.945448,0.075108,-19.492037,149.834100
69.585991,-8.717737,-0.100878,-1.027577,-0.713121,0.113677,-19.341953,141.536506
65.872949,-7.784639,-0.083836,-0.949882,-0.803542,0.063881,-19.449063,146.534859
68.173670,-7.299037,-0.047780,-1.231611,-0.704570,0.117707,-19.382540,144.844416
69.406748,-6.657231,-0.069798,-1.383930,-0.776992,0.094357,-19.336615,140.337517
65.340084,-8.041990,-0.096240,-1.326393,-0.571030,0.069060,-19.467663,149.753133
69.468561,-9.202020,-0.098479,-1.011276,-0.605727,0.048304,-19.336985,140.312401
68.023580,-7.829426,-0.223416,-1.200876,-0.997273,-0.134748,-19.375847,141.985782
68.865863,-9.355918,-0.103190,-0.938532,-0.655024,0.090451,-19.364242,141.912778
66.707245,-7.435469,-0.053024,-0.794055,-0.972859,0.082783,-19.425190,146.332122
67.235598,-9.329955,-0.144715,-0.987974,-0.658585,0.014192,-19.403587,145.925671
65.509881,-6.976229,-0.050774,-1.015467,-0.860128,0.077436,-19.461471,149.017542
67.044030,-7.631917,-0.027666,-1.333009,-0.539560,0.071401,-19.416757,146.932391
69.272680,-7.514892,-0.152272,-1.481303,-0.742487,0.061365,-19.346073,141.576064
70.404678,-8.557557,-0.178079,-1.212872,-0.813051,0.096472,-19.314539,139.905804
67.220402,-6.518464,-0.039123,-0.946813,-1.071741,0.207567,-19.401045,145.338647
68.250721,-8.482961,-0.112519,-1.154294,-0.620635,0.024337,-19.366844,141.807918
67.447902,-6.003061,-0.030736,-1.303955,-0.897441,0.140834,-19.409901,144.063772
66.139085,-7.315785,-0.192045,-1.353338,-0.776051,-0.207775,-19.421323,145.048117
66.031728,-7.329626,-0.157514,-1.136370,-0.979630,0.052644,-19.454356,147.861422
68.178406,-8.010364,-0.001694,-0.767431,-0.810636,0.126450,-19.381561,143.592903
64.920196,-7.580028,-0.221010,-1.188183,-1.077935,-0.014337,-19.482135,151.772063
66.659725,-8.076117,-0.151447,-1.031956,-0.834601,-0.020212,-19.411453,145.583594
64.998869,-7.561367,-0.154476,-1.358854,-0.714896,-0.009005,-19.475901,148.616455
65.216389,-6.716910,-0.069241,-1.249731,-0.819461,0.121085,-19.472241,150.915720
66.210025,-7.524670,-0.194344,-1.500730,-0.769743,-0.037483,-19.438598,145.355015
67.853595,-7.552214,-0.111354,-1.017689,-0.890509,0.035747,-19.388796,143.062369
71.391427,-7.034636,-0.174429,-1.248820,-1.086968,-0.011716,-19.274097,137.173790
66.372541,-8.034525,-0.093700,-1.232200,-0.622861,0.054176,-19.433899,147.794277
68.543257,-7.423223,-0.091936,-0.856978,-1.003806,-0.005183,-19.363787,143.074517
64.062466,-9.162876,-0.104110,-0.747569,-0.765861,0.054763,-19.514747,151.976370
67.788371,-8.871022,-0.052661,-0.969197,-0.598428,0.090710,-19.392517,145.283104
67.914548,-7.793353,-0.067375,-0.888966,-0.854813,0.067216,-19.388442,144.426756
67.088925,-7.546364,-0.094952,-1.496748,-0.623084,0.092560,-19.426232,148.711402
68.657193,-9.469603,-0.189265,-1.245905,-0.595831,-0.031657,-19.350362,142.158767
67.276360,-8.041180,-0.143834,-0.864307,-1.079917,0.104898,-19.412097,147.114663
67.135972,-8.248872,-0.159994,-1.293783,-0.712378,0.051757,-19.412951,146.546529
63.135819,-8.188635,-0.164907,-0.846626,-0.964391,-0.066930,-19.532577,154.164568
66.998381,-9.606426,-0.151555,-0.816516,-0.745546,-0.035673,-19.405625,144.465790
66.298984,-10.005731,-0.191956,-0.723462,-0.848060,-0.077816,-19.424273,144.084854
67.601703,-8.713358,-0.092436,-1.180093,-0.550371,0.021520,-19.398303,145.615199
68.468657,-7.459908,-0.129033,-1.070733,-0.940738,0.033467,-19.375921,143.943107
70.059167,-8.875586,-0.233134,-1.108092,-0.927947,-0.139236,-19.321720,141.764272
65.814875,-7.945524,-0.085125,-0.993247,-0.778230,0.098905,-19.458073,149.875641
68.471298,-7.505806,-0.148762,-1.003588,-1.054742,0.024477,-19.371333,143.486161
67.419130,-7.857704,-0.115250,-1.063486,-0.809566,0.025573,-19.406167,147.271611
67.191138,-6.316569,-0.086188,-1.099832,-1.099249,0.138918,-19.407191,144.404937
65.636227,-6.591596,-0.058950,-1.244708,-0.781765,0.075998,-19.457239,147.597461
67.893801,-8.943159,-0.085567,-0.880931,-0.703146,0.077077,-19.381600,144.713230
68.168859,-6.568019,-0.000907,-1.227771,-0.793917,0.178614,-19.382654,144.155538
69.218055,-8.883013,-0.097662,-0.857866,-0.841601,0.143063,-19.362345,144.698044
68.696012,-8.158467,-0.092779,-0.911308,-0.846504,0.104202,-19.361906,143.356094
68.478758,-6.653699,-0.030784,-1.016307,-0.999436,0.219024,-19.372740,144.444449
65.465392,-8.383804,-0.124344,-0.950738,-0.732680,-0.026552,-19.459503,147.804341
66.817486,-8.091374,-0.136210,-0.998928,-0.877474,0.057925,-19.426388,146.307081
71.949595,-8.825329,-0.162623,-0.894561,-0.975795,0.045209,-19.272620,138.344359
66.404287,-7.811972,-0.044504,-1.283113,-0.513970,0.033144,-19.426855,146.796182
68.045535,-6.883854,-0.167193,-1.260391,-1.038061,-0.021844,-19.380720,144.610525
64.698571,-8.813810,-0.070047,-0.658150,-0.887257,0.140204,-19.490768,151.021824
66.631115,-9.098045,-0.124555,-0.815627,-0.786434,0.012422,-19.421018,148.062732
66.934647,-7.205308,-0.118488,-1.138310,-0.952561,0.133202,-19.427739,147.981905
67.342789,-7.690885,-0.086205,-0.839790,-0.971744,0.094834,-19.409054,144.221790
64.671706,-8.681379,-0.146592,-1.094501,-0.649751,-0.021520,-19.484896,151.098526
68.640498,-9.776694,-0.178583,-1.011586,-0.696972,0.009732,-19.362184,143.337461
67.640957,-8.053338,-0.163077,-1.021240,-0.906234,-0.012084,-19.391414,143.813951
68.100563,-6.384764,-0.052367,-1.370329,-0.828391,0.169131,-19.377630,144.098463
66.595422,-7.777669,-0.031762,-1.116209,-0.571108,0.031333,-19.423310,145.370497
70.066315,-7.780363,-0.176032,-1.121134,-1.015198,0.049910,-19.318489,139.963192
68.517210,-6.702556,-0.057139,-0.948197,-1.164440,0.244612,-19.379439,145.384914
67.689348,-7.914205,-0.189356,-1.079861,-0.983542,-0.010031,-19.391132,144.196091
66.263596,-8.184319,-0.005637,-1.105364,-0.514825,0.084939,-19.439493,147.497487
68.069163,-6.599356,-0.101266,-1.075722,-1.039664,-0.001892,-19.373090,143.753731
70.375806,-9.759549,-0.189835,-0.839609,-0.928166,0.068250,-19.308056,140.001471
67.929948,-8.854813,-0.155579,-1.122617,-0.693713,0.023833,-19.388562,144.868286
65.995352,-9.754541,-0.141713,-0.788896,-0.713507,-0.027917,-19.437312,148.403756
65.013133,-7.881163,-0.114540,-1.398492,-0.581852,0.019551,-19.476928,151.553484
71.053651,-7.433637,-0.137823,-1.074946,-1.039315,0.102955,-19.295829,138.404933
67.166090,-6.355374,-0.103844,-1.446731,-0.871463,0.071907,-19.419580,146.096661
68.250182,-9.035023,-0.193233,-0.785902,-1.002778,-0.149211,-19.363488,143.160153
70.119078,-6.759395,-0.146632,-1.251907,-1.026571,0.002470,-19.311204,138.422269
65.770330,-6.774367,-0.068085,-0.993785,-0.973685,0.097473,-19.456529,148.279321
70.166287,-8.459942,-0.107934,-1.028597,-0.758498,0.095393,-19.325704,140.842254
65.929679,-7.753069,-0.077551,-0.880853,-0.844316,0.073601,-19.447695,146.051246
69.920591,-7.563254,-0.111534,-1.410001,-0.714410,0.067254,-19.337706,142.391789
68.231750,-6.897250,-0.084652,-1.381688,-0.751995,0.074499,-19.375318,143.854061
66.677361,-8.495454,-0.126097,-1.201076,-0.644259,0.068622,-19.426820,146.809774
69.117939,-9.387055,-0.118511,-0.996376,-0.631268,0.053185,-19.350333,141.921014
67.869592,-7.571812,-0.206117,-1.089581,-1.047066,-0.181715,-19.376521,141.615154
67.535656,-8.918100,-0.108547,-0.986566,-0.660264,0.053056,-19.401353,144.207879
67.889072,-7.862799,-0.056111,-0.813150,-0.894963,0.109480,-19.388875,144.182345
65.962923,-8.623784,-0.206082,-1.114875,-0.759439,-0.139963,-19.436361,146.374164
66.744005,-7.148818,-0.025958,-1.013455,-0.788231,0.102932,-19.423654,147.471968
66.828953,-7.389073,-0.014022,-1.335985,-0.548569,0.080644,-19.424570,147.430407
68.852113,-7.645242,-0.163492,-1.436534,-0.754246,0.028107,-19.356710,142.062482
68.171936,-8.506102,-0.173666,-1.214886,-0.752099,0.051432,-19.382555,143.749228
68.965906,-6.458582,-0.046750,-1.016780,-1.105780,0.211462,-19.350276,143.327319
68.571545,-8.428249,-0.086069,-1.024702,-0.636106,0.022742,-19.354854,141.249592
67.508546,-6.087065,-0.034775,-1.266621,-0.918227,0.141955,-19.407938,144.118806
67.375250,-7.343148,-0.127834,-1.420686,-0.703954,0.006726,-19.401254,146.253259
65.885198,-7.428680,-0.189488,-1.244219,-0.966099,-0.024890,-19.462678,150.778272
68.291230,-8.141098,-0.008431,-0.783099,-0.793114,0.125157,-19.378492,143.601857
65.328480,-7.416241,-0.206741,-1.273554,-1.010383,0.007576,-19.468547,150.319242
65.349952,-7.608212,-0.133262,-1.054862,-0.853188,0.009535,-19.458389,147.987366
67.383558,-7.697382,-0.108114,-1.174574,-0.742700,0.063181,-19.408083,143.349347
65.061918,-6.875691,-0.133479,-1.328710,-0.858528,0.031453,-19.482040,151.171956
66.139402,-7.540870,-0.205655,-1.457843,-0.832194,-0.040348,-19.445208,146.410087
67.234931,-7.255147,-0.076968,-0.949643,-0.937384,0.081752,-19.408051,145.232344
71.090939,-7.013726,-0.166323,-1.239288,-1.069086,0.001684,-19.284102,137.617462
65.052226,-7.903644,-0.093985,-1.287842,-0.591905,0.077119,-19.475815,150.249876
68.198585,-7.620621,-0.054960,-0.840098,-0.925575,0.062118,-19.382679,145.679815
64.404558,-9.501611,-0.138599,-0.817311,-0.705363,-0.019215,-19.499251,151.347329
69.142893,-9.199965,-0.068959,-0.924523,-0.653113,0.109803,-19.355320,143.748711
67.645620,-7.574033,-0.084333,-0.937326,-0.872068,0.011428,-19.390472,144.901130
66.769822,-7.808842,-0.097378,-1.437897,-0.598725,0.069391,-19.434311,149.160866
68.573041,-9.448865,-0.183260,-1.219557,-0.601734,-0.022962,-19.354401,142.297374
67.164449,-8.110409,-0.156823,-0.874163,-1.092307,0.094369,-19.409364,147.372561
67.284105,-8.589152,-0.158686,-1.228883,-0.703178,0.084976,-19.407024,147.369307
63.425654,-8.370589,-0.162205,-0.871376,-0.882212,-0.088461,-19.523548,152.752710
66.465540,-10.468038,-0.177197,-0.846405,-0.597690,-0.115067,-19.415076,144.844673
67.293388,-9.396270,-0.123195,-0.694370,-0.882248,0.046088,-19.404839,144.482736
67.772406,-8.494190,-0.077987,-1.131502,-0.571094,0.015202,-19.393915,144.573043
69.246390,-6.864611,-0.107374,-1.072510,-1.070376,0.099610,-19.354423,142.405835
69.361110,-8.650032,-0.235009,-1.123500,-0.964536,-0.124865,-19.346391,143.069606
65.170912,-7.670837,-0.046318,-1.050000,-0.716150,0.132006,-19.478901,151.156566
65.990104,-7.369107,-0.113529,-0.886718,-1.007802,0.015541,-19.437268,147.023007
67.889674,-7.175174,-0.111432,-1.136411,-0.938695,0.099959,-19.392848,145.840886
65.719911,-6.887187,-0.057172,-0.824731,-1.073407,0.136489,-19.452213,146.800601
65.403040,-6.492675,-0.061104,-1.190080,-0.840715,0.077986,-19.464881,148.033160
66.850265,-9.231961,-0.107499,-1.010410,-0.583383,0.041324,-19.412010,146.287158
68.134739,-6.570169,-0.003643,-1.221003,-0.805598,0.179544,-19.383949,144.280854
68.660143,-8.405962,-0.059988,-0.833133,-0.861185,0.171014,-19.379092,145.542842
65.675420,-8.396601,-0.128556,-0.915045,-0.819301,0.040308,-19.457373,149.077711
68.898530,-7.267165,-0.019314,-0.880875,-0.931682,0.196024,-19.358078,143.685798
67.658953,-8.619847,-0.116822,-1.009192,-0.696504,0.037119,-19.387844,144.926460
67.073687,-7.656895,-0.149294,-1.188434,-0.856343,0.040292,-19.420034,146.282204
73.176477,-8.671843,-0.143874,-0.929138,-0.976954,0.129566,-19.240975,136.185779
66.277862,-7.622727,-0.042683,-1.250850,-0.560966,0.037812,-19.428891,146.845397
67.549955,-7.203043,-0.185081,-1.252729,-0.991807,-0.064104,-19.392723,145.073582
65.502438,-8.848418,-0.049260,-0.633471,-0.865077,0.146143,-19.466001,149.192489
66.982044,-8.802939,-0.103751,-0.730037,-0.871250,0.012684,-19.407446,147.319268
67.855906,-6.686522,-0.096791,-1.186254,-1.019895,0.186634,-19.398640,146.433053
67.035107,-8.205634,-0.053574,-0.777210,-0.878156,0.142750,-19.425415,146.107164
66.040111,-9.234297,-0.093931,-0.974771,-0.585595,0.025741,-19.449424,149.851723
68.636255,-9.861401,-0.173677,-0.927043,-0.741739,0.034346,-19.367593,143.863983
69.026652,-8.234264,-0.192987,-1.003542,-1.009692,-0.014698,-19.354810,140.501351
68.705542,-6.339702,-0.002775,-1.345066,-0.763614,0.176111,-19.360209,142.781935
66.764305,-7.765489,-0.044496,-1.183882,-0.553342,0.009155,-19.416234,144.646579
69.409481,-8.327696,-0.161833,-1.142639,-0.841181,0.080099,-19.345759,142.316233
67.417673,-6.540923,-0.055316,-1.026585,-1.088580,0.210296,-19.411703,147.070612
68.411859,-8.529742,-0.206161,-1.085849,-0.902188,-0.038608,-19.366734,143.066073
66.308131,-8.028300,-0.005354,-1.080476,-0.556639,0.097610,-19.437974,147.047845
68.456301,-6.448335,-0.097959,-1.119433,-1.007625,-0.047347,-19.353320,142.118610
68.698300,-9.906118,-0.188212,-0.814743,-0.851823,-0.000636,-19.353768,142.720580
69.366028,-7.233543,-0.057235,-1.137600,-0.844875,0.196322,-19.354434,142.267665
65.434304,-10.024129,-0.117028,-0.778503,-0.622414,-0.034056,-19.454607,150.008489
63.932004,-8.169595,-0.107166,-1.324216,-0.529835,0.004480,-19.506733,153.444635
68.994858,-7.832523,-0.177445,-1.166232,-0.931969,0.040288,-19.354779,141.301817
66.503396,-6.523921,-0.118541,-1.262454,-0.970203,0.034524,-19.434555,147.457090
68.672069,-7.952076,-0.148394,-0.865060,-1.019753,-0.117186,-19.354516,142.429928
69.149938,-6.435458,-0.127085,-1.326782,-0.998622,0.029681,-19.343303,140.799926
66.665407,-6.303469,-0.058016,-1.101189,-0.995397,0.109448,-19.423653,146.414221
71.085137,-9.218263,-0.087866,-0.966801,-0.652634,0.079239,-19.293172,138.872176
65.535411,-7.735353,-0.086410,-0.947214,-0.820333,0.078586,-19.459812,146.926163
69.814765,-7.500754,-0.125036,-1.414845,-0.737240,0.053309,-19.338828,142.546597
69.050398,-6.525220,-0.068560,-1.248980,-0.901422,0.103084,-19.351625,142.292734
65.012957,-8.108854,-0.133753,-1.355387,-0.598679,0.037783,-19.474702,149.019096
66.996745,-8.995667,-0.128592,-1.110564,-0.625531,0.061602,-19.418513,146.460683
70.742711,-7.325053,-0.173052,-1.158683,-1.048974,-0.029129,-19.293933,137.059618
66.480730,-8.929748,-0.094637,-0.834203,-0.719566,0.059927,-19.431098,145.570366
67.070722,-7.982210,-0.008875,-0.673203,-0.924796,0.179389,-19.413958,144.163486
64.842861,-8.555999,-0.194854,-0.947631,-0.916975,-0.063852,-19.474064,150.388833
67.071289,-7.440005,-0.060152,-1.088951,-0.771185,0.096348,-19.414327,146.914519
66.854956,-7.419692,-0.016582,-1.334232,-0.549445,0.079052,-19.423519,147.353142
68.699681,-7.745374,-0.132768,-1.427288,-0.658578,0.039178,-19.359142,143.109323
67.053839,-8.020716,-0.142487,-1.231336,-0.729090,0.042360,-19.412624,145.703276
68.828349,-6.317702,-0.058504,-1.100087,-1.103383,0.213703,-19.359009,143.925066
67.354242,-7.305340,-0.072464,-1.051058,-0.758612,0.000284,-19.386584,143.889576
67.281381,-6.273665,-0.036230,-1.278794,-0.849543,0.108065,-19.412149,145.016442
65.577072,-7.667432,-0.151446,-1.480526,-0.652321,-0.020123,-19.463950,150.798053
66.006850,-6.877947,-0.093983,-1.146658,-0.897370,0.022701,-19.449015,150.152626
68.154426,-8.094420,-0.011514,-0.779572,-0.810805,0.125889,-19.382242,143.761357
65.635143,-7.563844,-0.205722,-1.209780,-1.026061,0.005168,-19.457839,149.310172
66.968702,-7.803081,-0.177949,-1.178389,-0.839205,-0.074953,-19.405773,144.367527
66.139692,-7.757269,-0.102435,-1.037054,-0.776130,0.042040,-19.441795,145.836461
63.891415,-7.077363,-0.124338,-1.373905,-0.736696,0.016180,-19.515312,153.540508
66.218865,-7.186615,-0.189993,-1.441183,-0.882094,-0.017534,-19.441583,146.214912
63.683059,-7.527533,-0.070783,-0.886464,-0.860102,0.129580,-19.519828,152.947621
68.920227,-7.186653,-0.181954,-1.255232,-1.041753,0.008936,-19.354298,142.368107
63.282238,-7.295519,-0.108161,-1.360330,-0.704813,0.121143,-19.542706,155.079622
68.286910,-6.611743,-0.055521,-1.236694,-0.876834,0.121476,-19.383885,145.660796
64.242454,-9.170111,-0.137061,-0.839451,-0.716817,-0.041643,-19.499926,151.344374
70.380311,-8.736764,-0.027394,-0.986183,-0.636986,0.173610,-19.319945,141.810854
68.339255,-6.665010,-0.067660,-0.974187,-1.076143,0.123678,-19.375628,142.881446
66.801648,-7.928369,-0.127050,-1.502624,-0.615307,0.070803,-19.438878,149.595553
69.359724,-9.906932,-0.202971,-1.218017,-0.561340,-0.085759,-19.322501,139.284227
68.084528,-8.368769,-0.186725,-0.927331,-1.076882,0.062952,-19.378251,144.893469
69.186529,-8.941965,-0.142342,-1.114785,-0.703723,0.081679,-19.348253,143.103124
63.696893,-8.515938,-0.172750,-0.823335,-0.921058,-0.105510,-19.517390,151.629747
67.211150,-10.567233,-0.183280,-0.875105,-0.593063,-0.117818,-19.390875,143.004715
67.686888,-9.657509,-0.123113,-0.632252,-0.901622,0.039128,-19.392350,145.316376
67.463578,-8.702038,-0.096261,-1.039262,-0.637174,0.039119,-19.402423,146.415170
68.481623,-6.883353,-0.104357,-1.028058,-1.069238,0.081231,-19.371773,142.723516
69.230865,-9.204682,-0.211199,-0.977573,-0.901266,-0.073632,-19.350073,142.108175
64.983624,-8.252255,-0.065996,-1.023764,-0.696312,0.160294,-19.492981,151.602251
68.379729,-7.614837,-0.117430,-0.959649,-0.971757,0.081461,-19.370754,142.664996
68.393817,-7.411617,-0.097334,-1.103707,-0.876928,0.122344,-19.375078,144.388109
67.416172,-7.009454,-0.092109,-0.953271,-1.043734,0.103531,-19.402659,144.334857
65.299878,-6.858845,-0.064284,-1.188570,-0.777879,0.110421,-19.466295,147.483289
67.391962,-8.001348,-0.090340,-1.105289,-0.704130,0.085221,-19.393843,144.799989
68.032984,-6.174226,-0.008987,-1.202973,-0.905507,0.196241,-19.388227,143.985272
68.681965,-8.218649,-0.056581,-0.833816,-0.888713,0.176365,-19.379863,145.549530
63.777796,-8.776403,-0.135073,-0.882828,-0.712344,-0.054684,-19.507702,151.997431
66.102493,-7.122137,-0.052853,-1.107870,-0.754906,0.079043,-19.435066,147.042375
68.105348,-8.134252,-0.083458,-1.002236,-0.742113,0.084281,-19.375408,143.939097
67.652138,-7.609710,-0.150086,-1.182439,-0.866495,0.025574,-19.398316,145.288435
71.230275,-7.708730,-0.125709,-0.982209,-1.012220,0.098683,-19.289785,137.850840
66.857694,-7.640842,-0.026195,-1.208294,-0.525631,-0.002756,-19.404824,144.580764
66.967311,-7.294630,-0.197973,-1.241602,-1.006521,-0.089535,-19.408215,146.088784
66.841210,-8.685579,-0.043396,-0.729452,-0.799672,0.152444,-19.419483,146.485167
67.502807,-8.578252,-0.096798,-0.791440,-0.833748,-0.005698,-19.393704,146.120903
67.650171,-7.096822,-0.109172,-1.070325,-1.017231,0.138960,-19.402386,146.690462
66.303551,-8.046592,-0.062237,-0.813448,-0.872992,0.126083,-19.448100,147.269383
68.120853,-10.361646,-0.170705,-1.112241,-0.514367,-0.029304,-19.366839,144.225590
71.031780,-10.060946,-0.192317,-1.018649,-0.756674,0.086378,-19.299019,139.299244
67.549689,-7.786522,-0.186504,-1.013316,-1.007550,-0.108026,-19.388820,141.670548
68.555525,-6.211534,-0.003385,-1.259699,-0.827216,0.156601,-19.361202,142.661592
68.033452,-7.824230,-0.058458,-1.172272,-0.622825,0.047776,-19.381094,142.753542
69.284374,-9.499340,-0.191469,-1.015994,-0.778609,0.018512,-19.347903,142.708761
68.227988,-6.504432,-0.072994,-1.022035,-1.139706,0.161790,-19.385365,145.440169
71.206330,-8.420782,-0.189514,-1.139132,-0.890241,-0.007388,-19.280239,137.472711
65.882886,-7.965891,-0.030383,-1.085938,-0.580632,0.069872,-19.448172,147.137156
67.746875,-6.563075,-0.085506,-1.082354,-1.047451,0.074679,-19.391484,145.235050
67.885041,-9.656653,-0.187111,-0.823749,-0.871456,-0.020488,-19.376823,143.950126
70.662662,-6.943955,-0.119600,-1.295604,-0.939786,0.120959,-19.312504,139.437368
65.060691,-9.685471,-0.092726,-0.810327,-0.617649,0.010306,-19.470428,151.800117
63.841994,-8.306412,-0.114945,-1.314544,-0.526488,-0.000960,-19.508985,153.721212
67.874904,-7.653346,-0.147988,-1.044791,-0.973438,0.073095,-19.390719,143.893410
64.258211,-6.978540,-0.121914,-1.363567,-0.794243,0.072150,-19.513118,152.704211
69.049413,-7.449841,-0.130071,-0.881931,-1.081841,-0.076686,-19.344217,141.976060
68.074682,-6.103171,-0.117759,-1.334647,-1.028291,0.032956,-19.375971,142.568107
66.176860,-6.377510,-0.051965,-1.112847,-0.932636,0.095109,-19.436308,146.373573
72.868844,-9.855691,-0.123621,-0.913905,-0.661377,0.048769,-19.235946,134.459430
66.288534,-7.919811,-0.125446,-1.088592,-0.751591,0.026723,-19.436976,145.442056
68.155411,-8.448815,-0.140034,-1.276678,-0.674384,0.057612,-19.388500,146.386683
69.323460,-6.432984,-0.074678,-1.268106,-0.960547,0.115386,-19.346620,142.967671
64.499399,-8.178192,-0.122789,-1.289301,-0.591555,0.044434,-19.491788,150.225546
65.588827,-8.986677,-0.129662,-1.112201,-0.626339,0.083962,-19.464107,149.069544
69.504344,-6.994335,-0.153362,-1.131906,-1.091154,0.005362,-19.334973,140.534726
66.478075,-8.781298,-0.090840,-0.845457,-0.726694,0.057168,-19.431865,145.829224
66.902507,-7.614927,-0.045447,-0.737814,-1.002871,0.131032,-19.416642,145.206235
65.707853,-8.407311,-0.197514,-0.992625,-0.931476,-0.064467,-19.447294,148.378715
68.058947,-7.116268,-0.055398,-1.245225,-0.730270,0.130495,-19.384439,144.373530
67.168131,-7.290705,-0.009865,-1.394727,-0.567328,0.115806,-19.422912,148.181777
69.588329,-7.432902,-0.126365,-1.407090,-0.737715,0.064582,-19.332859,140.575881
66.828865,-8.898133,-0.207799,-1.289833,-0.679171,-0.032478,-19.406319,145.072296
68.021511,-6.939299,-0.111138,-1.145924,-1.010670,0.182209,-19.381667,144.175275
66.439524,-8.581702,-0.131812,-0.924095,-0.749475,-0.037328,-19.421478,146.034138
67.393575,-6.146588,-0.038747,-1.275221,-0.906390,0.139530,-19.407729,145.248077
63.716982,-7.154643,-0.141190,-1.473243,-0.697633,-0.022301,-19.519216,154.275372
67.334802,-6.570527,-0.083642,-1.242261,-0.896886,0.036395,-19.406496,147.603723
68.308281,-8.114711,-0.006121,-0.741100,-0.833963,0.139622,-19.379049,143.644402
65.689802,-7.500507,-0.207092,-1.261507,-1.022405,0.015065,-19.457786,149.583937
67.310984,-7.233422,-0.162981,-1.268468,-0.855069,-0.057599,-19.393758,143.492948
68.460287,-7.228138,-0.117445,-1.150290,-0.856458,0.005999,-19.362018,141.266363
67.404955,-7.414631,-0.140403,-1.417816,-0.709382,-0.017516,-19.397522,146.325028
65.606354,-7.266588,-0.213798,-1.494664,-0.889417,-0.037667,-19.462536,147.372887
65.426604,-7.968628,-0.134702,-0.940576,-0.886702,0.024928,-19.458456,147.978132
68.540500,-6.973877,-0.153303,-1.350313,-0.934032,0.021693,-19.368440,143.972654
64.388614,-8.425775,-0.101128,-1.074653,-0.637839,0.064321,-19.497735,152.447346
69.051248,-7.109358,-0.141226,-1.485691,-0.826334,0.045826,-19.363399,145.408399
62.681673,-9.408335,-0.146789,-0.836673,-0.669177,-0.076674,-19.548042,155.158511
68.581043,-8.377672,-0.024719,-0.860583,-0.753803,0.184126,-19.376743,145.699631
66.601592,-6.416563,-0.096308,-1.136908,-1.063308,0.090938,-19.435236,146.319718
67.347720,-8.110620,-0.123687,-1.440037,-0.616367,0.071912,-19.420341,148.260242
69.309108,-9.702000,-0.198235,-1.291684,-0.554282,-0.067354,-19.328153,139.991513
68.709384,-8.392179,-0.176342,-0.876282,-1.101141,0.066271,-19.360513,143.621605
69.225077,-9.269261,-0.135771,-0.970369,-0.725521,0.087413,-19.351826,142.633047
64.076538,-9.558829,-0.162968,-0.869722,-0.718783,-0.014118,-19.513954,152.044630
67.217626,-10.605193,-0.186788,-0.870563,-0.601684,-0.119486,-19.390998,143.030719
67.004821,-9.526690,-0.142768,-0.696794,-0.898452,0.017446,-19.409781,146.065259
66.297570,-8.017991,-0.114146,-1.129801,-0.721150,0.043088,-19.439184,149.343666
67.596465,-7.399743,-0.149651,-0.922438,-1.126535,-0.003227,-19.394133,143.446075
68.941818,-8.946578,-0.210457,-1.006150,-0.927673,-0.051137,-19.359417,142.703618
67.213995,-8.034443,-0.047206,-1.044754,-0.703647,0.169412,-19.418236,146.638375
67.803622,-7.293227,-0.056176,-1.006631,-0.870935,0.111516,-19.397343,145.577620
68.043483,-7.044610,-0.079156,-0.970390,-1.043585,0.178444,-19.385482,144.346127
68.079225,-7.647581,-0.100395,-0.856032,-0.982128,0.056698,-19.373018,141.907039
66.960067,-7.211233,-0.086959,-1.261389,-0.753036,0.106342,-19.418971,145.925379
69.075984,-8.270532,-0.090093,-1.230559,-0.562898,0.015075,-19.333106,139.613625
67.131612,-6.765317,-0.057134,-1.095209,-0.937948,0.149202,-19.417245,147.207331
70.931680,-8.914496,-0.067782,-0.817591,-0.828731,0.164008,-19.308566,141.017950
63.590811,-8.139981,-0.105942,-0.910992,-0.756502,-0.002371,-19.519263,153.025405
65.223280,-6.772976,-0.022414,-1.010791,-0.771119,0.025960,-19.452373,147.021586
67.678731,-8.018542,-0.122376,-1.006561,-0.840118,0.044539,-19.390901,144.812954
68.323051,-7.499925,-0.166986,-1.218031,-0.917399,0.000186,-19.375917,144.240646
71.818615,-8.075329,-0.122592,-1.012539,-0.909441,0.106687,-19.274413,136.929472
66.672742,-7.772854,-0.040819,-1.200891,-0.528538,-0.012218,-19.410218,145.070352
67.388993,-7.334229,-0.183801,-1.215773,-0.982201,-0.084499,-19.397838,145.376809
66.713678,-8.832580,-0.054423,-0.709745,-0.816264,0.134909,-19.423187,146.551053
66.536201,-8.018207,-0.106625,-0.816411,-0.902433,-0.015354,-19.424183,146.679622
67.217214,-7.285562,-0.091016,-1.079720,-0.915344,0.133508,-19.418795,148.029084
65.722320,-8.402707,-0.068163,-0.902894,-0.683656,0.065214,-19.455662,147.048575
68.395635,-10.102142,-0.166030,-1.209291,-0.500843,-0.001560,-19.360094,144.203293
68.793887,-9.789837,-0.177562,-0.961907,-0.747786,0.042725,-19.364743,143.285289
68.388722,-7.274064,-0.165491,-1.107605,-1.037952,-0.029864,-19.369191,142.018717
68.292132,-6.574743,-0.010340,-1.200626,-0.795042,0.155564,-19.369178,142.709601
68.820219,-7.118717,-0.043145,-1.277488,-0.658962,0.045786,-19.355367,140.850159
69.247228,-9.318395,-0.217321,-1.052454,-0.835416,-0.027456,-19.346617,141.733351
69.574158,-6.181954,-0.093508,-1.095802,-1.272586,0.152899,-19.346018,143.239633
71.468557,-8.445647,-0.180687,-1.053101,-0.936764,0.008211,-19.273490,136.877694
65.831331,-8.516828,-0.096588,-1.143040,-0.601165,0.065562,-19.454124,148.581950
65.322585,-6.445307,-0.120937,-1.089793,-1.067571,-0.039737,-19.455509,148.013609
67.780570,-10.015450,-0.161640,-0.689367,-0.864979,-0.005768,-19.381746,144.363384
69.446620,-7.579772,-0.125903,-1.336236,-0.777094,0.102532,-19.349333,142.382027
66.008105,-9.971706,-0.109673,-0.790183,-0.639178,0.021547,-19.442539,149.853950
65.941646,-7.708411,-0.087316,-1.250493,-0.668376,0.082099,-19.449420,151.408716
69.629897,-7.917401,-0.143873,-1.125269,-0.881226,0.094604,-19.342362,141.649005
65.549084,-7.288030,-0.150357,-1.445411,-0.751548,0.045223,-19.468715,149.443136
68.600746,-7.134822,-0.147979,-1.004534,-1.084911,-0.092358,-19.355006,142.581893
69.434000,-6.611996,-0.130305,-1.268845,-1.002491,0.028090,-19.332512,140.107909
67.058471,-6.498768,-0.107709,-1.257555,-0.968775,0.057132,-19.409317,146.222696
71.074058,-9.561425,-0.168234,-0.957731,-0.763944,-0.001123,-19.290542,138.831828
68.849024,-8.654597,-0.106286,-0.966032,-0.760689,0.104658,-19.363392,142.673953
68.377987,-8.130911,-0.158703,-1.267355,-0.760986,0.039758,-19.377725,144.816690
68.860005,-6.103920,-0.051536,-1.267412,-0.971035,0.117537,-19.359216,144.181922
64.887255,-8.760510,-0.155446,-1.347323,-0.529380,-0.022286,-19.476540,149.813344
66.924536,-9.606509,-0.141466,-1.031022,-0.605244,0.066081,-19.418816,144.206429
69.156116,-7.220425,-0.162301,-1.108598,-1.074623,0.012418,-19.349020,141.792766
67.311293,-8.919832,-0.099990,-0.796087,-0.776876,0.055711,-19.406795,144.213409
65.894353,-7.477863,-0.023720,-0.693373,-0.996544,0.130738,-19.445476,146.842805
65.734698,-8.732449,-0.212537,-0.982187,-0.918202,-0.090987,-19.447523,148.361564
66.332236,-7.037313,-0.056735,-1.281437,-0.714980,0.103148,-19.437775,147.902566
67.337967,-7.388085,-0.030897,-1.345242,-0.595876,0.089232,-19.414888,147.906810
71.586311,-7.305688,-0.151886,-1.522691,-0.775734,0.043026,-19.268621,135.969474
66.051275,-8.338833,-0.199390,-1.345715,-0.700512,-0.046129,-19.432109,146.787780
67.499424,-7.033905,-0.110607,-1.096228,-1.040398,0.219848,-19.404592,145.826103
68.214046,-9.211455,-0.154278,-0.818027,-0.816034,-0.080807,-19.365989,143.790862
64.672682,-6.654147,-0.102043,-1.211626,-0.883076,0.063288,-19.492008,149.053105
63.821406,-7.651021,-0.148251,-1.402551,-0.625604,-0.059062,-19.512005,152.837919
68.552819,-6.147063,-0.017684,-1.243743,-0.857048,0.063241,-19.363718,143.950616
68.296974,-8.767384,-0.043203,-0.712150,-0.796691,0.103780,-19.376058,143.289120
65.004407,-7.042878,-0.198993,-1.256383,-1.104025,0.041220,-19.479164,150.907543
66.718560,-7.932521,-0.188813,-1.254325,-0.797653,-0.083706,-19.414591,145.558396
68.947028,-7.214501,-0.100396,-1.074523,-0.874810,0.029744,-19.346493,140.661005
69.933462,-7.842565,-0.133365,-1.350221,-0.670850,-0.013713,-19.313381,140.845250
65.458774,-7.386701,-0.221043,-1.444465,-0.943506,-0.007972,-19.468845,148.144340
65.900070,-8.798937,-0.168792,-1.024638,-0.753456,-0.011730,-19.443342,147.443755
69.082459,-6.939757,-0.125990,-1.207258,-0.942601,0.001002,-19.344832,142.027120
64.140142,-8.190973,-0.104069,-1.199497,-0.605754,0.044702,-19.504636,152.942327
67.036892,-7.967156,-0.175317,-1.431263,-0.712409,0.004498,-19.414552,146.936890
64.493623,-8.993071,-0.109058,-0.818327,-0.697367,-0.029829,-19.489409,150.411604
68.883886,-7.667022,-0.064973,-0.889547,-0.933118,0.138540,-19.362915,144.160115
67.767578,-6.597422,-0.127464,-1.134504,-1.130465,0.067862,-19.396504,144.298001
68.129826,-8.601888,-0.149913,-1.433397,-0.575754,0.026765,-19.382224,144.729866
69.133260,-9.816889,-0.199569,-1.273286,-0.551499,-0.059503,-19.335157,140.562829
68.808753,-8.277182,-0.170242,-0.887370,-1.091616,0.075644,-19.357735,143.211668
68.614974,-9.585083,-0.144463,-0.944534,-0.689419,0.040239,-19.363692,142.842281
64.502951,-9.255890,-0.153012,-0.883415,-0.729109,-0.012010,-19.493963,150.642404
66.995357,-10.634024,-0.211226,-0.922107,-0.581690,-0.189325,-19.390168,142.857241
67.227058,-9.397361,-0.120369,-0.645262,-0.929862,0.045832,-19.399923,145.413692
68.101765,-8.214406,-0.159403,-1.157821,-0.771938,0.007253,-19.377695,144.137654
70.033948,-7.422166,-0.138343,-0.976456,-1.146716,0.117573,-19.330316,140.049486
68.799764,-8.805733,-0.214232,-1.017845,-0.939589,-0.069672,-19.361319,142.462625
67.204373,-7.984448,-0.058964,-1.060340,-0.704361,0.148492,-19.411743,146.284762
67.207515,-7.103841,-0.048768,-1.105653,-0.802531,0.113820,-19.419306,146.724052
66.431374,-7.054088,-0.060212,-0.889872,-1.038138,0.184364,-19.426899,147.018885
68.811198,-6.770636,-0.053419,-1.146607,-0.878677,0.148830,-19.358167,141.494049
66.869826,-7.251272,-0.054343,-1.129582,-0.750275,0.106261,-19.420595,145.677618
69.763322,-8.244468,-0.067105,-1.232137,-0.585360,0.108885,-19.327139,140.567916
68.286680,-6.222381,-0.063881,-1.268680,-1.048223,0.240631,-19.391569,146.526255
68.457940,-9.018602,-0.120927,-0.783497,-0.872484,0.055025,-19.374753,144.258184
66.146794,-8.088913,-0.143429,-0.906944,-0.941999,0.004640,-19.441985,148.403692
65.429842,-6.793487,-0.004756,-1.033939,-0.670187,-0.061669,-19.442113,146.324401
68.794905,-7.696302,-0.104253,-0.950978,-0.937714,0.085927,-19.353255,143.331506
66.986041,-7.555326,-0.136701,-1.094948,-0.915218,0.031695,-19.415572,146.903922
71.087350,-7.476865,-0.079420,-1.005867,-0.901503,0.107388,-19.288948,137.214783
66.284767,-7.480404,-0.028164,-1.160767,-0.578507,0.011970,-19.427028,145.695278
67.678160,-7.640094,-0.211907,-1.278006,-0.952500,-0.114122,-19.391658,145.395350
66.713678,-8.832580,-0.054423,-0.709745,-0.816264,0.134909,-19.423187,146.551053
65.754029,-8.710606,-0.135513,-0.730384,-0.908289,-0.070514,-19.443122,148.154168
68.316275,-7.060120,-0.131482,-1.310994,-0.890635,0.095174,-19.380270,145.088248
65.585259,-7.188821,-0.027149,-1.028553,-0.749063,0.110955,-19.464341,148.352854
68.449597,-10.248141,-0.164559,-1.186628,-0.486228,-0.009018,-19.355723,143.641608
68.771426,-10.036255,-0.186147,-0.875389,-0.797718,0.046880,-19.366230,143.892596
67.388126,-7.271696,-0.158900,-1.066370,-1.056931,-0.000961,-19.402591,144.884468
68.346735,-6.490882,-0.000414,-1.214048,-0.781696,0.165790,-19.367218,142.453216
70.604075,-7.574862,-0.030986,-1.259146,-0.575813,0.054896,-19.298433,137.112955
69.041736,-8.994222,-0.195971,-1.074826,-0.788739,-0.052266,-19.346402,140.924107
69.833996,-6.052648,-0.068425,-1.114329,-1.238592,0.178506,-19.339743,142.981002
69.971346,-7.736188,-0.186329,-1.182032,-0.972774,-0.030783,-19.319441,139.890516
65.193356,-8.288800,-0.073599,-1.052422,-0.618959,0.071542,-19.469926,149.058497
68.014344,-6.970168,-0.127654,-1.044977,-1.004890,-0.052677,-19.374727,142.548207
67.697260,-9.929774,-0.156746,-0.707187,-0.850634,0.002784,-19.384633,144.343927
69.404892,-6.950598,-0.047877,-1.263676,-0.785606,0.150403,-19.354867,141.997307
67.439983,-9.628285,-0.095470,-0.731859,-0.741400,0.061842,-19.399736,146.041094
66.705197,-8.219497,-0.153995,-1.342986,-0.648596,-0.008130,-19.425775,149.225272
70.124474,-8.554109,-0.112164,-1.119631,-0.714152,0.119181,-19.326430,140.472278
67.730931,-7.173382,-0.155316,-1.316424,-0.901311,0.048139,-19.399562,144.465857
68.702095,-7.589810,-0.137600,-0.923114,-1.042968,-0.033804,-19.353600,142.675899
69.988221,-7.324637,-0.173488,-1.292755,-0.909976,-0.036834,-19.310717,137.576990
66.312612,-6.011504,-0.116923,-1.361737,-0.985837,-0.017266,-19.423149,146.195561
71.082266,-9.596773,-0.178850,-0.969842,-0.765355,-0.016585,-19.288851,138.579560
66.026035,-7.995792,-0.078390,-0.861813,-0.887835,0.153438,-19.454877,149.819223
70.911757,-8.420296,-0.188185,-1.224210,-0.945435,0.171690,-19.317730,142.838419
68.197611,-6.519480,-0.055764,-1.212554,-0.910893,0.106630,-19.379454,145.171797
65.232159,-8.617997,-0.152520,-1.356287,-0.542831,-0.018146,-19.465516,149.049223
66.537087,-9.717026,-0.149071,-1.101786,-0.549248,0.037089,-19.428968,145.583526
69.214853,-6.960429,-0.126407,-0.998214,-1.146981,0.042465,-19.345777,141.308187
68.485245,-9.056969,-0.085937,-0.806571,-0.750002,0.101153,-19.368741,141.471112
66.180820,-7.501272,-0.031640,-0.731056,-0.991128,0.137072,-19.438876,147.070576
65.157270,-8.844563,-0.214570,-0.964503,-0.899816,-0.102221,-19.463936,149.399126
65.575976,-7.886687,-0.091673,-1.431338,-0.543883,0.034906,-19.456629,150.142153
67.795213,-7.169439,-0.031935,-1.293225,-0.671876,0.108413,-19.403311,146.803012
69.899712,-7.687687,-0.168341,-1.443483,-0.763664,0.018840,-19.320209,139.531362
66.344907,-8.315460,-0.204512,-1.301368,-0.751720,-0.049576,-19.424953,146.383980
67.358402,-6.906537,-0.059218,-1.132851,-0.866073,0.124205,-19.403310,147.262984
67.985684,-9.183867,-0.155048,-0.725717,-0.915104,-0.074086,-19.365734,144.317234
66.506488,-6.783107,-0.144757,-1.094466,-1.101595,0.011495,-19.433414,144.752698
66.353124,-7.741425,-0.140496,-1.411255,-0.660620,-0.015450,-19.438312,148.148319
68.200625,-6.507358,-0.151113,-1.158941,-1.158078,-0.090540,-19.371693,144.163696
68.998777,-8.414675,-0.028322,-0.689339,-0.881561,0.128973,-19.357216,142.705766
65.336373,-6.963580,-0.197303,-1.239209,-1.155953,0.043395,-19.468366,150.125442
64.822811,-8.618972,-0.217079,-1.266893,-0.748592,-0.053296,-19.484801,152.264563
67.753849,-7.832924,-0.091698,-1.088357,-0.724657,0.033881,-19.385963,143.497531
70.116230,-7.554808,-0.109601,-1.249462,-0.759083,0.033304,-19.312268,140.878561
65.951252,-7.410671,-0.223019,-1.446421,-0.945342,-0.011120,-19.452722,147.168404
66.697785,-8.889156,-0.198840,-1.195914,-0.759382,0.022687,-19.428507,147.634471
69.290542,-6.751221,-0.122962,-1.200695,-0.977411,-0.000861,-19.337336,141.353421
65.714046,-8.567309,-0.126063,-1.256763,-0.550930,-0.002387,-19.452757,148.576114
67.086922,-8.030173,-0.184311,-1.485394,-0.675378,-0.016578,-19.411591,146.514110
67.123260,-9.242320,-0.121850,-0.795125,-0.748826,-0.015340,-19.408077,145.531439
70.601885,-7.566955,-0.027948,-0.821863,-0.976579,0.164558,-19.309988,141.007018
67.373813,-6.968169,-0.154114,-1.116427,-1.123323,0.054526,-19.413323,145.535621
68.394266,-8.705544,-0.146277,-1.437785,-0.558807,0.036772,-19.375655,144.325655
69.077743,-9.736108,-0.195056,-1.268445,-0.559014,-0.058435,-19.336808,140.658076
68.403437,-8.319303,-0.170590,-0.951288,-1.000764,0.053510,-19.371455,143.700783
70.537738,-9.887690,-0.123088,-0.954451,-0.638399,0.092369,-19.305888,139.414340
63.412807,-9.160561,-0.129859,-0.850591,-0.692848,-0.002680,-19.526424,152.379010
67.573276,-10.410923,-0.207777,-0.954471,-0.608214,-0.165187,-19.375679,142.287660
67.096182,-9.396526,-0.101043,-0.604012,-0.923590,0.065187,-19.404331,145.610601
69.139490,-7.959062,-0.156419,-1.150281,-0.850531,0.023968,-19.347013,141.771815
70.372523,-7.169553,-0.139566,-0.945641,-1.260014,0.138163,-19.318948,139.194782
68.791415,-8.894052,-0.216777,-1.022817,-0.928865,-0.068873,-19.362100,142.488788
67.853041,-8.128021,-0.053960,-1.066033,-0.682443,0.176600,-19.392135,145.011529
66.524252,-7.742482,-0.107291,-1.024533,-0.838442,0.061016,-19.439925,147.853379
66.610301,-7.099086,-0.075308,-0.862320,-1.070782,0.151584,-19.419192,146.579260
69.088760,-6.756842,-0.064983,-1.094659,-0.960922,0.162848,-19.351519,141.325395
66.635247,-6.694866,-0.089283,-1.211694,-0.953092,0.184511,-19.432237,147.507747
69.897491,-8.314424,-0.049075,-1.147043,-0.601016,0.128727,-19.325074,140.247684
69.602567,-6.163585,-0.058078,-1.360754,-0.996396,0.222456,-19.345510,143.289313
68.516426,-8.953978,-0.129621,-0.799987,-0.896050,0.043350,-19.371059,143.725923
65.717273,-8.494735,-0.156565,-0.928141,-0.872139,0.022353,-19.459739,149.181686
66.956796,-7.096307,-0.049332,-1.127339,-0.716035,0.014651,-19.407136,144.521883
67.564674,-8.027670,-0.122624,-0.989262,-0.847674,0.055721,-19.393141,145.196715
67.186155,-7.398654,-0.157314,-1.173216,-0.922511,0.008673,-19.411480,146.308970
70.622733,-7.574124,-0.165113,-1.190746,-0.941299,-0.024144,-19.304182,138.648409
66.249695,-7.635870,-0.022967,-1.102724,-0.554537,-0.021861,-19.422543,144.813112
67.835214,-7.560315,-0.214458,-1.269160,-0.986653,-0.124050,-19.385712,145.106886
66.549583,-8.713063,-0.052462,-0.687533,-0.851353,0.138499,-19.427922,146.943042
67.373743,-7.929092,-0.146515,-0.958156,-0.964154,0.011307,-19.398500,146.016320
67.927086,-7.643231,-0.121299,-1.325099,-0.773749,0.135543,-19.399819,146.614478
65.429766,-7.213490,-0.032486,-0.961892,-0.834744,0.147291,-19.468466,149.077691
68.912621,-9.855828,-0.132639,-1.187738,-0.487565,0.021156,-19.343884,142.737353
70.474661,-10.106909,-0.189276,-0.928372,-0.805730,0.069733,-19.321583,140.845473
64.810654,-6.916192,-0.182165,-1.035184,-1.221993,-0.075221,-19.478359,150.399186
67.891424,-6.757091,-0.012339,-1.238073,-0.735406,0.137468,-19.388055,144.707836
69.606108,-8.959756,-0.099953,-1.193697,-0.512680,-0.005560,-19.322571,139.058692
68.587062,-8.880313,-0.204352,-1.193358,-0.745429,-0.043073,-19.362762,141.641058
69.102547,-6.520429,-0.079183,-0.982411,-1.216542,0.140623,-19.356111,143.442474
70.187056,-7.414240,-0.198826,-1.261077,-1.048642,0.002410,-19.308204,138.828618
69.362558,-7.114577,-0.069530,-1.090803,-0.892996,0.153219,-19.342460,141.603861
67.749899,-7.672277,-0.133697,-1.024362,-0.881893,-0.037635,-19.385005,143.196962
66.979300,-10.200646,-0.159764,-0.680809,-0.832876,0.010953,-19.407122,145.623261
69.081103,-6.983834,-0.056112,-1.369683,-0.734844,0.139784,-19.367547,143.274506
66.974612,-9.412157,-0.101399,-0.701952,-0.802477,0.045776,-19.416491,147.050825
67.899710,-7.803025,-0.146907,-1.286538,-0.754108,0.002173,-19.387249,146.587813
71.407310,-8.902812,-0.112282,-1.052743,-0.710606,0.123560,-19.287698,137.704773
68.949078,-7.443751,-0.188399,-1.432969,-0.847464,-0.018954,-19.354613,140.886159
68.429700,-7.521163,-0.130251,-0.919183,-1.059224,0.002890,-19.365915,143.904722
68.157965,-7.288168,-0.172357,-1.209974,-0.990027,0.009860,-19.377832,142.789935
66.595425,-5.722153,-0.104730,-1.380278,-1.026998,-0.017854,-19.411243,145.130864
71.002024,-9.289689,-0.194361,-0.977283,-0.847785,-0.050070,-19.288999,138.578753
65.313937,-7.069526,-0.108884,-1.012906,-1.053025,0.172840,-19.478126,151.698797
69.566234,-8.496016,-0.182572,-1.168103,-0.861529,0.053861,-19.347049,143.940684
68.006200,-6.261402,-0.021201,-1.084635,-0.930937,0.072071,-19.380682,143.704378
66.037786,-8.892036,-0.168795,-1.332830,-0.557419,-0.023927,-19.438865,147.778522
66.493711,-9.574919,-0.130027,-1.085854,-0.563753,0.081816,-19.433086,146.652790
69.284334,-6.785901,-0.126789,-1.046701,-1.156736,0.022141,-19.344525,141.753324
68.974027,-9.287695,-0.123824,-0.836171,-0.777097,0.078251,-19.354442,140.250702
65.927040,-7.671898,-0.013386,-0.671491,-0.976471,0.157599,-19.448396,147.662347
63.893866,-8.984327,-0.210175,-0.901099,-0.903861,-0.121301,-19.505622,152.711291
64.911702,-8.038922,-0.110621,-1.474861,-0.504134,0.004050,-19.477734,151.271374
67.445442,-7.060877,-0.023745,-1.306547,-0.657920,0.105435,-19.413495,147.284690
70.062653,-7.712846,-0.150664,-1.440659,-0.717524,0.021655,-19.313601,139.239418
68.531049,-8.357684,-0.195155,-1.123521,-0.899012,0.010355,-19.362008,142.391012
66.007666,-7.273132,-0.149565,-1.166533,-0.938862,0.023041,-19.450457,150.101074
67.964820,-9.066711,-0.164078,-0.771962,-0.935677,-0.067994,-19.368993,144.616194
64.244516,-7.581325,-0.184393,-1.169662,-0.846826,-0.114502,-19.498660,149.676077
66.154208,-7.206942,-0.077531,-1.269985,-0.706859,0.055401,-19.445800,149.216644
66.032379,-6.502877,-0.182632,-1.201388,-1.188027,-0.120287,-19.440183,148.073310
70.443636,-9.254345,-0.084454,-0.759620,-0.794906,0.079664,-19.314338,140.350156
66.311216,-7.008723,-0.188112,-1.276185,-1.084420,0.062680,-19.437679,147.534504
65.315201,-8.492428,-0.198825,-1.223657,-0.760611,-0.036899,-19.468754,151.186138
69.408257,-7.527371,-0.137062,-1.097446,-0.899692,0.002870,-19.334171,140.592495
69.408234,-7.273562,-0.100795,-1.260485,-0.785588,0.034958,-19.335569,142.558161
65.855684,-7.513683,-0.224832,-1.450092,-0.931739,-0.007388,-19.456647,147.633945
65.656493,-8.321620,-0.215012,-1.196992,-0.900038,0.005307,-19.462251,150.042429
68.088613,-7.330100,-0.110478,-1.190703,-0.790936,0.017137,-19.370140,144.471909
65.519521,-8.563866,-0.134973,-1.256291,-0.568881,-0.007916,-19.458596,148.587806
65.270790,-7.765424,-0.227002,-1.644690,-0.739833,-0.048475,-19.463752,148.641783
65.425087,-9.802375,-0.123013,-0.844637,-0.591652,-0.077360,-19.458775,149.924828
70.822532,-7.571884,-0.067506,-0.948283,-0.966603,0.154721,-19.305263,141.378235
67.139486,-6.816344,-0.156637,-1.164811,-1.127622,0.040149,-19.418869,145.676715
67.481743,-8.651669,-0.156165,-1.408091,-0.573965,0.015247,-19.404753,145.889293
69.110392,-10.036954,-0.227654,-1.369288,-0.542022,-0.086348,-19.333665,140.573660
71.150046,-8.478157,-0.189793,-0.974256,-1.094547,0.122110,-19.291371,139.162793
68.101198,-10.044193,-0.134414,-1.008085,-0.550620,0.017452,-19.374484,143.981764
64.392208,-9.651787,-0.133047,-0.829979,-0.649746,-0.006482,-19.492983,150.333377
67.733472,-10.211778,-0.212193,-1.005356,-0.616232,-0.162294,-19.370475,141.761169
67.268606,-9.514423,-0.120886,-0.622580,-0.933183,0.050020,-19.401149,145.582144
67.423627,-8.109330,-0.170810,-1.058454,-0.897640,0.004475,-19.401210,144.891850
67.319204,-7.322638,-0.179686,-1.045362,-1.171033,0.018239,-19.409084,145.048598
68.685440,-8.904382,-0.215164,-1.015373,-0.928137,-0.062449,-19.365731,142.840226
67.400736,-7.959624,-0.061508,-1.101827,-0.663221,0.104948,-19.401073,144.838340
66.396544,-6.907561,-0.069731,-1.027664,-0.963939,0.136673,-19.447157,149.151344
66.853202,-7.308486,-0.088461,-0.871396,-1.054896,0.136553,-19.414636,146.407890
68.305953,-6.273358,-0.100777,-1.268170,-0.966114,0.014213,-19.356966,141.135159
65.994551,-7.428137,-0.121213,-1.058641,-0.950619,0.126177,-19.455286,148.972143
68.272725,-8.289221,-0.061187,-1.129672,-0.591292,0.088320,-19.372387,143.191802
69.701052,-6.045414,-0.027615,-1.353727,-0.958010,0.250495,-19.340552,142.507552
67.383593,-7.451180,-0.124559,-1.060734,-0.933334,0.074253,-19.409299,146.095481
65.962662,-8.285477,-0.170490,-1.038704,-0.850798,-0.005452,-19.449112,148.808483
66.581556,-7.003127,-0.061979,-1.151146,-0.740460,0.015534,-19.419533,145.546752
68.212020,-7.984371,-0.076702,-0.919779,-0.795488,0.056942,-19.372254,144.121533
64.638628,-8.042404,-0.175833,-1.131765,-0.826820,-0.011135,-19.493043,151.880693
69.026734,-7.985073,-0.132345,-1.244230,-0.756465,0.072874,-19.364275,143.064036
66.691002,-7.772735,-0.017992,-1.057528,-0.586995,0.049085,-19.415294,144.929245
67.921044,-7.613321,-0.212360,-1.249663,-0.986876,-0.122473,-19.382941,145.101761
67.373912,-8.411132,-0.052950,-0.703166,-0.911404,0.141449,-19.400184,145.425211
66.538981,-7.075860,-0.106194,-1.182374,-0.834475,0.027534,-19.425663,147.026789
67.690825,-7.728746,-0.128687,-1.355103,-0.747710,0.126871,-19.407343,147.100138
67.300262,-7.652551,-0.026232,-0.878210,-0.852569,0.172676,-19.414973,146.805448
68.232652,-9.661551,-0.133491,-1.189941,-0.510678,0.020583,-19.367102,143.949594
68.381407,-9.949402,-0.215764,-0.938317,-0.830409,-0.001302,-19.380387,144.275094
64.644683,-6.935747,-0.189401,-1.033130,-1.236533,-0.082452,-19.483377,150.741413
67.880033,-6.603746,-0.011923,-1.177911,-0.770203,0.118678,-19.381436,143.166900
67.282411,-8.437396,-0.098202,-1.362267,-0.468362,-0.033823,-19.393585,144.243388
68.490870,-8.768064,-0.205130,-1.245326,-0.754201,-0.025915,-19.370488,143.157508
70.142318,-6.129845,-0.069813,-0.992318,-1.307253,0.111299,-19.321068,141.588736
69.546591,-7.128542,-0.190916,-1.161589,-1.170028,-0.009903,-19.327124,139.973593
68.874519,-7.037060,-0.056812,-1.170789,-0.798956,0.094951,-19.355739,142.352823
65.286312,-7.878272,-0.122760,-1.021478,-0.760772,-0.057555,-19.468054,147.558726
66.184410,-9.857277,-0.139818,-0.696649,-0.817094,0.018828,-19.434569,147.693556
68.945987,-6.853317,-0.054408,-1.306994,-0.796137,0.141252,-19.372568,143.242901
64.600823,-9.584005,-0.110012,-0.683172,-0.778489,0.029865,-19.488002,151.733490
68.871872,-8.452820,-0.157344,-1.187934,-0.715185,-0.027006,-19.355486,144.788980
68.623165,-8.671005,-0.128387,-0.945710,-0.820542,0.081647,-19.370845,143.318113
68.326553,-7.538295,-0.188457,-1.411419,-0.839932,-0.026718,-19.374880,142.536578
68.924582,-7.607723,-0.196699,-1.136879,-1.013120,-0.140227,-19.341057,141.412958
68.443272,-7.126014,-0.152299,-1.232541,-0.921015,0.010457,-19.365618,141.039460
66.727759,-6.024724,-0.104626,-1.274088,-1.054724,0.012240,-19.411480,145.726951
70.171420,-9.689503,-0.205578,-0.897269,-0.865116,-0.045573,-19.311898,139.163796
67.019054,-7.057877,-0.090086,-0.956246,-1.052201,0.100951,-19.413493,147.466638
68.852637,-8.130792,-0.143933,-1.085523,-0.866060,0.056307,-19.368664,145.203423
68.191549,-6.598620,-0.029338,-1.094018,-0.875058,0.084804,-19.376961,143.735206
65.568620,-8.881759,-0.167425,-1.329267,-0.556381,-0.020419,-19.452513,148.917687
66.805803,-9.405984,-0.083122,-0.961992,-0.581514,0.114772,-19.423646,145.098084
71.143131,-6.448598,-0.113833,-1.122118,-1.158077,0.021787,-19.288154,138.027908
68.320439,-8.964603,-0.129979,-0.854399,-0.824780,0.064462,-19.372854,141.736751
66.275545,-7.769995,-0.014981,-0.690864,-0.950066,0.151721,-19.438880,147.047613
64.052092,-8.879655,-0.223174,-0.945228,-0.924810,-0.133649,-19.500741,152.347548
63.648835,-7.835223,-0.142084,-1.525755,-0.561532,-0.009192,-19.523560,154.083607
68.601709,-6.950634,-0.013027,-1.297958,-0.667160,0.091794,-19.372500,144.593977
69.861744,-6.896030,-0.071303,-1.412079,-0.718290,0.080612,-19.319253,139.851690
68.961286,-8.352019,-0.202330,-1.147837,-0.891604,-0.012536,-19.345855,140.981211
66.611663,-7.346120,-0.153270,-1.202842,-0.912321,0.015788,-19.429316,147.487374
67.958558,-9.076125,-0.164304,-0.770233,-0.935600,-0.068383,-19.369139,144.628899
65.234541,-7.927426,-0.164938,-1.209665,-0.756276,-0.035045,-19.468001,149.208480
