64.424238,-8.808508,-0.119416,-0.616884,-19.494386,149.513916
64.708040,-9.790923,-0.156997,-0.595122,-19.489485,152.352671
66.156920,-7.695907,-0.169317,-1.029915,-19.443799,147.789827
65.562369,-9.345483,-0.094739,-0.518128,-19.454293,148.297458
69.285995,-10.843551,-0.191895,-0.605664,-19.351727,142.101980
64.610123,-10.747041,-0.161487,-0.498271,-19.498748,150.685393
64.604703,-9.231804,-0.101105,-0.535586,-19.483745,149.079138
70.788027,-9.377491,-0.101631,-0.572211,-19.289025,137.271890
68.204337,-8.556974,-0.151206,-0.815474,-19.379641,144.794778
67.217155,-6.677052,-0.087552,-0.996846,-19.396441,142.908215
64.055672,-11.714444,-0.158601,-0.412200,-19.504797,152.796392
69.909084,-7.449887,-0.039540,-0.744749,-19.309257,139.860154
66.061465,-11.910074,-0.251699,-0.629885,-19.452523,148.683832
69.447253,-11.188321,-0.183952,-0.543397,-19.340176,140.671933
68.422200,-8.636332,-0.172889,-0.854697,-19.371036,142.520163
70.336671,-10.346977,-0.198778,-0.689905,-19.310581,140.217108
67.311562,-8.431903,-0.088747,-0.650606,-19.395339,146.236220
64.719835,-10.313003,-0.164734,-0.546118,-19.490892,150.870276
68.697815,-8.586316,-0.123566,-0.732036,-19.356538,142.828416
70.434526,-9.222230,-0.154434,-0.733948,-19.308992,139.975328
66.036198,-11.020040,-0.153080,-0.470422,-19.446534,148.358024
68.257884,-8.694383,-0.154066,-0.778284,-19.369540,143.847790
62.750058,-10.970859,-0.206628,-0.570019,-19.563541,156.632022
66.186235,-9.435202,-0.159042,-0.646182,-19.437468,147.261300
64.024064,-7.752398,-0.092046,-0.740059,-19.512870,152.758426
67.851564,-10.342157,-0.146041,-0.548588,-19.391845,146.264819
65.608335,-9.059311,-0.183846,-0.778178,-19.459715,148.168455
68.112006,-9.210396,-0.122259,-0.627826,-19.377146,143.754852
66.660347,-8.236695,-0.097842,-0.683514,-19.416732,145.453265
69.664206,-9.946956,-0.158162,-0.615601,-19.328158,140.338700
68.907501,-9.137073,-0.137554,-0.673954,-19.353599,142.086461
67.072394,-8.886583,-0.121271,-0.668906,-19.418525,147.762638
69.394047,-11.094865,-0.172237,-0.519195,-19.336492,140.003227
69.501928,-8.614502,-0.082196,-0.626078,-19.326652,139.763329
66.485785,-9.690300,-0.161966,-0.638948,-19.437790,147.550245
63.821060,-10.994921,-0.153862,-0.469388,-19.522975,155.324010
65.407029,-7.244750,-0.064599,-0.809841,-19.466695,151.516845
67.085818,-8.907518,-0.130533,-0.666194,-19.403365,144.390071
69.103428,-9.187011,-0.175680,-0.791480,-19.351597,142.807805
67.424428,-10.326001,-0.184439,-0.622011,-19.407231,145.610182
68.937964,-12.258134,-0.180900,-0.459296,-19.360897,144.547715
65.221408,-8.826720,-0.125428,-0.639504,-19.469819,147.780930
67.310886,-9.033070,-0.149067,-0.706576,-19.396737,144.017062
67.121097,-7.750550,-0.115273,-0.831179,-19.404205,144.450493
65.070424,-8.804443,-0.168387,-0.765871,-19.481440,150.422937
68.210833,-11.098807,-0.193446,-0.562308,-19.375604,143.943960
68.203206,-7.837439,-0.022791,-0.617645,-19.361661,143.056539
64.340141,-9.696284,-0.118028,-0.503706,-19.490242,149.039928
68.231738,-7.890436,-0.103743,-0.786272,-19.371211,141.117224
66.796984,-8.205847,-0.056411,-0.607423,-19.412133,145.510332
64.866296,-10.180835,-0.160750,-0.564179,-19.484268,151.748214
67.616532,-8.319125,-0.133738,-0.793697,-19.387900,145.222354
68.369651,-10.480584,-0.151910,-0.541708,-19.377700,142.226155
70.261446,-7.523098,-0.074713,-0.830479,-19.310959,139.612388
65.130582,-9.465108,-0.148086,-0.625068,-19.474767,151.357203
69.086942,-9.603627,-0.170081,-0.698439,-19.348743,141.427911
66.846433,-9.976155,-0.101258,-0.489044,-19.423661,146.153661
68.449268,-8.144840,-0.058766,-0.650567,-19.362709,142.391431
66.309267,-10.397087,-0.106670,-0.460339,-19.441799,149.031363
66.363524,-8.787008,-0.160915,-0.766084,-19.435862,147.565321
65.547120,-9.146435,-0.101359,-0.543352,-19.457741,146.609661
66.609491,-10.369385,-0.158819,-0.552841,-19.430381,147.552115
66.515539,-7.816259,-0.173415,-1.019846,-19.432593,146.950124
69.928626,-11.310186,-0.138424,-0.450098,-19.316988,140.495746
66.946777,-10.232511,-0.157669,-0.563869,-19.420626,146.585565
60.498143,-10.755356,-0.108169,-0.375804,-19.631876,160.809261
67.203802,-9.512559,-0.138902,-0.598619,-19.401165,145.022965
68.093424,-10.390792,-0.121427,-0.479852,-19.376656,142.682328
69.413608,-8.718187,-0.162558,-0.827785,-19.342952,141.338494
67.152837,-6.942579,-0.079232,-0.922764,-19.404064,144.220817
65.886310,-11.692372,-0.148705,-0.408516,-19.444344,149.099083
68.422136,-7.243356,-0.046969,-0.778879,-19.354433,142.932659
66.370534,-12.006953,-0.254918,-0.631466,-19.441057,148.080535
68.230512,-12.021449,-0.216839,-0.534628,-19.383444,144.620098
68.111940,-8.494491,-0.157053,-0.823293,-19.380926,142.956046
69.634015,-8.559044,-0.150257,-0.819326,-19.328295,140.733563
65.014325,-8.069878,-0.109326,-0.726936,-19.468546,149.999486
65.155364,-9.043098,-0.153110,-0.693097,-19.476278,151.275974
67.602955,-8.566973,-0.101575,-0.668357,-19.391725,144.711539
68.917590,-8.866003,-0.129269,-0.708887,-19.355713,142.645572
66.581680,-11.889964,-0.177622,-0.452510,-19.429961,146.920533
69.013528,-8.322602,-0.123518,-0.772311,-19.344528,141.622923
64.903515,-10.448431,-0.171457,-0.558203,-19.485156,151.238255
66.121134,-9.165443,-0.152571,-0.678244,-19.441304,147.474976
63.709020,-7.138427,-0.080733,-0.845127,-19.518813,153.336872
64.896952,-11.021057,-0.141119,-0.452142,-19.490695,152.118097
66.962988,-10.048983,-0.226134,-0.787365,-19.430534,146.845692
69.199926,-9.538028,-0.125999,-0.598038,-19.340787,141.063403
70.480456,-9.176815,-0.124485,-0.666896,-19.308862,139.564917
67.839314,-10.343023,-0.169451,-0.599234,-19.394223,145.680798
67.860438,-8.447051,-0.096934,-0.680547,-19.388013,143.541653
66.798529,-9.298689,-0.121970,-0.603593,-19.425009,147.249012
64.681201,-10.292656,-0.118905,-0.462216,-19.480668,149.505018
70.110466,-10.336760,-0.160759,-0.577597,-19.314219,139.076428
67.334870,-10.645646,-0.179870,-0.575624,-19.412284,145.797542
68.666355,-11.658969,-0.217972,-0.592808,-19.375134,146.205674
65.899510,-8.950137,-0.143862,-0.687255,-19.445021,147.509521
67.245202,-8.483445,-0.120632,-0.707975,-19.400361,144.111166
67.907530,-8.952839,-0.220027,-0.975506,-19.394049,144.663303
66.518872,-10.270437,-0.177233,-0.603477,-19.434129,146.673162
67.126050,-11.616996,-0.182319,-0.490575,-19.419476,147.067465
67.132529,-8.947857,-0.107772,-0.603773,-19.406304,144.002278
67.590331,-10.209461,-0.158303,-0.569564,-19.390963,144.500668
67.624025,-7.441973,-0.089711,-0.837402,-19.386759,143.036349
67.221496,-9.393012,-0.158129,-0.685172,-19.414246,147.027562
66.523700,-10.265759,-0.161680,-0.571089,-19.430463,148.204093
66.242253,-8.788059,-0.033204,-0.500490,-19.428716,148.610041
64.541993,-9.973823,-0.137339,-0.519050,-19.480140,149.771437
65.408419,-7.762714,-0.087895,-0.743907,-19.463496,148.932583
67.652415,-7.564648,-0.018127,-0.637070,-19.376087,143.086152
67.241823,-10.758985,-0.207330,-0.629161,-19.409124,145.660460
67.118367,-8.411987,-0.124565,-0.735545,-19.402359,144.824686
65.351376,-8.828154,-0.140459,-0.681380,-19.467438,148.025732
64.926947,-8.271198,-0.175098,-0.883144,-19.477113,149.032124
63.872890,-9.158235,-0.160467,-0.690951,-19.519812,154.395750
66.690092,-9.048588,-0.161737,-0.730447,-19.425679,146.862857
66.169820,-10.366721,-0.075510,-0.399877,-19.446119,146.986330
66.482653,-8.156749,-0.070731,-0.637954,-19.429141,145.577164
66.088080,-9.853983,-0.077322,-0.460390,-19.447987,149.070176
66.913466,-7.971034,-0.056032,-0.656988,-19.408844,145.616370
64.260697,-10.484088,-0.130868,-0.459423,-19.504774,151.301669
65.076379,-9.665389,-0.153782,-0.594076,-19.471012,149.512588
66.541252,-7.846167,-0.171432,-1.009439,-19.431443,146.949638
68.267438,-10.164994,-0.103472,-0.484555,-19.365333,143.278311
69.859317,-10.555893,-0.172267,-0.607024,-19.329540,142.152442
62.524500,-11.431549,-0.133572,-0.386998,-19.566829,156.628524
69.268662,-10.236528,-0.168957,-0.603413,-19.338034,140.866882
68.709281,-8.958780,-0.088904,-0.579840,-19.346569,140.795106
67.999467,-8.406025,-0.136652,-0.785351,-19.387948,144.163383
68.203691,-7.103873,-0.083454,-0.913074,-19.369875,141.917190
65.776171,-11.793237,-0.234479,-0.584518,-19.456722,150.883055
69.141100,-9.215665,-0.118074,-0.620653,-19.343673,139.536581
66.313414,-12.118145,-0.259027,-0.628098,-19.443174,148.234701
68.346062,-12.288591,-0.211646,-0.501801,-19.377510,143.956607
68.780843,-8.828300,-0.190489,-0.888209,-19.364264,142.496379
68.777320,-8.511298,-0.143319,-0.792295,-19.355445,141.940280
66.151584,-7.791397,-0.090808,-0.766224,-19.435804,148.938551
65.241573,-9.910603,-0.156837,-0.580929,-19.474747,150.621388
66.591372,-8.586152,-0.101192,-0.667926,-19.426788,148.973074
67.719955,-8.418475,-0.120914,-0.732411,-19.388513,144.147446
64.361492,-11.537809,-0.127800,-0.374297,-19.492743,150.173945
69.827244,-8.344232,-0.109414,-0.747538,-19.325021,139.834262
66.117048,-11.028953,-0.194642,-0.560312,-19.447153,148.314329
67.265213,-9.069746,-0.156851,-0.720230,-19.405341,145.278946
65.794409,-7.278697,-0.106709,-0.899704,-19.449495,148.173588
64.970849,-11.302931,-0.177691,-0.499715,-19.495643,152.023224
66.298055,-9.941310,-0.191832,-0.698234,-19.451033,148.584514
69.961538,-9.854586,-0.167411,-0.672244,-19.326266,140.161854
65.427414,-9.465186,-0.120498,-0.567059,-19.469143,149.957895
72.362056,-11.013492,-0.191961,-0.606183,-19.245451,136.145862
66.838667,-8.521983,-0.136186,-0.743380,-19.423919,145.666575
67.606434,-9.456348,-0.136110,-0.628183,-19.399262,145.503233
68.268215,-10.573669,-0.148979,-0.516716,-19.367063,142.115443
64.179214,-10.023412,-0.132740,-0.503274,-19.503610,151.121384
66.482224,-10.188616,-0.145030,-0.536067,-19.431473,146.791005
71.440215,-11.250919,-0.173905,-0.531102,-19.274373,137.619420
67.933501,-8.883675,-0.115658,-0.639676,-19.379910,142.520038
67.405982,-8.390977,-0.110203,-0.700466,-19.396489,143.853554
66.026016,-9.328117,-0.247300,-0.995289,-19.457800,148.779739
66.855973,-10.194711,-0.182407,-0.623833,-19.422676,146.513132
65.610341,-11.400819,-0.187752,-0.510533,-19.466311,150.186009
68.162851,-9.368001,-0.094991,-0.528234,-19.365413,141.040688
67.155055,-10.309337,-0.149531,-0.532033,-19.399403,144.649379
68.909322,-7.326291,-0.090472,-0.880178,-19.344880,140.939541
66.525210,-9.804722,-0.169917,-0.638092,-19.428230,148.039317
65.502650,-9.971714,-0.159118,-0.589071,-19.463196,150.580287
66.087489,-9.326316,-0.074738,-0.503669,-19.434148,147.585437
63.006446,-11.588399,-0.175783,-0.445098,-19.550472,156.149158
66.266647,-8.543146,-0.100712,-0.664235,-19.443260,147.999086
66.265149,-7.044625,-0.014744,-0.717801,-19.422612,147.114679
66.097330,-10.879481,-0.190143,-0.556222,-19.440389,147.745514
66.221578,-8.521459,-0.104302,-0.652778,-19.431187,146.423750
65.257977,-8.234650,-0.126368,-0.742769,-19.468122,147.693072
65.705367,-8.576752,-0.162513,-0.806107,-19.455157,147.781612
63.727984,-9.232688,-0.184247,-0.745462,-19.531213,155.637016
66.940529,-9.718365,-0.168960,-0.660121,-19.418122,147.258365
66.425744,-10.353141,-0.103307,-0.451395,-19.425021,146.740754
66.745441,-8.547696,-0.084514,-0.619491,-19.421733,145.155267
65.963927,-10.315058,-0.098749,-0.458176,-19.450866,149.658603
67.646750,-7.591351,-0.021925,-0.657506,-19.382081,144.394248
64.516464,-10.854410,-0.166045,-0.499051,-19.497456,151.473891
66.508580,-11.171628,-0.196999,-0.545962,-19.430776,148.491075
64.331022,-7.313989,-0.175324,-1.135011,-19.505783,151.703528
66.672646,-10.671355,-0.091884,-0.406511,-19.419908,147.166070
68.672483,-8.069028,-0.090830,-0.737649,-19.352344,142.282501
66.014628,-11.715326,-0.178002,-0.462520,-19.451666,148.976374
68.610665,-10.577001,-0.169730,-0.572017,-19.361743,142.751298
70.326871,-10.263080,-0.111584,-0.485928,-19.297222,137.951919
67.991931,-8.170357,-0.123885,-0.803502,-19.385944,144.295120
68.951329,-7.029276,-0.099949,-0.983305,-19.348620,139.885047
65.660386,-11.317636,-0.210070,-0.562987,-19.460135,149.834109
67.066661,-9.950090,-0.151597,-0.583580,-19.414386,145.197644
67.628203,-11.371277,-0.216482,-0.604289,-19.399511,145.796624
67.787089,-12.510184,-0.196751,-0.451040,-19.393284,145.552671
70.005534,-9.685019,-0.200490,-0.783583,-19.332457,140.026569
69.877514,-8.247127,-0.140230,-0.836432,-19.317196,139.561902
65.136232,-7.533259,-0.102919,-0.835649,-19.468105,151.450496
64.448050,-8.036876,-0.124547,-0.768968,-19.491645,151.049146
66.401467,-7.945872,-0.071122,-0.692356,-19.427412,147.620676
68.693561,-8.538723,-0.194717,-0.963215,-19.363230,142.432560
64.269154,-11.510385,-0.121655,-0.365377,-19.495872,150.586623
70.176839,-7.763817,-0.092291,-0.808010,-19.310492,138.687347
64.844853,-10.148998,-0.164120,-0.560078,-19.477683,149.926485
66.914983,-9.516528,-0.199917,-0.765585,-19.417840,146.216712
64.746530,-8.954155,-0.197152,-0.842405,-19.492281,152.921379
67.517926,-11.845911,-0.196876,-0.506685,-19.410459,146.259704
68.477970,-10.018908,-0.189375,-0.675109,-19.369894,142.012051
67.585256,-8.478498,-0.153656,-0.807946,-19.392465,145.133434
63.916721,-10.184612,-0.132991,-0.495702,-19.521321,154.199994
69.467912,-11.160711,-0.218681,-0.643305,-19.339161,142.496559
69.046799,-9.643854,-0.166396,-0.670578,-19.352751,141.244566
70.527628,-9.071985,-0.108984,-0.649355,-19.310202,139.750247
67.275921,-8.498350,-0.091466,-0.647110,-19.400995,145.090478
65.283009,-8.204820,-0.082247,-0.643129,-19.460644,148.650106
68.779763,-9.421670,-0.091536,-0.535904,-19.356956,139.967066
70.610458,-10.953251,-0.162481,-0.527855,-19.298857,138.226448
70.679523,-9.052850,-0.152421,-0.739769,-19.295002,138.271223
65.605083,-10.002264,-0.131348,-0.517894,-19.455004,148.097289
65.213004,-8.882510,-0.236860,-1.024829,-19.482806,150.498109
65.460518,-10.752980,-0.215085,-0.635658,-19.468435,148.887521
65.622276,-11.692092,-0.188003,-0.483158,-19.463341,150.306120
68.102474,-11.293019,-0.133699,-0.431924,-19.377518,143.287292
67.519108,-10.406347,-0.183474,-0.608301,-19.397789,145.421458
67.904993,-7.199240,-0.089634,-0.886546,-19.376058,142.491449
65.771348,-9.328730,-0.145443,-0.633647,-19.451286,148.223020
66.265552,-9.739308,-0.101454,-0.489738,-19.423452,146.863981
68.720694,-9.731924,-0.104183,-0.529654,-19.355601,142.425550
64.111701,-11.351548,-0.195459,-0.513798,-19.508544,153.040536
65.464391,-7.527045,-0.103509,-0.824518,-19.465091,149.393041
66.853153,-7.972051,-0.035698,-0.619734,-19.410396,146.616740
65.854672,-10.595224,-0.193291,-0.593361,-19.448319,148.234158
66.160202,-8.951084,-0.108512,-0.608705,-19.433708,146.792842
64.085666,-9.002835,-0.156267,-0.677736,-19.506630,150.301373
66.344555,-9.313207,-0.223460,-0.898346,-19.448508,147.740866
65.314543,-10.246671,-0.181816,-0.606567,-19.474144,150.065019
70.807601,-11.396712,-0.214762,-0.624539,-19.296962,141.038629
66.645282,-10.805059,-0.096722,-0.398048,-19.416888,146.225752
65.281616,-7.689138,-0.118936,-0.821305,-19.463109,148.959233
65.558140,-10.259396,-0.100177,-0.452635,-19.453776,149.511895
66.769352,-7.827037,-0.016834,-0.589091,-19.405345,146.175099
65.082221,-11.022293,-0.144389,-0.443826,-19.475592,149.709293
65.434291,-12.092654,-0.224440,-0.531811,-19.475820,150.945123
66.695459,-7.620588,-0.171728,-1.079330,-19.429302,146.560048
66.022820,-10.641111,-0.109559,-0.433965,-19.440298,148.082259
69.235071,-8.442026,-0.108722,-0.722032,-19.335791,142.737484
68.103300,-11.925755,-0.184971,-0.472564,-19.382949,144.528866
65.207759,-10.603213,-0.183368,-0.566947,-19.472094,149.679846
68.919443,-10.788567,-0.110266,-0.438855,-19.352616,141.539112
66.488893,-8.570395,-0.101936,-0.660702,-19.431531,148.035688
69.355188,-7.026357,-0.081165,-0.934156,-19.333673,138.526582
68.133171,-11.652258,-0.177466,-0.487550,-19.377643,145.541882
66.423184,-10.507095,-0.113592,-0.449876,-19.428955,145.740275
65.045143,-11.664224,-0.248264,-0.642052,-19.489526,152.810744
67.664833,-12.707718,-0.191913,-0.425460,-19.396322,145.399751
71.415216,-8.479209,-0.138480,-0.827212,-19.281853,136.896839
72.745544,-8.463005,-0.152293,-0.862576,-19.225980,132.805613
66.889484,-8.590115,-0.187957,-0.912823,-19.417122,148.064544
63.270239,-8.248606,-0.124057,-0.714730,-19.538871,153.772928
65.428512,-8.323857,-0.065967,-0.600919,-19.457593,148.809445
67.775418,-8.360379,-0.192175,-0.986374,-19.393460,144.219982
64.953895,-10.719720,-0.120846,-0.425575,-19.470278,148.961156
71.464888,-7.527038,-0.109853,-0.933400,-19.271914,136.942978
65.034137,-10.684156,-0.158331,-0.503522,-19.477287,150.256936
67.148276,-10.641201,-0.198726,-0.623747,-19.406679,145.622793
64.866948,-8.649431,-0.188161,-0.872296,-19.489544,152.559050
66.438985,-11.090798,-0.183285,-0.533324,-19.444926,148.214792
66.253582,-8.872283,-0.186687,-0.833200,-19.438881,147.836462
68.995995,-9.228517,-0.141929,-0.669696,-19.341790,141.104441
67.003635,-9.731134,-0.168396,-0.659227,-19.418046,146.977045
69.195908,-11.557369,-0.211309,-0.573857,-19.347218,142.308308
70.735527,-10.097155,-0.171035,-0.637330,-19.296503,137.719355
65.151351,-8.757626,-0.117120,-0.667478,-19.482602,150.767552
63.682749,-8.944671,-0.129307,-0.623109,-19.520103,153.212623
67.387292,-9.005624,-0.139108,-0.675773,-19.399312,144.232297
66.252694,-10.645034,-0.149720,-0.505067,-19.445226,147.548836
68.393383,-11.816210,-0.206786,-0.531285,-19.369288,143.783784
69.514753,-8.860131,-0.161285,-0.798396,-19.337504,140.895265
65.605075,-10.823726,-0.170167,-0.508828,-19.459914,148.581194
64.970998,-8.872932,-0.233845,-1.016869,-19.489297,150.962121
67.054529,-11.159367,-0.213401,-0.592902,-19.418167,145.569691
62.633150,-11.208604,-0.158524,-0.440515,-19.554147,157.010744
67.866067,-11.315939,-0.146811,-0.450817,-19.387440,143.827660
66.938961,-10.494814,-0.196243,-0.631264,-19.423114,147.691468
68.384490,-7.396274,-0.091878,-0.863877,-19.362859,141.630022
67.909316,-10.483494,-0.156309,-0.561358,-19.387144,146.005942
66.423151,-8.943241,-0.106761,-0.605586,-19.424885,146.910431
68.737330,-9.907064,-0.133157,-0.560878,-19.354384,141.540906
66.072690,-10.603074,-0.188631,-0.583356,-19.445238,148.333236
67.014068,-8.352143,-0.154125,-0.848734,-19.420040,146.587472
67.645780,-8.723952,-0.092919,-0.628192,-19.389558,144.252988
66.005209,-9.071366,-0.119806,-0.605805,-19.444152,146.712225
65.842385,-9.519178,-0.119516,-0.549501,-19.452426,147.610037
65.953253,-9.509443,-0.176586,-0.697274,-19.450461,148.251900
66.509375,-9.430804,-0.213129,-0.834668,-19.436868,147.199389
65.629537,-11.038467,-0.168414,-0.513820,-19.471405,151.477127
68.511040,-11.017065,-0.198915,-0.607229,-19.367441,145.703496
66.191568,-11.826436,-0.166269,-0.426476,-19.436457,147.372350
65.930709,-8.182437,-0.132371,-0.792996,-19.441794,147.749828
67.634748,-11.937015,-0.160855,-0.431738,-19.401215,146.298934
67.691904,-8.069642,-0.014246,-0.567126,-19.372240,144.074611
66.062071,-10.260390,-0.183888,-0.614911,-19.449465,148.316721
63.762747,-12.702972,-0.223033,-0.473974,-19.526006,156.245572
67.773112,-7.564392,-0.162738,-1.074705,-19.393342,144.379779
64.055198,-10.610370,-0.105476,-0.410355,-19.509265,152.379372
68.232289,-8.195119,-0.159370,-0.922501,-19.381894,145.590573
67.087388,-12.220102,-0.200156,-0.477047,-19.417793,146.661647
64.408104,-10.928914,-0.144654,-0.446133,-19.492036,150.684472
70.036616,-10.045492,-0.101074,-0.496336,-19.316560,138.488853
66.170435,-9.023985,-0.133318,-0.667433,-19.447035,148.704608
68.432857,-7.770673,-0.127309,-0.894411,-19.368048,142.095874
66.382275,-10.918886,-0.159467,-0.500400,-19.434823,149.200870
65.806413,-10.579476,-0.126958,-0.452119,-19.450452,147.341530
64.915618,-10.680832,-0.226968,-0.691789,-19.494461,152.593090
68.952392,-12.433485,-0.181797,-0.440736,-19.355552,142.749183
68.754286,-8.853557,-0.163706,-0.784048,-19.359742,140.992566
70.804544,-8.501499,-0.193577,-1.000738,-19.293075,138.822973
64.681642,-8.851193,-0.197746,-0.873102,-19.488106,153.060806
64.405940,-8.522453,-0.168138,-0.795707,-19.498891,150.408296
66.670552,-8.389706,-0.058068,-0.581239,-19.420022,145.490327
67.531210,-8.686804,-0.213799,-1.010175,-19.403034,146.297353
67.064843,-10.111418,-0.116245,-0.497261,-19.409596,145.265197
69.707027,-7.541024,-0.128613,-0.967934,-19.325637,140.441359
64.834061,-10.689607,-0.151464,-0.482453,-19.478140,150.901696
67.435246,-11.660446,-0.221395,-0.579010,-19.398055,145.645106
66.532256,-8.504653,-0.164333,-0.849739,-19.434772,149.909994
66.049562,-10.895695,-0.133520,-0.456846,-19.451403,147.603078
68.764563,-8.714033,-0.165156,-0.823806,-19.358608,142.650819
66.986142,-8.894953,-0.162900,-0.748662,-19.409159,145.534986
66.425493,-9.709587,-0.187155,-0.717867,-19.443242,149.065521
69.151540,-11.781965,-0.201564,-0.527773,-19.347024,141.978743
68.616672,-9.951790,-0.198218,-0.735685,-19.375468,144.203595
62.362760,-8.159565,-0.102702,-0.677192,-19.568812,156.632725
64.593466,-9.380774,-0.136825,-0.602188,-19.487586,150.828476
69.728639,-8.743800,-0.171313,-0.844586,-19.326711,140.050939
68.646858,-11.525218,-0.153645,-0.451552,-19.370358,142.637602
68.869219,-12.238154,-0.236005,-0.575528,-19.352662,144.016607
70.150374,-9.225746,-0.164715,-0.760047,-19.318468,139.440550
65.037250,-10.895069,-0.207828,-0.585956,-19.476550,149.632228
66.383192,-8.923708,-0.232024,-1.013779,-19.442610,148.305076
67.015376,-10.768364,-0.170257,-0.531499,-19.410679,144.569384
64.504783,-11.010261,-0.158864,-0.476743,-19.497383,152.115096
68.332193,-10.648869,-0.105862,-0.430838,-19.363389,141.614639
66.736002,-10.853871,-0.201024,-0.602376,-19.427410,147.827711
67.214792,-7.478727,-0.094647,-0.830272,-19.399413,143.702219
69.601119,-11.328416,-0.218975,-0.626861,-19.335852,142.828120
67.938982,-9.334254,-0.106188,-0.560463,-19.374779,143.085588
68.826398,-9.593889,-0.129132,-0.593798,-19.351329,142.049885
65.903593,-9.458727,-0.170726,-0.674560,-19.449591,147.536429
68.536502,-8.375275,-0.186970,-0.978497,-19.375977,144.067654
68.548636,-8.934226,-0.094554,-0.594924,-19.359771,141.741139
63.434681,-8.721545,-0.107218,-0.593235,-19.529029,151.468880
67.283695,-10.178854,-0.197064,-0.670461,-19.406114,145.851699
66.743976,-8.758869,-0.160026,-0.779853,-19.422527,146.907704
66.468549,-9.457348,-0.206106,-0.813893,-19.439417,147.904078
67.678197,-9.678162,-0.155081,-0.633756,-19.386111,145.046696
64.741471,-11.306433,-0.204866,-0.544611,-19.487654,152.093815
67.031267,-11.297954,-0.120887,-0.400011,-19.408041,145.132977
66.284860,-8.034573,-0.164050,-0.917878,-19.429396,146.819907
67.982712,-11.946265,-0.159590,-0.430069,-19.385510,144.602363
64.480865,-7.525111,-0.040611,-0.679059,-19.491160,150.879390
65.574939,-10.282934,-0.182277,-0.602918,-19.460799,148.516760
67.863184,-13.065033,-0.222664,-0.476673,-19.395910,147.493851
65.923390,-6.856724,-0.116672,-1.048979,-19.444846,148.152791
61.401541,-10.491268,-0.131675,-0.440548,-19.595799,158.332998
67.359322,-8.663670,-0.205457,-0.986747,-19.412249,147.031312
65.994924,-11.921109,-0.215971,-0.527383,-19.457446,149.187080
65.092675,-10.764749,-0.134345,-0.451331,-19.467708,149.033410
67.301186,-9.999940,-0.131744,-0.529230,-19.401927,144.671219
66.212041,-9.158011,-0.143121,-0.669662,-19.446205,148.840063
68.589745,-7.289392,-0.128675,-1.026379,-19.363170,142.715321
67.599470,-11.229104,-0.180044,-0.522699,-19.397264,146.201552
62.520268,-10.605816,-0.187210,-0.545686,-19.565031,155.814697
67.497780,-10.039143,-0.201789,-0.719508,-19.403302,146.034129
71.368172,-13.354786,-0.200058,-0.427702,-19.281657,138.812942
67.877979,-8.223153,-0.154596,-0.862783,-19.382470,142.661336
70.495144,-8.730486,-0.215164,-1.054898,-19.307627,138.819899
66.885423,-8.621425,-0.201523,-0.964609,-19.421590,147.990087
64.980421,-8.737911,-0.163930,-0.763487,-19.480041,149.460932
66.545038,-8.669036,-0.058446,-0.553146,-19.422881,145.730405
67.667522,-8.730093,-0.231696,-1.077090,-19.397638,145.873817
65.984852,-10.733044,-0.134702,-0.464472,-19.449276,148.020299
68.597323,-7.429182,-0.115042,-0.941758,-19.360601,142.445455
66.793560,-10.523116,-0.157892,-0.530027,-19.414889,147.059652
65.537987,-11.248208,-0.187639,-0.514945,-19.459661,149.163128
65.760703,-9.145479,-0.140941,-0.671057,-19.457410,150.205060
66.888414,-10.415377,-0.125629,-0.477690,-19.414992,145.676936
67.387170,-8.775428,-0.169756,-0.813674,-19.403674,145.739910
65.136282,-10.188119,-0.172140,-0.595162,-19.482033,150.972188
67.041995,-9.279636,-0.169241,-0.718150,-19.420303,146.928685
70.330441,-11.132682,-0.201874,-0.607878,-19.308175,139.200195
68.972326,-9.769123,-0.182127,-0.715076,-19.358405,142.909015
65.365196,-9.131242,-0.171680,-0.747168,-19.474714,151.867892
65.515939,-11.012927,-0.155294,-0.471268,-19.461924,149.426478
68.919670,-8.948847,-0.201157,-0.911011,-19.355833,142.335752
65.767010,-10.828801,-0.147547,-0.480125,-19.457559,148.862281
67.343513,-11.809951,-0.209030,-0.533810,-19.400522,145.987943
69.246313,-8.955881,-0.163689,-0.793765,-19.353139,141.699686
67.833712,-9.790952,-0.195699,-0.734553,-19.390647,144.654267
67.193418,-8.291974,-0.210866,-1.085198,-19.417047,146.331669
65.970598,-11.157052,-0.155712,-0.464148,-19.448459,147.588579
63.259223,-10.484016,-0.142490,-0.475749,-19.533533,154.446302
67.236071,-10.582382,-0.117434,-0.452084,-19.399814,144.254448
68.301391,-11.253841,-0.218703,-0.620547,-19.381869,144.486001
66.004732,-6.848568,-0.100466,-0.969581,-19.435708,146.324533
67.339543,-10.991630,-0.197048,-0.581414,-19.407833,145.899969
66.737981,-9.781517,-0.126105,-0.544529,-19.414569,145.884332
68.285178,-9.642471,-0.105975,-0.536342,-19.368920,142.366008
66.253149,-8.920446,-0.129777,-0.658296,-19.439505,146.686235
67.944964,-8.230064,-0.173033,-0.957747,-19.393380,145.254053
67.660377,-8.463619,-0.110116,-0.703252,-19.391477,144.082767
65.559519,-8.461044,-0.103643,-0.654742,-19.458176,147.771729
68.246723,-9.522332,-0.185032,-0.741894,-19.369685,142.947678
68.242368,-9.015921,-0.164993,-0.762964,-19.374224,143.775105
68.653530,-9.759936,-0.226856,-0.870574,-19.370297,144.277331
68.508822,-8.811901,-0.134922,-0.708279,-19.358960,142.659136
65.378994,-11.012291,-0.152026,-0.463067,-19.469440,149.818263
65.497759,-11.490444,-0.143527,-0.412728,-19.461558,148.982277
68.040466,-8.015641,-0.167313,-0.962491,-19.370037,143.691931
68.166246,-13.019696,-0.196756,-0.427362,-19.386840,146.054569
65.296579,-7.017282,-0.051757,-0.816393,-19.462106,148.785422
65.722205,-9.772515,-0.187710,-0.686175,-19.455413,148.712623
67.122064,-13.361226,-0.226815,-0.460678,-19.423380,149.373062
64.301160,-6.917389,-0.143093,-1.108311,-19.496809,151.846051
66.240032,-10.725274,-0.129290,-0.452303,-19.429676,147.833794
66.760591,-8.386489,-0.214635,-1.088831,-19.436906,148.107754
65.854796,-11.698636,-0.191403,-0.493373,-19.458176,148.739105
65.596067,-11.040433,-0.161522,-0.482808,-19.456284,149.131912
67.751954,-11.412381,-0.188960,-0.528242,-19.395621,145.461954
67.777338,-9.749501,-0.124418,-0.561800,-19.394769,144.544931
70.301230,-7.782495,-0.171196,-1.084406,-19.313371,139.185112
68.284214,-10.700687,-0.208284,-0.648007,-19.376195,144.200117
66.416842,-10.679794,-0.152588,-0.507313,-19.436523,147.284922
66.360086,-9.460406,-0.203765,-0.787612,-19.433456,147.483824
71.781017,-13.418381,-0.208437,-0.444357,-19.268390,138.458191
67.629208,-8.785550,-0.213350,-0.976220,-19.398746,144.865379
71.132979,-8.046276,-0.190691,-1.122024,-19.286932,137.352148
66.577373,-9.228471,-0.184301,-0.784738,-19.429447,149.315715
66.307852,-7.971926,-0.163992,-0.944441,-19.441847,148.173503
68.296625,-9.575614,-0.078708,-0.497107,-19.365529,142.197534
66.563733,-8.901261,-0.239885,-1.056409,-19.428318,147.996291
66.160031,-10.973316,-0.151372,-0.468430,-19.442363,146.364287
68.035717,-7.529858,-0.123253,-0.932703,-19.378767,143.389193
66.790701,-10.698608,-0.158880,-0.518109,-19.409184,146.240105
66.099328,-10.611799,-0.155024,-0.509672,-19.435787,147.668836
64.261578,-9.617964,-0.127578,-0.568236,-19.507596,155.569436
69.060051,-10.694641,-0.121624,-0.457785,-19.342111,140.113555
66.825656,-8.179749,-0.147269,-0.863331,-19.427105,148.035243
67.389598,-10.382722,-0.148178,-0.540013,-19.409974,146.062319
67.223947,-9.036676,-0.202117,-0.872100,-19.410842,145.797317
67.244478,-9.502972,-0.142599,-0.601468,-19.390234,144.063214
68.499332,-10.647921,-0.212830,-0.679924,-19.378230,144.501719
64.130932,-8.139726,-0.135986,-0.808301,-19.509322,153.781771
67.985595,-11.108495,-0.169914,-0.520031,-19.389831,145.957148
67.903027,-8.632216,-0.181778,-0.893942,-19.387382,144.376607
65.199845,-10.794102,-0.156962,-0.499875,-19.474397,150.809559
69.135672,-12.628057,-0.207612,-0.480504,-19.344468,143.009445
67.112173,-8.683756,-0.149784,-0.761436,-19.408133,146.287225
66.052390,-9.487480,-0.164473,-0.664743,-19.447221,148.817718
66.095563,-8.267875,-0.225759,-1.144372,-19.454160,148.909024
66.672047,-11.385418,-0.147902,-0.431866,-19.428221,145.753197
65.869477,-9.606501,-0.087279,-0.479681,-19.447106,148.080555
66.185835,-9.947408,-0.123369,-0.508570,-19.433734,147.002139
69.464161,-11.515397,-0.225927,-0.626096,-19.343234,141.672649
65.752393,-7.183046,-0.120821,-0.961569,-19.449175,147.822299
67.580545,-9.065835,-0.163097,-0.742510,-19.393714,145.294670
67.667230,-9.200934,-0.117968,-0.590424,-19.382045,143.279539
68.878213,-9.645221,-0.101484,-0.521129,-19.346399,140.327466
66.073940,-8.178083,-0.074612,-0.637298,-19.436922,145.728813
66.973091,-8.346519,-0.195482,-1.004158,-19.424296,147.783475
66.855029,-8.754013,-0.144417,-0.739965,-19.424468,146.772707
65.705963,-9.065294,-0.150658,-0.680197,-19.456022,148.331134
66.119246,-9.238987,-0.196279,-0.793577,-19.441379,147.400564
68.948928,-8.596232,-0.176163,-0.880506,-19.353013,142.009429
68.286008,-9.164672,-0.218452,-0.938535,-19.379378,145.275781
67.966230,-10.365500,-0.141215,-0.529019,-19.379722,145.058113
66.137886,-10.590673,-0.145786,-0.498380,-19.438489,146.883726
67.139316,-12.197990,-0.145966,-0.376378,-19.399693,145.462386
68.195764,-8.550825,-0.187107,-0.929632,-19.371739,143.712040
67.891060,-12.685386,-0.185776,-0.426028,-19.392838,146.225068
65.147299,-6.921945,-0.044979,-0.808427,-19.466710,148.919416
64.828840,-10.847345,-0.179440,-0.526608,-19.484400,150.006291
66.061435,-12.769847,-0.211680,-0.461598,-19.453003,150.429288
64.010837,-6.734517,-0.097206,-0.980294,-19.498792,151.641555
69.129615,-10.411027,-0.178330,-0.619789,-19.349828,143.221135
66.350087,-8.216832,-0.214460,-1.117530,-19.449493,148.826641
65.649602,-11.562782,-0.184353,-0.483910,-19.463826,148.845283
64.396436,-11.710032,-0.176744,-0.441907,-19.501352,151.508323
64.877766,-10.905308,-0.201486,-0.580967,-19.483028,151.447198
69.187327,-9.096101,-0.094333,-0.591022,-19.349647,141.235130
69.804404,-7.980397,-0.198237,-1.152906,-19.331189,140.540046
65.718536,-10.246541,-0.192931,-0.650768,-19.459164,150.259909
64.805021,-10.335932,-0.212102,-0.677792,-19.495906,152.363303
67.309452,-10.352011,-0.173187,-0.594282,-19.407264,145.958709
72.621425,-13.616993,-0.215088,-0.448947,-19.246685,136.699985
66.321140,-8.758642,-0.222048,-0.990534,-19.437971,146.413997
71.146045,-8.107676,-0.207675,-1.189675,-19.289899,137.591863
68.258090,-10.370979,-0.199104,-0.682590,-19.379526,146.135763
65.671431,-8.450851,-0.153284,-0.780860,-19.458272,145.687637
68.571369,-9.236860,-0.016851,-0.428048,-19.344687,140.594014
69.230541,-8.869200,-0.250197,-1.164868,-19.341560,142.693180
67.775131,-10.094881,-0.145135,-0.562615,-19.389322,144.851789
69.890988,-9.044482,-0.145915,-0.718548,-19.317902,139.386439
65.842992,-10.934999,-0.166540,-0.508393,-19.450535,148.689286
67.770418,-10.579889,-0.157708,-0.539741,-19.387607,143.880353
66.524545,-9.679727,-0.120015,-0.552239,-19.426376,147.801010
70.778499,-10.814618,-0.140304,-0.502719,-19.299317,137.942743
69.131854,-8.473105,-0.146805,-0.839267,-19.351017,142.851053
65.731842,-11.496289,-0.193290,-0.509997,-19.468326,148.940414
66.340591,-8.924606,-0.237294,-1.024114,-19.439522,146.995805
68.990811,-9.578578,-0.156394,-0.661313,-19.349787,142.051070
69.266706,-10.855708,-0.188857,-0.589117,-19.351470,142.413393
68.371575,-7.771009,-0.134964,-0.910750,-19.368286,142.482103
68.582460,-10.147491,-0.132977,-0.550893,-19.373164,144.123104
65.815262,-8.623485,-0.196967,-0.908506,-19.455834,148.803529
66.233719,-11.668851,-0.175652,-0.470751,-19.444371,149.310906
68.379874,-12.511982,-0.195079,-0.458075,-19.371103,144.913768
67.412346,-7.805046,-0.106353,-0.804914,-19.394925,145.086215
63.416612,-8.845867,-0.144626,-0.672614,-19.530546,154.354215
65.593820,-8.394576,-0.230372,-1.122450,-19.466534,149.542494
67.202526,-11.408910,-0.156841,-0.454193,-19.412430,145.490889
66.145727,-10.522357,-0.145439,-0.493867,-19.441929,147.045473
67.227969,-8.715498,-0.150848,-0.764509,-19.409361,146.315295
70.131852,-11.110664,-0.219656,-0.652885,-19.319270,138.935236
67.597628,-7.510594,-0.153827,-1.024279,-19.392320,144.120078
64.287517,-8.897055,-0.193311,-0.831745,-19.504725,153.864869
64.840633,-9.323633,-0.157027,-0.636016,-19.471746,149.941733
69.082724,-11.225895,-0.123388,-0.422958,-19.344837,141.830647
66.859376,-8.199624,-0.091016,-0.669310,-19.410597,144.026948
64.854855,-9.051649,-0.180455,-0.778720,-19.488607,152.444474
66.720065,-9.562156,-0.162148,-0.660104,-19.426696,147.281610
67.664432,-7.791986,-0.110820,-0.818900,-19.392241,143.269163
66.044166,-8.753474,-0.206883,-0.926937,-19.446905,148.515762
67.708386,-9.193580,-0.170063,-0.749210,-19.389422,145.038130
70.948791,-9.058146,-0.213119,-0.973770,-19.294078,139.212900
67.255494,-9.583513,-0.152607,-0.649148,-19.413244,147.258443
66.622456,-10.908463,-0.162700,-0.502729,-19.424150,145.819703
67.663871,-12.004631,-0.120789,-0.353447,-19.376035,144.389898
68.266034,-8.098449,-0.163650,-0.937770,-19.369368,142.686722
66.497770,-12.068299,-0.167779,-0.421771,-19.436546,147.598229
65.721749,-7.287459,-0.068537,-0.792864,-19.447616,148.016179
65.586435,-11.401688,-0.164195,-0.455694,-19.463891,149.282310
66.086068,-13.651486,-0.247325,-0.468500,-19.455019,150.413285
64.736494,-6.632064,-0.066663,-0.955573,-19.478583,151.082780
68.155976,-11.260952,-0.199798,-0.571617,-19.381372,145.310392
65.261900,-8.229250,-0.218593,-1.119837,-19.485930,151.517134
65.287902,-10.794441,-0.180632,-0.553362,-19.476661,149.822447
66.840003,-11.633964,-0.175923,-0.473052,-19.423028,147.162863
65.970256,-10.922195,-0.187173,-0.547462,-19.449902,148.524977
66.716434,-10.080634,-0.116201,-0.496699,-19.419746,146.750577
69.963371,-7.773631,-0.187467,-1.157963,-19.328411,139.823787
66.761246,-10.472181,-0.204413,-0.668213,-19.428939,149.043263
64.755613,-10.363234,-0.223456,-0.699573,-19.494036,152.233801
68.267287,-11.141415,-0.159250,-0.497000,-19.376047,144.506751
70.802604,-12.929278,-0.171222,-0.396369,-19.292403,139.568595
68.253296,-9.104744,-0.225131,-0.979952,-19.378096,144.281138
69.872863,-7.980122,-0.199224,-1.165393,-19.329097,140.313516
66.644004,-10.580708,-0.223009,-0.715238,-19.435938,150.756226
67.670630,-8.872649,-0.178030,-0.827061,-19.396107,143.293972
67.526399,-10.634716,-0.093494,-0.418083,-19.387696,143.861510
68.792083,-8.717177,-0.241623,-1.151231,-19.356423,143.191776
70.084658,-9.922358,-0.128551,-0.560153,-19.312499,139.378429
67.719077,-8.559650,-0.149716,-0.785047,-19.383802,142.796398
65.870289,-10.955617,-0.140517,-0.452575,-19.441686,148.745974
68.656613,-10.467532,-0.172585,-0.588159,-19.359572,142.152313
67.525911,-10.224165,-0.102331,-0.478694,-19.395039,147.358906
66.322374,-11.198629,-0.164397,-0.479169,-19.433830,147.299079
67.479589,-8.777494,-0.144298,-0.752607,-19.403244,146.092511
67.762586,-10.468935,-0.196609,-0.643282,-19.400761,144.799701
66.695004,-9.191245,-0.226228,-0.931726,-19.427978,146.985655
69.172136,-9.677749,-0.192891,-0.755587,-19.344814,142.719880
71.467817,-11.332452,-0.197103,-0.575526,-19.276824,137.067544
67.902647,-8.206098,-0.162370,-0.912661,-19.386218,143.852011
68.536869,-9.673655,-0.100019,-0.533181,-19.369671,143.830759
70.141974,-8.092769,-0.201724,-1.136284,-19.322149,139.865119
66.556236,-11.768701,-0.177344,-0.466744,-19.435231,148.900541
66.642153,-11.154939,-0.150754,-0.460549,-19.416742,147.330320
65.910252,-7.838098,-0.106434,-0.781337,-19.442306,147.434433
65.763393,-9.466251,-0.175996,-0.695680,-19.454554,148.619015
65.764579,-8.016525,-0.208537,-1.088147,-19.448122,147.666386
66.379166,-10.999694,-0.151809,-0.464922,-19.435369,146.136405
68.406609,-9.686607,-0.137051,-0.582369,-19.354167,140.358939
69.224240,-8.360929,-0.163506,-0.919362,-19.346320,143.065712
67.427174,-9.975171,-0.198043,-0.702301,-19.403746,145.597102
67.427846,-7.832648,-0.177563,-1.042630,-19.400698,145.139652
65.861165,-10.653680,-0.194890,-0.603753,-19.455554,150.112228
67.515449,-9.119679,-0.120109,-0.629992,-19.396673,144.531426
69.178282,-12.098780,-0.145074,-0.399434,-19.343748,142.872467
70.269532,-8.293592,-0.098716,-0.717925,-19.302631,137.931892
65.856253,-9.500299,-0.220975,-0.847839,-19.457290,150.616645
67.552039,-10.060805,-0.164128,-0.609423,-19.401713,144.871399
68.028991,-7.531785,-0.132436,-0.962797,-19.384499,143.223341
68.864885,-8.736263,-0.212168,-1.001027,-19.353157,141.915103
67.428897,-9.766124,-0.191926,-0.722326,-19.401342,146.751487
70.931824,-8.831295,-0.181517,-0.889000,-19.287405,138.710111
67.840073,-10.499401,-0.173572,-0.587756,-19.397713,146.048589
68.475667,-10.867055,-0.135165,-0.461411,-19.359050,141.961279
67.861805,-12.165505,-0.138407,-0.372110,-19.376975,144.687877
67.955539,-7.991780,-0.166661,-0.958478,-19.379433,143.199652
66.011839,-12.148999,-0.160103,-0.403260,-19.447883,148.545995
64.431979,-6.914274,-0.046445,-0.801733,-19.486113,150.772769
67.572727,-11.788020,-0.156628,-0.426260,-19.397357,144.475121
66.212359,-13.279488,-0.235457,-0.472721,-19.449759,149.782803
65.702714,-6.949845,-0.098006,-0.972482,-19.448590,148.637279
68.248544,-11.507386,-0.212280,-0.579591,-19.378106,145.422339
64.841801,-8.567665,-0.231512,-1.081179,-19.502432,152.086157
67.847666,-9.721787,-0.164001,-0.644179,-19.390151,143.792462
63.998990,-9.788123,-0.098226,-0.460070,-19.503710,151.123351
68.484091,-10.358070,-0.170064,-0.610939,-19.367683,144.090151
67.161245,-9.236623,-0.162980,-0.704317,-19.408907,144.626332
70.421364,-7.728906,-0.177681,-1.118028,-19.307960,138.299697
67.406433,-9.957652,-0.194901,-0.709206,-19.406207,147.017116
66.035340,-10.162841,-0.176848,-0.615135,-19.447635,148.892696
68.136446,-11.306273,-0.160973,-0.474111,-19.377098,143.724115
68.522293,-12.060939,-0.154118,-0.414288,-19.362082,143.706883
66.604196,-9.379564,-0.222330,-0.883397,-19.429364,147.618233
70.218288,-8.053850,-0.217616,-1.230756,-19.318457,139.586196
67.061560,-9.578117,-0.203200,-0.786323,-19.421422,147.168338
70.294505,-8.999129,-0.167296,-0.823806,-19.322613,140.925315
68.152228,-9.457066,-0.060402,-0.479959,-19.366182,142.779700
68.273451,-8.809777,-0.239419,-1.105563,-19.375915,144.252870
70.013277,-11.131835,-0.160914,-0.507819,-19.320033,141.161654
68.018777,-8.568509,-0.140080,-0.732515,-19.371483,141.625760
65.506774,-10.113857,-0.142488,-0.526892,-19.454921,148.631711
67.667857,-9.634166,-0.154090,-0.629796,-19.387621,143.985070
67.244951,-10.793128,-0.126154,-0.458334,-19.403761,146.057679
66.879518,-12.024153,-0.176371,-0.439630,-19.420008,145.908205
66.456428,-8.309870,-0.125338,-0.793827,-19.446808,150.593040
68.282605,-11.245044,-0.194495,-0.553840,-19.380924,143.879795
67.078057,-9.768039,-0.235028,-0.860198,-19.412394,146.026622
69.706495,-9.857509,-0.210491,-0.797936,-19.328105,142.376885
69.309876,-10.459365,-0.185594,-0.627518,-19.343488,140.963603
73.151985,-9.706191,-0.125638,-0.601790,-19.215892,133.701358
67.293453,-9.115963,-0.106719,-0.585834,-19.395910,144.527514
70.911347,-7.899938,-0.173128,-1.064911,-19.295209,138.337389
66.629682,-11.235607,-0.169073,-0.503732,-19.433753,148.715861
66.869429,-11.396715,-0.157699,-0.452185,-19.412954,146.066542
65.672425,-7.260545,-0.091826,-0.860707,-19.447642,147.899805
67.964176,-8.718308,-0.182311,-0.879948,-19.385835,144.115004
65.407489,-7.107999,-0.147977,-1.075885,-19.460033,148.138916
65.434149,-11.396020,-0.146524,-0.429633,-19.461609,149.997672
67.681697,-11.123712,-0.166629,-0.488647,-19.382542,143.099772
69.515619,-9.057330,-0.196387,-0.896577,-19.341110,142.943156
67.393726,-8.983967,-0.169418,-0.772218,-19.400915,144.923591
66.716650,-7.926159,-0.182715,-1.040056,-19.425644,146.372184
66.402232,-10.072253,-0.185469,-0.648977,-19.431743,148.346304
67.545130,-8.707306,-0.093971,-0.627135,-19.394210,143.749799
66.659160,-11.640720,-0.199273,-0.518477,-19.431295,149.811614
70.411370,-8.947303,-0.137000,-0.709266,-19.301417,138.570745
67.386709,-9.789569,-0.219826,-0.816858,-19.406459,147.296094
68.764820,-9.234610,-0.149535,-0.692330,-19.359254,142.532730
68.068487,-7.440153,-0.127524,-0.971532,-19.384213,143.604515
70.621102,-9.345790,-0.230346,-0.964283,-19.302352,138.418699
69.869268,-8.902343,-0.150342,-0.755066,-19.319889,140.888154
68.590303,-8.482395,-0.163400,-0.865625,-19.363901,144.035066
66.960878,-10.046208,-0.172738,-0.623312,-19.423136,146.017613
66.022435,-9.197696,-0.119403,-0.578744,-19.433284,145.902076
66.818165,-12.209326,-0.152387,-0.389279,-19.415259,146.865585
67.251733,-7.714709,-0.154542,-0.973613,-19.401136,144.545441
66.154061,-12.289192,-0.182258,-0.429750,-19.446614,148.788641
65.528975,-7.170807,-0.039445,-0.744462,-19.450339,148.558145
67.831360,-10.585521,-0.122412,-0.472644,-19.387048,144.759907
67.983809,-12.895146,-0.195102,-0.427846,-19.390450,145.855522
65.181030,-6.609460,-0.079214,-0.986667,-19.466861,150.205069
67.519514,-10.939201,-0.208813,-0.623860,-19.401460,146.258342
66.608800,-9.215163,-0.234071,-0.969231,-19.437637,147.302656
67.135109,-9.191245,-0.155147,-0.683122,-19.413704,144.728378
65.261354,-9.940619,-0.110575,-0.483444,-19.462663,148.521187
68.333537,-10.966417,-0.194803,-0.594542,-19.376350,144.877091
67.315143,-10.406342,-0.165489,-0.564557,-19.405271,144.613598
68.779138,-7.429501,-0.163231,-1.114950,-19.361890,141.853966
66.749953,-10.249317,-0.198120,-0.675969,-19.428187,149.172957
65.945116,-9.476329,-0.126545,-0.579131,-19.444199,148.184683
66.702930,-10.735772,-0.146767,-0.494029,-19.423880,146.913849
67.836956,-11.625270,-0.141964,-0.413528,-19.382805,144.125179
65.052673,-9.076573,-0.188176,-0.792192,-19.469243,151.193187
72.500347,-7.039766,-0.172089,-1.336860,-19.246544,132.738866
67.156997,-9.926648,-0.196519,-0.715176,-19.415215,146.569822
68.232208,-9.161769,-0.204415,-0.870917,-19.383280,143.860823
67.966611,-9.909629,-0.103064,-0.495329,-19.374401,142.948159
67.859170,-8.379836,-0.226532,-1.148934,-19.386767,144.717425
69.496712,-10.587798,-0.151483,-0.538349,-19.333382,141.522676
65.693585,-9.994831,-0.204338,-0.698708,-19.462830,148.536277
68.027582,-10.222910,-0.148848,-0.545131,-19.370054,142.345490
69.077699,-8.780231,-0.191873,-0.911116,-19.347709,142.688697
66.726050,-10.476593,-0.130151,-0.484872,-19.418094,147.119123
67.188859,-11.986509,-0.170119,-0.431635,-19.409920,145.058741
67.512621,-7.912844,-0.154976,-0.965886,-19.406540,146.141380
67.462065,-11.161028,-0.206495,-0.593533,-19.407079,145.947625
69.452569,-9.274129,-0.217656,-0.929947,-19.339244,141.941164
71.241643,-9.363662,-0.200443,-0.868258,-19.282070,139.521105
70.351144,-11.307474,-0.200763,-0.581271,-19.314185,139.710177
70.290776,-9.319521,-0.200092,-0.840433,-19.310696,138.952724
67.340833,-9.421657,-0.112939,-0.562848,-19.396108,144.885612
70.199276,-8.539677,-0.201993,-1.030040,-19.319657,140.046011
66.946638,-10.623345,-0.172376,-0.573001,-19.422996,148.440141
67.294463,-11.273004,-0.170245,-0.489261,-19.399232,145.349536
65.871209,-7.540565,-0.088207,-0.794911,-19.441109,147.418360
68.327573,-9.036781,-0.218679,-0.949722,-19.381084,142.601658
66.348635,-7.148504,-0.156381,-1.118234,-19.431093,146.226165
64.849008,-11.170220,-0.116254,-0.394428,-19.475443,150.713177
67.212043,-9.485833,-0.159204,-0.650599,-19.398202,144.414020
69.112031,-8.929069,-0.220068,-0.993440,-19.353092,143.443098
67.391304,-9.034523,-0.205727,-0.891748,-19.402914,145.583017
63.713429,-7.491896,-0.142498,-0.931713,-19.515126,152.309900
66.976410,-10.196145,-0.176838,-0.612646,-19.409279,146.182903
68.530838,-8.390557,-0.095469,-0.695381,-19.365106,142.570986
65.549453,-11.515195,-0.187670,-0.501267,-19.467039,151.711089
69.478644,-8.531598,-0.132141,-0.764159,-19.331300,140.815725
67.133483,-9.840645,-0.214939,-0.792782,-19.419452,147.381579
68.951432,-8.609462,-0.134211,-0.752253,-19.350118,141.834728
68.659429,-6.838755,-0.085913,-1.000183,-19.355765,140.801139
68.491733,-9.415378,-0.205678,-0.834380,-19.368870,143.220952
68.449343,-9.196012,-0.169666,-0.759543,-19.368077,143.331028
66.595341,-8.763723,-0.129618,-0.670787,-19.413449,145.506213
67.592907,-10.113768,-0.173185,-0.634488,-19.402037,146.100798
66.229779,-10.511014,-0.129250,-0.465458,-19.431483,146.521949
66.922664,-12.240311,-0.168674,-0.417820,-19.415207,146.301265
67.381085,-9.150227,-0.192252,-0.801556,-19.397183,144.582297
65.483353,-12.026402,-0.202111,-0.487743,-19.476502,150.618142
66.108378,-7.782653,-0.088750,-0.761300,-19.442625,148.901002
69.398275,-9.750580,-0.052488,-0.449512,-19.337177,140.675394
68.061809,-12.677057,-0.184953,-0.426817,-19.385027,145.849837
66.337277,-6.687776,-0.086651,-1.004347,-19.430238,146.928389
68.526174,-9.879418,-0.176739,-0.676070,-19.360785,142.993399
66.999934,-9.313838,-0.235833,-0.959553,-19.422936,146.353863
69.391314,-9.613867,-0.166530,-0.701464,-19.346160,140.513639
63.332570,-11.090277,-0.127426,-0.399631,-19.526750,153.855434
66.927785,-10.592984,-0.191729,-0.607777,-19.419303,147.375728
66.029143,-10.373199,-0.117015,-0.461336,-19.437885,146.860455
67.097619,-7.465029,-0.162346,-1.083192,-19.416587,145.638022
67.277730,-10.999590,-0.210134,-0.624156,-19.409560,149.174654
65.319995,-10.840273,-0.107849,-0.396238,-19.462065,148.153711
68.103511,-9.873859,-0.120189,-0.538977,-19.380149,144.429385
67.309815,-11.754702,-0.150871,-0.415958,-19.401801,145.165675
68.050632,-8.564679,-0.183025,-0.918200,-19.377922,144.640330
68.680750,-7.241269,-0.153002,-1.130670,-19.361001,141.310480
66.591705,-9.426261,-0.174417,-0.712297,-19.431429,148.069367
68.891426,-8.897004,-0.193959,-0.894973,-19.360497,142.813438
65.610457,-10.580558,-0.096670,-0.407402,-19.449895,148.080341
67.726406,-8.124937,-0.222023,-1.187146,-19.388020,145.223048
71.090018,-9.666430,-0.191533,-0.789747,-19.292646,139.220831
66.293124,-10.565998,-0.224004,-0.693577,-19.448497,147.624292
66.660446,-10.546273,-0.148689,-0.511956,-19.418091,146.806983
71.377094,-9.544304,-0.232027,-0.965840,-19.280679,138.147715
67.726564,-10.263362,-0.102098,-0.464624,-19.385214,145.477054
67.021097,-12.073292,-0.165135,-0.416842,-19.414931,145.185390
67.480932,-7.863039,-0.164200,-0.993601,-19.402458,145.854210
65.394737,-10.847770,-0.187195,-0.553777,-19.474818,150.133626
67.886217,-8.851398,-0.199738,-0.919108,-19.386928,144.931217
71.421249,-8.362684,-0.201900,-1.067160,-19.272297,137.613933
70.719598,-11.442374,-0.180256,-0.527856,-19.299144,138.958682
69.580490,-9.441970,-0.184536,-0.761183,-19.329314,139.787306
69.830591,-7.741493,-0.129319,-0.918684,-19.315618,137.710372
68.948024,-7.958483,-0.187194,-1.091242,-19.358235,141.687681
65.774041,-10.856263,-0.163679,-0.514457,-19.460442,150.906171
66.069360,-11.729498,-0.205736,-0.515542,-19.447701,148.720600
65.727726,-7.650249,-0.084196,-0.744694,-19.444158,147.705674
68.176971,-9.026180,-0.224160,-0.975797,-19.383355,143.657667
67.572375,-7.250967,-0.157873,-1.122666,-19.381512,144.850183
65.660837,-11.051628,-0.114253,-0.403936,-19.448691,148.567441
68.637204,-8.900986,-0.149159,-0.721101,-19.357689,140.285017
68.519711,-8.844862,-0.208306,-0.961184,-19.374755,144.303140
67.627399,-9.127270,-0.218618,-0.924364,-19.398197,145.869435
65.691783,-7.788893,-0.161800,-0.961885,-19.452090,148.502824
66.775579,-9.457523,-0.106044,-0.540608,-19.414667,146.253815
68.379785,-8.073946,-0.085251,-0.705313,-19.363305,142.063519
66.883048,-10.441689,-0.165446,-0.561460,-19.418334,147.527968
69.670957,-9.106767,-0.125092,-0.650846,-19.324845,140.304338
64.933413,-10.439066,-0.225537,-0.708401,-19.489576,151.872305
71.477893,-9.377995,-0.144833,-0.687415,-19.273534,136.989999
67.980989,-7.196590,-0.140640,-1.077378,-19.381846,142.784927
69.889940,-8.782787,-0.194006,-0.928304,-19.320256,140.000049
66.335806,-8.712246,-0.111802,-0.644238,-19.425624,147.003878
66.918899,-9.453924,-0.169174,-0.678949,-19.403483,144.650088
66.886651,-10.110383,-0.186852,-0.658162,-19.425168,147.223527
66.086154,-11.421275,-0.165247,-0.455612,-19.439175,147.537347
66.596043,-12.340752,-0.143155,-0.356978,-19.419973,145.495854
66.399325,-8.622635,-0.183952,-0.861331,-19.432435,146.714935
66.717087,-11.305776,-0.185619,-0.525614,-19.431183,147.773637
66.391165,-8.047577,-0.103367,-0.758253,-19.430617,148.216679
68.835399,-9.569265,-0.050176,-0.456110,-19.352704,141.701229
68.661970,-13.200526,-0.194693,-0.416281,-19.370023,145.561630
66.591061,-6.811616,-0.100753,-1.030358,-19.425421,146.459518
68.639304,-10.574759,-0.184113,-0.613726,-19.363907,144.236495
67.337144,-9.061119,-0.217590,-0.930742,-19.408203,145.622048
67.581840,-9.293493,-0.201709,-0.824809,-19.396091,145.206041
64.650313,-10.492856,-0.109473,-0.430564,-19.485132,150.039368
69.581390,-10.451671,-0.197318,-0.665679,-19.332769,141.889280
66.018717,-9.720171,-0.170527,-0.636285,-19.445626,147.126484
66.732201,-7.192733,-0.150485,-1.112161,-19.431036,146.543357
68.302160,-11.205134,-0.205991,-0.604359,-19.379188,147.244328
66.926223,-11.312965,-0.126100,-0.411282,-19.414279,145.866441
63.946601,-9.348041,-0.115901,-0.555234,-19.522331,153.852179
67.141552,-10.657171,-0.129706,-0.479809,-19.404504,146.798804
69.193145,-8.897489,-0.187833,-0.883493,-19.337527,143.234538
68.401685,-7.306547,-0.157347,-1.117345,-19.367888,142.076581
67.876966,-8.678200,-0.160673,-0.807010,-19.389990,144.664627
69.532015,-8.152568,-0.141046,-0.875304,-19.338711,140.739987
68.121864,-9.552286,-0.014837,-0.411424,-19.371552,142.058940
67.403089,-8.116778,-0.217948,-1.166405,-19.400733,145.822885
68.563776,-8.911263,-0.193573,-0.866440,-19.359769,142.272473
65.985319,-10.354598,-0.217792,-0.702912,-19.453326,148.298479
66.428280,-11.128739,-0.152697,-0.460288,-19.429480,147.755775
69.769142,-9.799799,-0.242297,-0.937601,-19.336840,141.809974
66.461794,-9.382064,-0.079678,-0.509970,-19.428061,148.112856
67.726280,-11.960817,-0.175238,-0.446551,-19.397100,143.666841
65.916032,-7.943671,-0.149890,-0.913678,-19.452132,149.372469
65.942840,-10.904136,-0.179481,-0.538419,-19.454859,149.336116
66.951050,-8.793665,-0.201647,-0.920629,-19.416127,147.161150
68.653102,-9.245101,-0.162812,-0.724195,-19.353862,141.709300
69.755322,-10.775174,-0.143792,-0.508299,-19.327961,141.120175
69.699164,-9.963496,-0.200411,-0.741168,-19.326503,140.826802
68.842950,-7.469590,-0.135655,-0.989121,-19.351975,141.100686
68.784000,-8.231158,-0.185436,-1.018734,-19.368414,142.938557
67.428777,-10.727794,-0.135613,-0.498438,-19.409045,148.624680
66.319177,-11.597281,-0.205222,-0.535682,-19.437682,148.294869
65.818154,-7.675092,-0.091458,-0.763442,-19.441267,147.740083
66.350011,-8.537011,-0.216742,-1.045975,-19.443842,148.931104
67.609840,-7.453571,-0.168326,-1.128633,-19.390383,145.917627
66.221958,-11.251029,-0.107970,-0.384717,-19.431374,147.142184
67.184850,-8.792048,-0.139054,-0.675563,-19.396238,141.954573
70.025626,-9.166989,-0.211745,-0.937167,-19.326548,140.775886
66.243576,-9.405525,-0.213764,-0.839618,-19.436751,148.843524
67.563046,-8.055535,-0.174927,-0.977840,-19.390215,145.630727
66.983260,-9.699924,-0.112008,-0.527412,-19.411685,146.294659
68.751181,-8.133121,-0.085443,-0.692161,-19.348988,140.791678
67.698351,-9.417828,-0.133532,-0.607419,-19.385802,143.995380
67.974587,-8.770551,-0.118621,-0.674263,-19.376541,143.421548
69.393999,-11.872457,-0.175909,-0.481043,-19.349469,144.025786
67.376617,-8.436241,-0.152069,-0.809526,-19.399057,144.497884
68.221816,-7.046017,-0.165798,-1.227133,-19.373955,141.640323
70.105003,-9.294675,-0.222862,-0.935412,-19.315433,139.468721
64.378549,-7.675888,-0.147658,-0.915655,-19.496410,150.461825
66.780748,-9.685596,-0.177364,-0.656832,-19.413420,144.177267
65.614270,-8.872532,-0.184190,-0.818512,-19.456400,149.043068
69.389792,-10.607295,-0.165051,-0.575106,-19.343440,142.972123
67.555793,-12.949526,-0.168607,-0.370782,-19.395022,144.684386
66.654135,-7.479262,-0.122902,-0.928974,-19.424307,146.632976
67.147951,-10.283227,-0.152641,-0.560247,-19.418495,146.695338
67.783995,-9.328626,-0.116747,-0.596415,-19.389020,145.396306
